0 1438
0 845
0 539
0 1004
1 1006
1 238
1 239
1 3
1 540
2 1171
2 1440
2 398
2 1439
2 542
2 682
2 1590
2 1173
3 1006
3 1174
3 238
3 396
3 240
3 1593
4 243
4 241
5 6
5 543
6 1176
7 1177
7 1309
7 1175
8 546
8 849
8 684
8 248
9 251
9 1443
9 1312
9 545
9 850
9 683
9 1445
9 1008
10 686
10 687
10 1178
10 1742
10 246
11 1874
11 1315
11 1444
11 1182
11 402
11 547
11 686
12 1185
12 867
12 15
13 1014
13 257
13 856
13 1183
13 1447
13 1603
13 551
13 1184
14 17
15 1185
15 1016
16 419
16 690
17 258
17 257
18 19
18 848
18 1594
18 1322
18 859
18 1883
18 1023
18 1022
19 1990
19 244
19 1023
19 859
19 1594
19 21
20 404
20 261
21 559
21 1990
21 405
21 859
21 860
22 26
22 695
22 561
23 558
23 698
23 694
23 25
24 422
24 698
24 573
24 47
24 406
25 694
25 696
25 26
26 561
26 695
27 1323
27 1610
27 699
27 411
28 1884
28 1189
28 1191
28 410
28 701
28 1188
28 861
28 1452
28 1451
29 704
29 30
30 704
30 703
30 1453
30 863
31 865
31 1454
31 864
31 1612
31 562
31 705
32 1203
32 58
32 1456
33 868
33 413
34 1613
34 1028
34 706
34 564
34 866
34 1458
35 869
35 870
35 1327
35 1029
36 890
36 65
36 1207
36 722
36 1469
36 1895
36 1614
37 565
37 38
37 1034
38 1034
38 41
38 565
38 1329
39 1457
39 874
39 871
39 267
39 1194
39 1616
39 708
40 268
40 872
40 873
40 417
40 566
40 1033
40 1328
41 413
41 1329
41 871
41 563
41 867
41 868
41 1616
42 287
42 898
42 1631
42 1035
43 878
43 709
44 271
44 270
44 710
44 876
44 875
44 1331
45 904
45 1039
45 1621
46 1756
46 902
46 1197
46 572
47 573
47 406
47 422
47 1042
47 698
48 1333
48 281
48 277
48 574
48 49
48 50
49 1335
49 711
49 278
49 1333
49 281
49 1041
49 1040
49 882
49 50
49 712
50 1041
50 281
50 574
50 277
50 279
50 280
50 711
50 712
50 1040
51 1463
51 305
51 575
51 279
51 1647
51 304
51 301
51 1996
52 424
52 713
52 275
52 579
53 714
53 58
53 425
53 1750
53 700
53 862
53 262
53 283
53 1760
54 715
54 1045
54 1757
54 422
54 423
55 1043
55 1201
55 57
55 282
56 884
56 883
56 278
57 884
57 1043
57 1046
58 1759
58 700
58 1750
59 719
59 1202
59 718
59 1466
59 64
59 888
59 886
60 891
60 1468
60 1764
60 1049
60 430
60 888
61 1467
61 1202
61 2002
61 719
61 63
61 62
62 1202
62 284
62 1467
62 2002
62 1227
62 63
63 889
63 1490
63 1467
63 1227
64 718
64 1202
64 720
64 1999
65 429
65 864
65 890
65 722
65 1047
65 1207
66 1208
66 67
66 1339
67 1470
67 68
68 1470
68 1206
69 112
69 1356
69 583
69 1628
69 1228
69 312
70 894
70 76
70 440
71 72
71 724
71 893
71 585
71 584
71 436
72 725
72 73
72 1209
72 585
72 435
72 438
73 438
73 435
73 434
73 286
73 1209
74 439
74 725
74 726
74 77
75 436
75 1210
75 434
75 1052
75 285
76 1053
76 725
76 585
76 437
76 435
77 459
77 286
77 439
77 1908
78 895
78 290
78 1055
79 1212
79 1211
79 1632
79 728
79 1772
79 586
79 288
79 897
80 752
80 729
80 289
80 315
80 1768
80 1771
80 118
80 1056
80 1094
81 118
81 315
81 83
81 289
81 1093
82 1057
82 727
82 441
82 730
82 1769
82 1343
83 1344
83 1767
83 1212
83 1770
83 896
83 1054
83 289
84 1994
84 1636
84 589
84 590
84 881
84 1062
85 294
85 297
85 1476
85 1773
85 733
85 1639
86 1066
86 900
86 2004
87 902
87 592
87 1479
87 572
88 901
88 904
88 905
88 1215
89 736
89 1348
89 1642
89 1067
89 907
90 1217
90 1068
90 737
90 300
90 299
90 1218
90 1347
91 1914
91 299
91 615
91 1218
91 1508
91 468
91 1481
91 1239
91 446
92 736
92 1217
92 2006
92 1483
92 1913
92 300
92 1069
93 1645
93 103
93 912
93 1486
93 739
93 308
94 1349
94 1643
94 908
94 307
94 1073
94 1350
95 302
95 738
95 1646
95 739
95 1349
96 1072
96 447
96 276
96 595
96 306
97 1224
97 598
97 1782
97 1075
97 1784
98 1077
98 451
98 1487
99 449
99 1917
99 1351
99 1653
99 911
100 1783
100 596
100 1076
100 1651
100 740
100 910
100 309
101 111
101 597
101 102
101 1353
101 1488
101 1225
102 471
102 111
102 1225
102 1491
102 1809
102 1807
102 597
103 308
103 912
103 1224
103 911
104 1484
104 1352
104 450
104 1249
104 1649
105 744
105 1354
105 1919
105 310
105 106
106 310
106 914
106 1354
106 453
106 1919
107 744
107 1079
107 1078
107 1081
108 1489
108 600
108 742
108 311
108 109
109 915
109 743
109 600
109 110
110 1226
110 599
110 915
110 743
110 1105
110 1920
110 1785
111 1226
111 1491
111 1079
111 1785
111 597
112 427
112 1082
112 1923
112 1228
112 1084
112 1786
113 314
113 746
113 1086
113 1087
113 917
114 312
114 431
114 454
114 1356
114 602
114 1050
114 1787
115 1498
115 1655
116 456
116 604
116 1089
116 749
116 460
116 1357
116 1924
116 1497
116 455
117 1497
117 604
117 1090
117 1388
117 460
117 749
117 748
118 1771
118 289
118 752
118 1768
118 1093
118 315
118 606
119 1059
119 121
119 587
119 1658
120 1793
120 1795
120 1931
120 1095
120 1096
121 1794
121 1658
122 1364
122 1362
122 1796
122 921
123 1216
123 1505
123 1504
123 1097
124 922
124 760
124 613
125 1665
125 763
125 467
125 2011
125 468
125 126
125 1507
125 1372
125 927
125 1239
126 1370
126 763
126 323
126 928
126 927
126 467
126 1801
126 616
126 1800
126 1240
126 1667
126 1665
126 1372
127 614
127 929
127 1664
127 1100
127 466
127 322
127 323
127 1374
127 1799
128 621
128 1648
128 2013
128 620
128 932
128 134
128 133
128 1242
129 325
129 1241
129 1649
129 1510
129 618
130 619
130 328
130 1102
130 1245
130 1668
131 327
131 765
131 1378
131 1243
131 617
131 132
132 1243
132 766
132 1131
132 168
132 327
132 354
133 134
133 303
133 1485
133 620
133 1221
133 932
133 448
134 324
134 1242
134 621
134 620
134 932
135 622
135 1380
135 1672
135 331
135 1511
136 645
136 1512
136 937
136 174
136 623
137 1256
137 1383
137 1106
137 1252
138 941
138 1672
138 622
138 1513
139 1938
139 942
139 1137
139 181
140 916
140 1107
140 1384
140 1516
141 334
141 1810
141 601
141 773
141 477
142 1943
142 776
142 774
142 1813
142 143
143 1813
143 1811
143 1941
143 1676
144 1385
144 1515
144 181
144 1108
144 183
144 777
144 335
144 770
145 478
145 624
145 626
145 628
146 148
146 1680
146 1117
146 337
146 149
147 149
147 1944
147 1519
147 478
148 337
148 1111
148 149
148 1820
148 1117
148 1146
149 1117
149 1111
150 1122
150 1120
150 338
150 947
151 1118
151 1116
151 152
151 627
152 1118
152 153
152 1821
152 1391
152 1150
152 629
153 1150
153 1391
153 1121
153 339
153 154
153 189
154 949
154 339
154 338
154 189
154 1391
154 1121
155 630
155 1124
155 1525
155 343
155 195
155 1263
155 781
156 954
157 1526
157 487
157 489
157 1527
157 1266
157 1126
157 956
158 958
158 344
158 634
158 633
158 486
158 783
158 961
159 961
159 783
159 346
159 631
160 961
160 783
160 341
160 634
160 633
161 347
161 786
162 1690
162 1689
162 1130
162 353
162 792
162 637
163 493
163 1271
163 164
163 491
163 1688
163 1691
163 790
164 790
164 636
164 1129
164 1692
164 1688
164 494
164 493
164 789
165 638
165 1270
165 1271
165 1831
165 492
165 1537
165 1538
166 1971
166 1129
166 1950
166 636
166 790
166 376
167 170
167 354
167 1544
167 934
167 1132
167 964
167 766
168 639
168 499
168 327
168 169
168 171
168 1541
168 1131
168 1133
169 171
169 497
169 639
169 355
169 1541
169 1133
169 1135
169 1131
170 934
170 964
170 1132
170 174
170 1544
171 355
171 1541
171 637
171 499
171 1135
171 1133
171 639
172 1696
172 965
172 791
172 963
172 1274
172 357
173 528
173 500
173 498
173 1160
173 668
173 794
174 1132
174 1702
174 934
175 644
175 1136
175 1399
175 1400
175 360
175 361
176 364
176 1703
176 501
176 795
176 2021
177 501
177 967
177 1726
177 362
177 358
177 1699
177 797
178 363
178 796
178 1543
178 1858
178 1833
178 1700
179 1704
179 800
179 366
179 1545
179 1546
179 180
179 969
179 359
179 1939
180 1545
180 1403
180 969
180 366
181 1839
181 1137
181 1515
181 183
181 777
181 1938
181 942
182 1278
182 1834
182 505
182 503
182 807
183 335
183 368
183 777
183 1515
183 1839
183 1386
183 367
184 1707
184 1280
184 649
184 651
184 509
184 812
184 973
184 814
185 646
185 1143
185 647
185 507
185 972
185 1279
185 1548
186 974
186 1146
186 652
186 1958
187 977
187 1148
187 1408
187 513
187 1708
187 975
187 369
187 652
188 1551
188 370
188 514
188 1841
188 1298
189 1410
189 1150
189 190
189 2025
189 979
189 1556
190 1410
190 191
190 1150
190 1149
191 1408
191 975
191 1149
191 369
192 1554
192 1149
192 369
192 975
193 978
193 815
193 1842
193 372
193 373
194 1713
194 654
194 375
194 980
195 1560
195 630
195 657
195 1525
195 1557
195 1282
195 1412
195 343
196 516
196 1415
196 659
196 817
196 1967
196 982
196 1557
196 374
196 1715
196 1846
197 198
197 983
197 517
197 519
197 1413
197 1418
197 1283
198 519
198 1418
198 983
198 1284
198 1413
199 984
199 520
199 1720
199 518
199 985
200 1717
200 819
200 390
200 678
200 1167
200 1284
200 519
201 518
201 662
201 1152
201 1563
201 1417
202 984
202 1286
202 520
203 523
203 1155
204 1588
204 1155
204 394
205 1847
205 1154
205 1970
205 523
205 1718
206 988
206 1851
206 1273
206 376
206 1423
206 525
207 1572
207 1293
207 989
207 1853
207 208
208 827
208 1567
208 527
208 669
208 1292
208 1157
209 381
209 1429
209 1428
209 1724
209 1565
209 1158
210 1728
210 1294
210 992
210 212
210 383
210 1571
211 1855
211 991
211 990
211 829
211 1572
211 1729
212 1727
212 829
212 992
212 990
212 1571
212 1729
212 1975
213 1570
213 384
213 670
214 832
214 806
214 1860
214 365
214 993
215 994
215 1162
215 385
215 1431
215 1859
215 831
215 1138
216 1865
216 220
216 1297
216 672
217 1164
217 1730
217 673
217 1576
217 1574
218 1164
218 532
218 1732
218 1576
218 998
219 1298
219 1299
219 1579
219 1867
219 533
219 1709
220 1983
220 834
220 1982
220 1733
220 1578
221 1299
221 1433
221 833
221 1165
221 1734
222 1434
222 834
222 386
222 1733
222 1981
222 1165
222 1000
223 835
223 1866
223 999
223 229
223 224
224 1735
224 1001
224 833
224 1433
224 1866
224 999
225 816
225 388
225 656
226 1984
226 1582
226 515
226 1300
227 1736
227 1868
227 1002
227 229
228 1583
228 1581
228 387
228 836
229 1866
229 1868
230 1585
230 1986
230 1738
230 234
230 515
230 1166
231 838
231 840
231 1739
231 1586
231 1584
232 389
232 840
232 1584
232 233
232 1302
232 1869
233 676
233 675
233 389
233 1869
233 1301
234 1166
235 392
235 1589
235 1169
235 395
236 1168
236 679
237 542
237 846
237 1307
237 540
237 1172
237 1592
238 1306
238 1006
238 1171
238 542
238 1172
238 239
238 540
239 1172
239 1171
239 1590
239 1006
239 540
239 1306
239 542
239 242
239 1173
240 396
240 1308
240 1007
240 541
240 1873
240 1593
240 1174
241 543
241 397
242 1171
242 1174
242 1306
242 1590
244 1023
244 859
244 1594
245 1310
245 246
245 1313
245 249
245 1311
245 1875
246 249
246 1311
246 1178
247 844
247 537
247 1595
247 544
247 249
248 684
248 545
248 1009
248 849
248 1599
248 1596
248 1598
249 544
249 1875
249 1313
249 1311
249 537
250 251
250 1312
250 1597
250 849
250 1595
250 1599
251 683
251 1312
251 1599
251 850
251 849
251 1598
252 546
252 261
252 1190
253 685
253 1008
253 1445
253 1443
253 1325
253 408
254 401
254 399
254 854
254 851
254 1602
254 689
254 550
254 1877
254 1878
254 1314
254 1745
255 1011
255 853
255 855
255 1743
255 1601
255 399
255 400
256 551
256 1183
256 1447
256 1184
257 1015
258 1016
258 856
259 1605
259 1319
259 1318
260 559
260 860
260 697
261 1190
261 1186
262 700
262 409
262 862
262 1750
262 1449
263 1009
263 545
264 701
264 1042
264 1324
264 1464
264 561
264 1749
264 1187
265 1992
265 266
265 1894
265 552
265 1032
265 1193
266 1193
266 1032
266 1894
266 1992
267 871
267 1457
267 1029
267 868
267 869
267 1616
268 707
268 708
268 1194
268 874
268 1330
268 417
269 894
269 433
269 872
271 876
272 877
272 879
272 273
272 568
273 1896
273 1195
273 876
273 568
274 1039
274 1199
274 1993
275 279
275 280
275 277
275 713
275 579
276 579
276 304
276 424
276 1622
276 1222
276 1072
276 1779
277 576
277 711
277 574
277 713
277 281
278 1334
278 1758
278 423
278 882
279 579
279 280
279 711
280 579
280 711
280 713
281 1333
281 574
281 576
281 577
281 711
282 1201
282 887
282 1625
282 716
282 1902
283 1760
283 1625
283 425
283 1998
283 1759
283 1624
284 1627
284 1762
284 1338
284 716
285 436
285 1052
285 1630
285 1210
285 434
286 1051
286 438
286 459
286 1908
287 1055
287 1631
287 898
287 291
287 1633
287 895
287 1471
288 437
288 1211
288 728
288 1053
289 1093
289 1472
289 1768
289 1771
289 315
290 1473
290 1057
290 727
290 1342
290 1909
290 730
291 898
291 440
291 1633
291 1471
291 1058
292 728
292 896
292 1634
292 1054
292 1341
292 2003
292 1344
293 1474
293 899
293 1213
293 1036
294 1773
294 1639
295 443
295 298
295 734
295 2005
296 733
296 732
297 443
297 1476
298 2005
298 1066
298 1064
298 1346
299 735
299 1068
299 1347
299 1239
300 737
300 1218
300 446
300 1913
300 1217
301 305
301 2007
301 1070
301 1223
301 1780
302 1074
302 1646
302 1916
302 1915
302 739
302 738
302 307
303 448
303 1221
303 1485
304 1647
304 1072
304 1996
304 1222
304 1779
305 1070
305 1071
305 1463
305 1223
305 1899
305 575
306 1219
306 1775
306 447
307 1073
307 1074
307 1915
307 1220
308 912
308 596
308 1352
309 910
309 2008
309 1076
309 740
310 742
310 1919
310 453
310 914
311 458
311 742
311 1489
312 1356
312 1228
312 1628
312 602
313 1922
313 1085
313 1086
313 454
314 1925
314 1087
314 1086
314 746
314 917
315 1093
315 1771
315 1768
315 752
315 1928
315 606
316 610
316 317
316 1502
316 1363
316 1930
317 1363
317 1930
317 1095
318 320
318 465
318 1368
318 759
318 903
319 925
319 1367
319 1366
319 1267
319 923
319 757
320 1774
320 465
320 903
321 1932
321 1365
321 759
321 1368
321 924
321 1662
322 1100
322 929
322 614
322 962
322 1373
322 1799
322 469
322 1397
323 466
323 1370
323 616
323 930
323 929
323 614
323 928
323 1099
323 1667
323 1664
323 1374
323 1801
324 932
324 621
324 764
324 1242
324 1376
324 1375
325 1241
325 1935
325 1644
326 1377
326 327
327 1377
328 767
328 1510
328 1244
328 1102
328 1934
328 619
329 2014
329 1806
329 768
329 1512
329 1250
329 1103
330 1511
330 1381
330 1673
330 935
330 331
331 1511
331 1673
331 622
331 1937
331 1248
331 1380
332 1253
332 769
332 1254
332 1383
332 472
332 941
332 1808
333 1675
333 1247
333 366
333 1704
333 1513
333 1939
334 474
334 939
334 477
334 773
334 1677
334 1810
335 368
335 1678
335 475
335 1386
335 777
335 772
335 944
335 1108
336 481
336 479
336 1389
336 1112
336 1109
336 1110
336 1679
336 625
336 461
337 1820
337 1113
337 1116
337 1117
337 1680
337 627
338 779
338 1411
338 1121
338 947
338 339
339 1121
339 1391
339 779
339 949
340 343
340 1392
340 1524
340 632
340 1412
341 1125
342 1826
342 1264
342 1125
342 1522
343 1560
343 630
343 1412
343 1282
343 1392
343 1557
343 1124
343 1525
344 783
345 1127
345 1394
345 635
345 960
345 784
345 1416
345 661
346 631
347 1267
347 788
348 351
348 1532
348 787
348 786
348 349
349 1532
349 1535
349 350
350 1268
350 351
350 1535
350 1532
351 1532
351 786
352 1947
352 2016
352 1533
352 787
352 785
353 1130
353 642
353 1276
353 2017
353 1542
353 1690
354 766
354 1131
354 964
355 793
355 1133
355 792
355 1135
355 1832
355 1276
355 639
355 497
356 500
356 2017
356 1542
356 642
357 793
357 1275
357 1274
357 498
357 497
358 1697
358 795
358 501
358 502
358 797
359 1545
359 966
359 643
359 801
359 800
359 1701
360 644
360 645
360 1400
360 1702
360 2020
361 644
361 1136
361 1400
361 1277
362 967
362 1699
362 1161
362 1569
362 1974
363 1833
363 1695
363 1954
363 2019
363 640
363 796
363 1277
363 496
364 1955
364 1703
364 1699
364 2021
365 2022
365 1547
365 993
365 971
365 806
365 1838
366 1704
366 804
366 970
367 1401
367 508
368 1404
368 508
368 510
368 648
368 475
368 1942
368 1386
369 1408
369 975
369 977
369 1708
369 1554
369 1149
370 1963
370 1551
370 513
370 1550
371 979
371 653
372 1410
372 1149
372 1842
373 978
373 1842
373 654
373 1965
374 516
374 982
374 1969
374 1282
374 1415
374 818
374 1846
375 2027
375 659
376 988
376 790
376 1423
376 1971
376 636
376 2028
376 524
377 1290
377 665
377 667
377 524
377 1721
377 988
377 1420
378 824
378 987
378 666
378 1566
378 1291
379 381
379 1973
379 669
379 528
380 529
380 1427
380 1292
380 1430
380 382
380 830
380 989
380 828
380 1722
380 2030
380 526
381 1428
381 528
382 526
382 1427
382 529
382 1723
383 531
383 1294
383 1857
383 530
384 992
384 1728
385 1859
385 832
385 1431
385 1138
385 994
386 1165
386 1000
386 1577
386 1981
387 534
387 1737
387 1984
387 1583
387 1300
388 1736
388 978
388 1581
388 1964
388 656
389 675
389 1302
389 1584
389 1869
390 838
390 1167
390 1717
390 1870
390 1586
390 678
390 1985
390 535
390 819
390 1303
391 842
391 839
391 1303
391 1871
392 1169
392 680
392 1589
392 395
393 1564
393 394
393 1719
393 1170
393 1740
393 843
393 521
394 1740
394 1588
394 521
395 1589
395 680
395 1741
395 1169
396 1007
396 541
396 1593
397 681
397 543
398 1441
398 1440
398 682
398 1176
399 550
399 400
399 1314
399 854
399 1878
399 1745
399 1877
399 1743
400 854
400 1743
400 548
400 1011
400 1601
400 1878
400 853
401 689
401 1877
401 1182
401 1879
401 402
401 1446
401 851
402 686
402 687
402 1315
402 1446
402 1742
402 1879
402 1182
402 547
402 689
402 1874
402 851
403 1609
403 1017
403 1020
403 691
403 1748
404 694
404 560
404 696
405 697
405 860
405 559
406 698
406 1042
406 422
406 573
407 1191
407 408
408 1325
408 685
409 700
409 699
409 703
409 1449
410 862
410 1449
410 1323
410 1452
410 1024
410 1885
410 1189
411 699
411 1453
411 1025
411 703
411 1610
412 1456
412 1027
412 717
412 865
412 1454
413 1892
413 563
413 867
413 868
414 1030
414 1751
414 1326
414 564
415 1752
415 562
415 1613
415 864
415 1455
415 705
415 1614
416 1339
416 1204
416 1905
416 1031
416 1615
416 870
416 432
417 418
417 873
417 1328
417 707
418 707
419 565
419 690
419 1034
420 1448
420 1321
420 1461
420 1038
420 1037
420 1618
421 577
422 1042
422 1757
422 423
422 1324
422 573
422 1045
423 1334
423 1757
423 1333
423 1045
424 1622
424 579
425 1624
425 1760
425 714
426 1203
426 717
426 1763
426 428
426 1626
427 1786
427 1048
427 1465
427 1082
428 1626
428 720
428 887
429 430
429 891
429 1468
429 1629
430 581
430 1205
430 891
430 1049
430 1468
431 583
431 1050
431 1356
432 1204
432 1459
432 893
432 1031
432 1033
432 1615
432 1210
433 872
433 724
433 894
433 584
434 723
434 436
434 438
434 1630
434 1209
435 585
435 725
435 1209
436 893
436 1210
437 725
437 726
437 1053
437 1211
438 1051
438 1209
439 726
439 897
440 1058
440 1633
440 898
440 894
440 1471
441 1343
441 1472
441 1769
441 730
441 727
442 1214
442 1059
442 1060
442 588
443 2004
443 1476
444 1479
444 445
444 592
444 1215
444 906
445 594
445 1478
445 906
446 1480
446 1218
446 1777
446 1914
446 1508
446 615
446 1481
447 1779
447 1072
447 1643
447 595
447 908
448 1073
448 620
448 1648
448 1220
448 1221
448 1485
449 911
449 1781
449 1351
449 598
449 1653
450 1352
450 1249
450 1652
451 1077
451 1351
451 1903
451 1337
451 1044
452 741
452 1379
452 935
452 1225
452 1650
453 1355
453 1354
453 742
453 1919
454 1085
454 1787
454 1050
454 602
455 1083
455 1357
455 1516
455 1497
456 1924
456 1089
457 916
457 745
457 1921
458 601
458 1493
458 1080
459 1498
459 2009
459 1908
460 748
460 749
460 1088
460 1089
460 1090
460 1924
460 1497
461 1109
461 1230
461 603
461 1112
461 625
461 1927
461 605
462 748
462 1359
462 747
462 1088
462 1496
462 1789
463 2010
463 1092
464 900
464 1235
464 1097
464 1505
465 924
465 1774
465 1504
465 903
466 1373
466 1801
466 1240
466 1374
466 614
466 1100
466 1099
466 929
466 1506
466 761
466 1667
467 1801
467 1509
467 1665
467 1099
467 1667
467 616
467 1240
467 1098
467 927
467 763
468 927
468 1800
468 1239
468 1372
468 735
468 1508
468 2011
468 1507
468 1665
469 1100
469 1373
469 962
469 761
469 1397
470 1104
470 1670
470 800
470 968
470 938
471 1491
471 1105
471 1940
471 1809
471 943
472 771
472 770
472 940
472 1383
473 970
473 1139
473 1675
473 769
473 1255
474 773
474 477
474 1677
474 1517
474 1810
475 776
475 772
475 1678
475 1942
475 944
475 1386
476 1387
476 2015
476 624
476 604
476 480
476 1083
477 1810
477 1384
478 1944
478 1819
478 946
479 778
479 1110
479 780
479 625
479 1389
479 1815
479 1816
479 1817
479 481
480 604
480 628
480 1388
480 2015
480 1387
480 1814
480 1818
481 1113
481 1114
481 1389
481 1258
481 1816
481 1518
481 1110
481 1680
481 1679
482 952
482 1824
482 1825
482 483
482 1945
482 1261
482 1262
483 1261
483 1945
483 1824
483 1825
483 1393
483 951
483 952
484 1124
484 1123
484 1946
484 1523
484 1262
484 1522
484 485
484 954
485 1123
485 1826
485 1522
485 1262
485 1945
485 1946
485 1523
485 954
486 956
486 1265
486 958
486 634
486 633
487 956
487 957
487 489
487 1527
487 1529
487 1126
487 1266
488 1237
488 1684
488 959
489 1527
489 1526
489 1237
489 1126
489 959
489 955
489 1266
489 1684
490 1127
490 1828
490 1265
490 1528
490 956
490 1529
491 1688
491 493
491 790
491 1539
491 1691
491 1273
492 789
492 1270
492 1537
492 1536
492 1396
493 1692
493 1688
493 1129
493 1273
493 494
493 636
493 1950
493 790
493 789
494 1692
494 1129
494 789
495 641
495 791
495 963
495 496
495 1695
495 1696
495 1694
495 2018
495 640
496 1954
496 1543
496 641
496 2018
496 1695
496 640
496 1134
496 1951
497 793
497 1274
498 1275
498 793
498 794
499 637
499 1272
499 639
499 1693
499 1133
499 1135
499 1541
500 528
501 502
501 797
501 2021
501 795
502 1697
502 798
502 1952
502 1136
503 1837
503 805
503 807
503 1278
503 1143
504 802
504 1955
504 1705
504 506
505 1834
505 1137
505 1140
505 1401
506 802
506 1705
506 1547
506 971
507 972
507 1143
507 1548
508 510
508 1405
508 1141
509 1840
509 973
509 1707
509 651
509 514
509 812
509 808
510 1404
510 1405
510 648
510 1956
511 973
511 649
511 1280
511 1956
512 1145
512 1407
512 1555
512 814
512 812
512 650
513 1551
513 1550
513 1148
513 1409
513 977
514 1552
514 1551
514 809
514 651
515 816
515 1585
516 1967
516 1845
516 1846
516 818
516 817
516 1561
516 1415
516 1716
517 658
517 1413
517 1414
517 819
517 981
518 1152
518 985
518 1563
519 1284
519 819
519 1418
519 983
520 985
520 1286
520 984
520 1720
521 1848
521 1564
521 1740
521 1588
522 1285
522 1153
523 1970
523 1718
523 1155
523 1154
524 2028
524 988
524 667
524 1290
525 1972
525 1423
525 1851
525 1289
526 1427
526 1723
526 529
527 1951
527 668
527 1567
527 1134
527 827
527 641
527 1160
527 1854
527 1157
528 1160
528 668
529 669
529 1292
529 1427
529 1723
530 1294
530 1569
530 1161
530 1727
531 997
531 1857
532 998
532 1978
532 1732
533 813
533 1144
533 1709
533 1980
533 1867
533 1579
534 1737
534 1583
535 1717
535 1870
535 1985
535 1739
535 819
535 1414
535 837
536 1305
536 1168
536 1437
536 1436
537 1313
537 844
537 544
538 539
539 1005
539 1004
540 1307
540 1006
540 1172
540 542
540 846
541 1593
541 1007
542 1171
542 1439
542 846
542 1172
542 1173
542 1006
542 1307
542 1590
544 1313
544 1311
544 1595
545 685
545 850
545 1008
545 683
545 1009
545 1876
545 1598
546 1596
546 684
547 1317
547 1315
547 688
547 1746
547 1182
547 689
547 1446
548 1743
548 1011
548 852
548 1181
548 1179
548 549
548 1601
548 1600
549 1601
549 1179
549 852
549 1011
550 1602
550 854
550 851
551 1447
551 1603
551 1184
551 1183
551 856
552 1193
552 1992
553 1605
553 1318
553 1319
553 1017
553 691
554 1319
554 1605
555 1019
555 1320
555 1018
555 1882
556 1989
556 1608
556 692
557 1607
557 693
557 1881
557 1608
557 1448
558 697
559 697
559 860
560 1450
560 1186
560 1188
560 861
561 1749
561 1451
561 1324
561 695
561 1187
561 701
562 722
562 705
562 865
562 1455
562 1612
562 864
563 867
563 868
563 1892
564 706
564 1458
564 866
564 1613
565 1034
566 1459
566 1033
566 724
566 1328
566 893
566 873
566 872
567 1606
567 875
568 879
568 1753
568 1195
569 1754
569 1618
569 1461
570 1993
570 1620
571 1198
571 1995
571 1199
572 1756
572 902
573 1333
573 698
573 577
574 576
574 711
574 713
575 1899
575 578
575 1900
575 1997
575 1463
575 1040
575 882
576 713
576 577
578 1336
578 883
578 882
578 1761
578 1900
579 1622
579 1222
579 713
580 1623
580 1464
580 715
580 714
581 891
581 1049
581 1205
581 1468
581 1766
581 583
582 723
582 1340
582 892
582 1051
583 1766
583 1628
584 724
584 893
584 585
585 724
585 725
586 1211
586 1212
586 1632
586 897
586 1772
587 1214
587 1059
587 1658
587 588
588 1214
588 1059
589 881
589 1636
589 1637
590 1636
590 1062
590 1475
591 734
591 1638
591 1063
591 733
592 902
592 901
592 1479
592 1215
593 906
593 1216
593 1477
594 1478
594 1774
594 903
595 1779
595 1072
595 1643
595 908
596 1352
596 1651
596 1652
596 1783
597 1225
597 1353
597 1491
597 1488
598 1784
598 1781
598 1904
598 1351
598 1046
599 743
599 1105
599 1252
599 915
600 1080
600 915
600 1674
601 1493
601 1080
602 1050
602 1787
602 1228
602 1494
602 1356
603 1112
603 1927
603 1520
603 605
603 1229
603 1359
604 1388
604 1357
604 749
604 1497
605 1112
605 1927
605 1789
605 1230
605 747
605 1229
606 1928
606 1501
606 750
606 918
607 1792
607 1501
607 751
607 750
607 1231
607 755
607 754
608 755
608 1234
608 919
608 920
609 754
609 1094
609 1233
609 1361
609 1910
609 1792
610 1363
610 1502
611 756
611 1235
612 900
612 1661
613 1369
614 929
614 1799
614 1373
614 1100
614 1099
614 1374
614 1664
615 1372
615 2012
615 1481
615 1666
615 1663
615 1914
615 926
615 1508
616 1372
616 1240
616 1800
616 1801
616 1665
616 926
616 763
616 1667
616 928
616 1666
616 930
616 1933
616 1370
617 1803
617 1378
617 1243
617 765
617 1802
617 1101
617 1375
618 1804
618 1249
618 1936
618 767
618 1246
618 1244
619 1101
619 1102
619 1669
619 933
619 1244
619 1934
620 1485
620 1648
620 932
620 1221
620 2013
621 931
621 932
621 2013
621 1242
621 764
621 1375
621 1376
622 1672
622 1513
622 1511
622 1248
622 1247
623 936
623 1245
624 1387
624 774
624 628
625 1815
625 1112
625 1109
625 1520
626 1814
626 1681
626 628
626 1519
626 945
627 1820
627 1147
627 974
627 1118
627 1116
627 1710
628 1387
628 1818
628 945
628 1814
629 1821
629 1391
629 949
630 1525
630 1263
630 1523
630 1412
630 781
630 1124
631 781
631 1263
632 1392
632 782
632 1524
632 1122
633 961
633 955
633 634
633 783
633 958
634 955
634 961
634 783
635 1394
635 1828
635 960
635 958
635 1127
636 1950
636 1273
636 1692
636 1971
636 790
637 1689
637 1133
637 1272
637 1135
637 792
637 639
638 962
638 1538
638 1270
638 1271
638 1831
639 1135
639 1133
639 792
639 1832
639 1541
640 963
640 791
640 1695
640 1696
640 1694
641 963
641 1543
641 1134
641 1567
641 1157
641 2018
641 1854
641 1951
641 1160
641 1695
642 1690
642 792
642 2017
642 1276
642 1542
642 1130
643 966
643 1399
643 801
643 1701
643 1136
644 1400
644 1277
644 1136
645 1702
645 1399
645 1698
645 2020
645 937
646 1575
646 1957
646 1142
646 647
646 1406
647 1575
647 1957
647 1138
647 1279
648 1956
648 1404
648 1257
648 1942
649 812
649 973
649 1280
649 1707
650 1145
650 1553
650 1111
650 811
650 1407
651 1551
651 814
651 812
651 1707
651 2023
651 1555
652 1148
652 1281
652 1958
652 1961
652 1962
653 1151
653 1411
654 1965
654 980
654 816
654 1713
655 1002
655 1980
655 674
655 1736
655 815
656 815
656 978
656 1964
657 1844
657 781
657 2026
657 1559
657 1282
658 1413
658 1558
658 818
658 981
658 1845
659 1715
659 817
659 1712
659 1151
660 1716
660 2027
660 1561
661 960
661 1562
662 821
662 1417
663 1268
663 1153
663 1287
663 1286
664 1847
665 666
665 1566
665 824
665 1852
665 1289
665 1290
665 1420
665 1721
666 1291
666 1420
666 1566
666 824
666 1721
666 1852
666 1289
666 987
667 1290
667 1288
667 988
667 823
667 1849
667 2028
668 1567
668 1157
668 827
668 1854
668 1160
669 1292
669 1973
669 827
670 1722
670 991
670 1570
670 1430
670 830
670 828
671 1863
671 1163
671 1861
671 1862
671 1977
671 1295
672 2031
672 1981
672 1000
673 1164
673 1576
673 1574
673 1731
674 1144
674 1002
674 1980
674 1736
674 1580
674 976
674 813
675 1869
675 1435
675 1301
676 1584
676 1869
676 837
676 1301
677 2032
677 1738
678 1303
678 1870
678 1167
679 1305
679 1437
679 1988
679 1168
679 1170
680 1169
680 1589
681 1175
681 1177
682 1439
682 1440
682 1590
682 1173
682 1604
683 1445
683 1599
683 1443
683 1598
683 1876
683 850
683 1312
684 1009
684 849
684 1596
684 1598
685 1876
685 1325
685 1443
685 1445
685 1008
685 850
686 1879
686 1444
686 1182
686 1178
686 687
686 1874
686 1742
686 1315
687 1879
687 1316
687 1742
687 851
687 1178
688 1010
688 1744
688 1746
688 1180
688 1314
688 1611
689 1446
689 1745
689 1746
689 1314
689 1877
689 1182
691 1017
691 1617
691 1748
691 1020
691 1880
692 1989
692 1608
693 1881
693 1320
693 1882
694 696
697 860
699 1449
699 1323
699 1610
700 1759
700 1750
701 1884
701 1464
701 1024
701 1189
701 1187
701 1324
701 1749
701 1451
702 1613
702 1026
702 705
702 1887
702 1455
702 866
703 1453
703 863
704 863
704 1027
704 1453
705 1454
705 1887
705 1455
705 1612
705 864
705 865
706 1458
706 1613
706 866
708 1194
708 1457
708 1460
708 874
708 871
708 1330
709 1331
709 875
709 1897
709 710
710 875
710 876
710 1897
710 1331
711 712
711 1041
711 1040
712 1997
712 882
712 1335
712 1040
712 1041
714 1991
714 1623
715 1200
715 1045
715 885
715 1623
715 1464
715 1901
716 1338
716 887
716 1627
716 1762
717 1203
717 1763
718 886
718 1999
718 2000
719 889
719 1202
719 888
719 1466
719 1467
719 2001
720 1626
720 1627
720 1999
720 887
721 1629
721 1907
722 1047
722 1614
722 864
722 1895
722 890
722 1207
723 1051
723 1340
723 1630
724 893
724 872
726 897
726 1053
726 1632
727 1769
727 1057
727 730
727 1343
727 1473
727 1342
728 896
728 1211
728 1212
728 1634
728 1767
728 1344
729 1233
729 1910
729 752
729 1061
729 1094
729 731
729 1056
730 1057
730 1054
730 1342
730 1909
730 1769
730 1472
731 1910
731 1061
732 733
732 1635
732 899
733 1773
733 1638
733 1636
734 1063
735 1507
735 1239
735 1068
735 1347
736 1348
736 1067
736 1217
736 1069
736 737
736 1776
737 1348
737 1776
737 1218
737 1217
737 1913
738 1646
738 1074
738 1349
738 739
738 1915
738 1916
739 1646
739 1484
739 1916
740 1076
740 910
740 2008
740 1353
741 1652
741 1650
741 1379
742 1489
742 1355
742 914
743 1226
743 1920
743 1355
743 915
744 1081
744 1654
744 1354
744 1919
745 1492
745 1921
745 916
746 917
746 1091
746 1087
746 1358
746 1086
746 1925
747 1230
747 1496
747 1359
747 1789
748 749
748 1088
748 1924
748 1496
748 1090
749 1090
749 1497
749 1924
749 1388
750 754
750 1928
750 752
750 1501
750 1094
750 1792
751 1657
751 1501
751 919
751 918
751 1231
752 1233
752 1771
752 1928
752 1094
752 1056
753 1236
754 1094
754 1233
754 1792
754 1361
755 1792
755 1231
756 1362
757 1660
757 925
757 1362
758 1797
758 1795
758 1794
759 1365
759 1368
759 1932
760 922
761 1506
761 1099
761 1100
761 1373
762 1371
762 1269
762 929
763 1800
763 1666
763 1240
763 1667
763 1665
763 928
763 926
763 927
763 1372
763 1370
764 765
764 1375
764 1242
765 1101
765 1803
765 1378
765 1243
765 1375
765 1802
766 1131
766 1101
766 1243
766 1805
766 1803
766 934
767 1246
767 936
767 1936
767 1934
767 1244
767 1804
768 1251
768 1250
768 1512
768 1103
768 936
769 1254
769 1255
769 1675
769 941
770 1385
770 940
771 1256
771 1514
771 1106
771 1383
771 940
772 1108
772 1812
772 1385
772 1517
772 1678
772 776
772 775
773 1677
773 939
773 1810
774 1943
774 1387
775 940
775 1108
775 1514
775 1517
775 1385
776 1812
776 1813
777 1938
777 1515
777 1839
777 1385
778 1817
778 1816
778 1113
778 1389
778 1116
779 1121
779 1120
779 949
779 1682
780 1823
780 1389
780 1815
781 1263
781 1525
781 2026
782 948
782 1262
782 1524
783 961
784 1948
784 984
784 1829
784 1416
784 1394
784 1127
785 787
785 1533
785 1947
786 1686
786 1532
786 787
787 1947
787 1533
788 1128
788 1686
788 1395
788 1530
788 1534
788 1685
789 1688
789 1129
789 1692
789 1537
789 1536
790 1692
790 1971
790 1950
790 1273
791 963
791 1694
791 1398
791 1696
792 1133
792 1135
792 1689
792 1690
792 1130
792 1832
792 1276
793 1832
794 1275
795 2021
796 1953
796 1954
796 1858
796 1700
796 798
796 2019
796 1833
797 967
797 799
797 1726
797 1697
797 1856
798 799
798 1697
798 1700
798 2019
798 1953
799 1697
799 1953
799 1726
799 1856
800 1545
800 1546
800 1939
800 938
800 1670
801 1545
801 1701
801 1399
801 968
801 966
802 1402
802 1835
802 1705
802 803
803 1139
803 1403
803 970
803 1402
803 804
803 1835
804 1835
804 1403
804 1402
804 970
805 807
805 1837
805 1836
805 1279
805 1278
806 1838
806 971
806 832
806 1547
806 2022
806 993
807 1837
807 1836
807 1278
808 1840
808 809
808 810
808 1549
809 1840
809 1297
809 1552
809 1578
810 1549
810 1706
811 1711
811 1111
811 1553
812 1707
812 973
812 1145
812 1555
812 814
813 976
813 1144
813 1709
813 1960
813 1409
813 1980
813 1579
814 1145
814 1555
814 973
814 1707
815 1843
815 978
815 1964
816 1965
817 982
817 1415
817 1715
817 1967
817 1846
818 1845
818 1716
818 1969
818 981
819 1985
819 1418
819 1870
819 1414
819 1284
819 1717
820 1392
820 1968
821 843
821 1719
821 1305
821 1437
821 1436
822 985
822 1419
823 986
823 1288
823 1424
823 1290
823 826
824 1291
824 1721
824 1566
824 987
825 1852
825 826
825 1424
826 1288
826 1290
826 1424
826 1852
826 986
827 1157
827 1567
827 1292
827 1853
827 1854
827 1160
828 989
828 830
828 1570
828 1430
828 1427
828 2030
828 1722
829 1975
829 990
829 1729
829 1855
829 1856
830 1976
830 2030
830 1430
830 989
830 991
830 1722
830 1570
831 1573
831 1859
831 994
831 1162
831 1431
831 1138
831 1979
832 1295
832 1860
832 994
832 993
833 1579
833 1735
833 1001
833 1433
833 1299
834 1734
834 1982
834 1434
834 1000
834 1578
834 1983
834 1733
834 1298
835 999
835 1866
836 1583
836 1581
837 1739
837 1985
837 1414
838 1739
838 1870
838 1584
838 1586
838 840
838 1303
838 1985
838 1987
839 1587
839 1871
839 842
839 1304
840 1003
840 1987
840 1584
840 841
840 1302
841 842
841 1003
841 1587
841 1987
841 1302
842 1871
842 1587
842 1003
842 1987
842 1304
843 1436
843 1437
843 1719
843 1170
843 1305
843 1564
845 1600
845 1004
845 1438
846 1439
846 1592
846 1173
846 1172
846 1307
847 852
847 1591
847 1179
848 1594
848 1883
848 1023
848 1022
848 1322
849 1599
849 1312
849 1597
849 1598
850 1443
850 1312
850 1008
850 1445
850 1876
850 1598
851 1879
851 1602
851 1877
851 1316
851 1742
852 1591
852 1179
853 1011
853 1601
854 1878
854 1743
854 1602
854 1600
854 1181
855 1745
855 1314
855 1010
856 1184
856 1447
856 1603
856 1183
857 1038
857 1018
857 1747
857 1021
857 1332
858 1898
858 1617
858 1037
858 1748
858 1609
859 860
859 1022
859 1023
859 1594
859 1883
859 1990
859 1322
860 1990
861 1188
861 1191
861 1189
861 1450
861 1451
861 1884
862 1991
862 1449
862 1750
862 1024
863 1453
863 1456
863 1027
864 1614
864 1752
864 1455
864 1207
865 1454
865 1612
866 1455
866 1458
866 1613
867 1892
867 1185
868 1892
868 1616
868 871
869 1029
869 1457
869 870
870 1204
870 1327
870 1339
870 1031
871 1457
871 874
871 1616
872 873
873 1328
873 1459
873 1033
874 1616
874 1329
874 1330
874 1194
875 1897
875 1331
876 1331
876 1195
876 1896
877 1637
877 1036
878 1898
879 1619
880 1994
880 881
880 1462
880 1619
881 1619
881 1637
881 1994
882 1758
882 1761
882 1997
882 1335
882 1336
882 1900
882 1040
882 1041
883 884
883 1046
883 1336
883 1761
884 1046
884 1043
884 1904
885 1043
885 1200
886 1764
886 888
886 2000
887 1902
887 1338
887 1625
888 1049
888 1466
888 1764
889 1490
889 1048
889 2001
889 1765
890 1906
890 1207
890 1208
890 1895
890 1469
891 1047
891 1049
891 1468
891 1629
892 1787
892 1340
893 1210
893 1033
893 1459
895 1055
895 1631
895 1035
896 2003
896 1767
896 1634
896 1341
896 1054
896 1344
897 1211
897 1772
897 1632
898 1058
898 1631
898 1633
898 1471
899 1474
899 1213
899 1635
899 1060
900 2004
901 1479
901 905
901 904
901 1215
902 1756
902 1065
902 1479
903 1774
903 1504
904 905
905 1215
905 1064
906 1912
906 1478
907 1642
907 1067
908 1349
908 1350
908 1643
909 1645
909 1223
909 1486
909 1071
909 1070
909 1780
910 1783
910 1076
910 1650
910 1651
910 1353
911 1651
911 1653
911 1224
911 1917
911 912
912 1917
912 1224
912 1645
913 1227
913 1487
913 1654
913 1762
914 1919
914 1489
914 1918
915 1920
916 1107
917 1087
917 1086
917 1925
918 1500
918 919
918 1231
918 1657
918 1501
919 1790
919 920
919 1231
920 1659
920 1234
920 1929
921 1796
921 1364
921 1096
921 1362
922 1365
923 1369
923 1366
923 1367
924 1504
924 1662
925 1267
925 1367
925 1366
926 1370
926 2012
926 1798
926 1372
926 1800
926 1663
926 1666
927 2011
927 1098
927 1665
927 1509
927 1507
927 1372
927 1240
927 1239
927 1800
928 1933
928 1370
928 930
928 1666
928 1667
928 1664
928 1374
928 1801
929 930
929 1100
929 1371
929 1374
929 1397
929 1664
929 1799
930 1664
930 1933
930 1374
930 1370
931 933
931 1669
931 1376
931 1375
931 1802
932 1242
932 2013
933 1510
933 1375
933 1802
933 1376
933 1669
934 1544
934 1132
934 964
934 1668
935 1937
935 1379
936 1245
937 1512
937 1698
937 1671
937 1806
938 1670
938 1247
938 1104
938 1248
939 1514
939 1106
939 1810
939 1677
940 1385
940 1514
941 1675
941 1255
941 1254
942 1137
942 1938
942 1515
943 1491
943 1382
943 1940
943 1105
943 1809
944 1678
944 1942
944 1257
944 1404
944 1386
944 1813
944 1811
945 1681
945 1114
945 1519
945 1115
945 1814
945 1818
946 1407
946 1819
947 1411
947 1122
947 1966
948 950
948 1521
948 1683
948 1119
949 1121
949 1682
949 1391
950 1119
950 951
950 1521
950 1261
950 1683
951 1825
951 1261
951 1393
951 1683
952 1945
952 1522
952 1827
952 1826
952 1824
952 1264
953 1264
953 1824
953 1827
954 1946
954 1522
954 1123
954 1124
954 1263
954 1523
955 1526
955 1527
955 1684
956 1265
956 1266
956 1529
957 1267
957 1530
958 1265
959 1684
959 1526
959 1237
960 1127
960 1394
962 1831
962 1373
962 1397
962 1100
963 2018
963 1695
963 1696
963 1275
964 1544
964 965
964 1132
965 1274
965 1544
965 1398
966 1701
966 1545
967 1161
967 1699
967 1569
967 1726
967 1974
968 1104
968 1399
968 1671
968 1698
969 1403
969 1545
970 1675
970 1139
970 1704
971 1838
971 1955
971 1705
971 1547
971 2022
972 1706
972 1406
972 1548
973 1280
973 1707
974 1146
974 1820
974 1958
974 1710
974 1147
975 1708
975 1554
975 1408
975 977
975 1149
976 1409
976 1980
976 1554
976 1960
977 1708
977 1148
977 1962
977 1408
977 1409
978 1843
978 1964
979 2025
979 1556
979 1966
980 1712
980 1713
981 983
981 1283
981 1969
981 1413
981 1845
982 1282
982 1968
982 1967
982 1557
982 1415
982 1846
982 1412
982 1560
982 1715
983 1413
983 1283
983 1714
983 1418
984 1416
984 1720
984 1286
985 1419
985 1720
985 1563
986 1288
987 1291
987 1421
987 1566
987 1289
987 1426
987 2029
988 1851
988 2028
988 1971
988 1290
988 1420
989 1427
989 2030
989 1430
989 1292
989 1722
990 1855
990 1729
990 1975
991 1570
991 1855
991 1976
991 1430
992 1294
992 1571
992 1728
993 1860
993 1838
994 1138
994 1859
994 1431
994 1162
995 1573
995 1296
995 1978
996 1569
996 1432
996 997
997 1857
997 1861
997 1432
998 1978
998 1732
998 1731
999 1433
999 1001
999 1735
1000 1981
1000 1733
1000 1165
1001 1735
1001 1433
1001 1866
1001 1580
1002 1580
1002 1736
1002 1980
1003 1302
1003 1587
1004 1438
1005 1310
1006 1172
1006 1306
1006 1171
1006 1590
1007 1873
1007 1593
1007 1308
1007 1442
1007 1174
1008 1876
1008 1445
1008 1325
1008 1444
1008 1443
1009 1596
1010 1744
1010 1745
1010 1180
1010 1314
1011 1179
1011 1601
1011 1743
1012 1592
1012 1013
1013 1183
1013 1603
1013 1604
1013 1014
1013 1592
1014 1604
1014 1603
1014 1447
1014 1183
1014 1184
1016 1185
1017 1748
1017 1020
1017 1617
1018 1882
1018 1320
1018 1019
1018 1747
1019 1882
1019 1320
1020 1748
1020 1989
1020 1609
1021 1332
1022 1883
1022 1322
1022 1594
1022 1023
1023 1322
1023 1594
1023 1990
1023 1883
1024 1452
1024 1991
1024 1885
1024 1189
1025 1890
1025 1889
1025 1886
1025 1325
1026 1887
1027 1456
1027 1454
1028 1893
1028 1894
1028 1030
1028 1032
1029 1751
1030 1751
1030 1032
1030 1893
1031 1204
1031 1615
1031 1460
1032 1992
1032 1893
1032 1894
1032 1193
1033 1210
1033 1328
1033 1459
1034 1329
1035 1631
1037 1607
1037 1448
1037 1618
1037 1321
1038 1332
1038 1461
1039 1755
1039 1621
1040 1335
1040 1997
1040 1463
1040 1899
1040 1041
1041 1333
1041 1758
1041 1335
1041 1334
1042 1757
1042 1045
1042 1324
1043 1201
1043 1200
1044 1903
1044 1337
1044 1351
1044 1781
1045 1901
1045 1324
1045 1757
1045 1464
1046 1904
1047 1207
1048 1765
1048 1465
1048 1082
1048 1786
1048 1918
1048 2001
1049 1468
1049 1205
1050 1787
1050 1356
1051 1340
1052 1470
1052 1905
1052 1210
1053 1211
1054 1769
1054 1770
1054 1472
1054 2003
1054 1344
1054 1909
1054 1767
1055 1631
1056 1771
1056 1910
1056 1472
1056 1768
1056 1094
1057 1342
1057 1473
1058 1471
1058 1634
1058 1633
1059 1214
1060 1635
1060 1213
1061 1343
1061 1911
1061 1910
1062 1475
1062 1994
1062 1636
1063 1638
1064 2005
1064 1346
1066 1346
1066 1216
1067 1642
1067 1069
1068 1347
1068 1776
1068 1775
1069 2006
1069 1217
1070 1349
1070 1780
1070 2007
1070 1223
1071 1486
1071 1782
1071 1075
1071 1900
1072 1622
1072 1222
1072 1779
1073 1219
1073 1220
1073 1221
1073 1648
1073 1778
1073 1350
1074 1916
1074 1915
1074 1648
1074 1644
1074 1220
1075 1784
1075 1782
1075 1224
1076 2008
1076 1651
1076 1783
1077 1487
1078 1079
1078 1488
1078 1081
1078 1654
1079 1785
1079 1226
1079 1355
1079 1920
1081 1654
1081 1354
1082 1918
1082 1084
1082 1923
1082 1465
1082 1786
1083 1357
1083 1107
1083 1516
1084 1923
1084 1228
1084 1786
1085 1492
1085 1921
1085 1922
1085 1494
1086 1922
1086 1925
1086 1087
1087 1340
1088 1091
1088 1358
1088 1926
1088 1496
1089 1924
1089 1497
1089 1358
1090 1230
1090 1388
1091 1925
1091 1926
1091 1358
1091 1788
1092 2010
1093 1768
1093 1771
1094 1233
1094 1910
1094 1928
1094 1792
1095 1363
1095 1793
1095 1096
1095 1236
1096 1364
1096 1793
1097 1505
1098 1509
1098 1240
1098 1506
1099 1667
1099 1373
1099 1801
1099 1506
1099 1374
1099 1240
1100 1397
1100 1374
1100 1799
1100 1373
1101 1102
1101 1378
1101 1243
1101 1805
1101 1802
1101 1803
1102 1668
1102 1805
1102 1934
1102 1245
1103 1671
1103 1512
1103 1104
1103 1250
1103 1806
1103 2014
1104 1806
1104 1698
1104 2014
1104 1671
1104 1670
1105 1491
1105 1785
1105 1226
1106 1383
1106 1252
1106 1674
1106 1514
1106 1256
1107 1516
1107 1384
1108 1385
1108 1678
1108 1812
1108 1517
1109 1112
1109 1679
1109 1230
1109 1115
1109 1110
1110 1258
1110 1679
1110 1518
1110 1816
1110 1115
1110 1114
1110 1389
1111 1553
1111 1146
1111 1711
1111 1117
1112 1229
1112 1230
1112 1927
1112 1520
1113 1518
1113 1258
1113 1817
1113 1816
1113 1680
1113 1116
1114 1679
1114 1115
1114 1681
1114 1258
1114 1680
1114 1518
1115 1814
1115 1681
1115 1679
1115 1818
1116 1118
1116 1820
1117 1680
1118 1710
1118 1147
1118 1391
1119 1521
1119 1120
1119 1683
1120 1521
1120 1682
1121 1391
1122 1411
1123 1523
1123 1522
1123 1262
1123 1945
1123 1946
1123 1826
1124 1263
1124 1525
1124 1523
1125 1826
1126 1527
1126 1526
1126 1237
1126 1266
1127 1394
1127 1828
1127 1528
1128 1530
1128 1534
1128 1395
1128 1531
1128 1686
1128 1685
1129 1950
1129 1692
1129 1830
1130 1276
1130 1689
1130 1690
1131 1541
1132 1540
1132 1702
1132 1544
1133 1832
1133 1135
1133 1541
1134 1695
1134 2018
1134 1543
1134 1157
1134 1954
1134 1853
1134 1854
1134 1951
1134 1567
1135 1541
1135 1832
1136 1952
1136 1701
1136 1399
1136 1400
1137 1140
1137 1938
1137 1401
1138 1431
1138 1836
1138 1837
1138 1859
1138 1279
1139 1402
1140 1834
1140 1401
1140 1402
1141 1405
1142 1706
1142 1406
1142 1575
1143 1278
1143 1279
1143 1548
1143 1837
1144 1579
1144 1960
1144 1980
1144 1867
1144 1709
1145 1555
1145 1407
1146 1711
1146 1958
1147 1150
1147 1710
1148 1961
1148 1962
1148 1281
1149 1410
1150 1391
1150 1410
1150 2025
1150 1556
1151 1712
1151 1715
1152 1417
1152 1563
1153 1287
1153 1285
1154 1970
1154 1718
1155 1848
1156 2029
1156 1725
1156 1421
1156 1850
1156 1426
1156 1158
1156 1565
1156 1291
1157 1160
1157 1854
1157 1567
1157 1853
1157 1543
1157 1951
1158 1159
1158 1850
1158 1426
1158 1428
1158 2029
1158 1725
1158 1568
1158 1421
1158 1565
1159 1973
1159 1568
1159 1725
1159 1850
1159 1428
1160 1854
1160 1567
1160 1951
1161 1727
1161 1726
1161 1569
1161 1974
1162 1979
1162 1859
1162 1296
1162 1431
1162 1573
1163 1977
1163 1295
1163 1863
1163 1862
1164 1574
1164 1732
1164 1730
1164 1731
1164 1864
1164 1576
1165 1981
1165 1577
1165 1734
1165 1434
1165 1299
1166 1986
1166 1738
1166 1585
1167 1870
1167 1303
1167 1717
1167 1586
1168 1305
1168 1437
1169 1589
1170 1988
1170 1740
1171 1590
1171 1306
1171 1439
1171 1173
1171 1172
1172 1592
1172 1439
1172 1173
1172 1590
1172 1307
1173 1592
1173 1307
1173 1439
1173 1590
1174 1593
1174 1177
1174 1873
1174 1442
1174 1308
1175 1177
1175 1309
1176 1309
1176 1441
1177 1873
1177 1309
1177 1308
1177 1442
1178 1875
1178 1742
1178 1311
1179 1600
1179 1181
1180 1891
1180 1192
1180 1744
1180 1611
1180 1746
1181 1600
1182 1874
1182 1446
1182 1315
1182 1746
1182 1879
1183 1603
1183 1184
1183 1447
1184 1603
1184 1447
1186 1190
1187 1749
1187 1464
1187 1451
1187 1324
1188 1450
1188 1191
1188 1884
1189 1191
1189 1884
1189 1885
1189 1451
1189 1452
1190 1596
1191 1884
1191 1452
1192 1744
1192 1891
1192 1611
1193 1894
1193 1992
1194 1330
1194 1460
1195 1896
1195 1753
1196 1198
1196 1199
1197 1755
1199 1993
1201 1998
1201 1902
1201 1625
1201 1624
1202 1466
1202 1627
1202 1467
1202 2002
1203 1626
1204 1339
1204 1615
1204 1905
1205 1628
1205 1465
1207 1469
1207 1895
1207 1614
1208 1469
1208 1906
1210 1459
1211 1632
1211 1772
1212 1772
1212 1767
1212 1632
1212 1344
1213 1635
1213 1474
1215 1912
1215 1479
1216 1477
1216 1505
1217 1348
1217 1776
1217 2006
1217 1218
1217 1913
1218 1483
1218 1913
1218 1914
1219 1778
1219 1350
1219 1775
1219 1643
1220 1915
1220 1778
1220 1648
1220 1221
1220 1644
1221 1648
1221 1485
1222 1647
1222 1622
1222 1996
1222 1779
1223 2007
1223 1486
1223 1780
1224 1917
1224 1645
1224 1782
1225 1353
1225 1807
1226 1491
1226 1920
1226 1785
1227 1467
1227 2002
1227 1762
1228 1628
1228 1923
1228 1356
1229 1927
1229 1520
1229 1791
1229 1359
1230 1927
1231 1657
1231 1501
1232 1822
1233 1910
1233 1361
1233 1792
1234 1929
1235 1661
1236 1363
1237 1526
1237 1684
1238 1933
1238 1798
1239 2011
1239 1508
1239 1507
1239 1347
1240 1506
1240 1801
1240 1800
1240 1667
1240 1665
1240 1370
1241 1649
1241 1935
1241 1510
1242 1375
1242 1376
1242 2013
1243 1378
1243 1805
1243 1803
1244 1804
1244 1934
1244 1510
1245 1668
1246 1804
1246 1936
1246 1249
1246 1381
1246 1251
1247 1670
1247 1939
1247 1513
1248 1511
1248 1670
1248 1673
1249 1936
1249 1804
1250 2014
1250 1673
1250 1806
1250 1251
1251 1381
1251 1936
1252 1674
1252 1256
1253 1382
1253 1254
1253 1256
1253 1808
1254 1808
1254 1382
1254 1383
1255 1675
1256 1383
1256 1808
1257 1942
1257 1811
1258 1518
1258 1679
1258 1680
1258 1816
1259 1682
1259 1260
1260 1822
1260 1390
1261 1683
1261 1393
1261 1824
1261 1825
1262 1524
1262 1522
1262 1945
1262 1946
1262 1825
1263 1525
1263 1523
1264 1945
1264 1522
1264 1827
1264 1826
1264 1824
1265 1529
1266 1527
1266 1526
1267 1530
1268 1287
1269 1687
1269 1270
1269 1536
1269 1537
1270 1831
1270 1538
1270 1537
1270 1271
1270 1687
1271 1831
1271 1688
1271 1949
1271 1538
1271 1691
1272 1689
1272 1693
1273 1423
1273 1691
1273 1539
1273 1950
1274 1544
1275 2018
1276 2017
1276 1690
1276 1832
1276 1542
1277 1952
1277 1694
1277 2019
1277 1833
1278 1837
1278 1836
1279 1957
1279 1836
1279 1837
1280 1405
1280 1549
1281 1961
1281 1962
1281 1555
1281 2023
1281 2024
1281 1959
1282 1412
1282 1525
1282 1557
1282 1846
1282 1560
1283 1413
1283 1559
1283 1844
1283 1714
1284 1717
1284 1418
1286 1720
1288 1290
1288 1849
1289 1851
1289 1420
1289 1291
1289 1721
1290 2028
1290 1420
1291 2029
1291 1421
1291 1566
1291 1426
1292 1427
1293 1853
1293 1567
1293 1543
1293 1572
1293 1858
1294 1727
1294 1857
1295 1860
1295 1862
1295 1863
1295 1977
1296 1862
1296 1573
1297 1865
1297 1578
1298 1982
1298 1867
1298 1841
1298 1963
1298 1709
1298 1434
1299 1433
1299 1734
1299 1579
1299 1735
1300 1737
1300 1984
1300 1582
1301 1869
1301 1435
1302 1584
1303 1586
1303 1987
1303 1870
1303 1871
1304 1587
1305 1988
1305 1436
1305 1437
1306 1590
1307 1592
1308 1593
1308 1873
1308 1872
1308 1442
1311 1875
1311 1313
1312 1599
1312 1598
1312 1597
1313 1875
1314 1878
1314 1877
1314 1746
1314 1745
1315 1879
1315 1874
1315 1444
1315 1446
1316 1879
1316 1742
1316 1602
1317 1890
1317 1611
1317 1888
1317 1889
1317 1886
1318 1605
1318 1319
1319 1605
1320 1882
1321 1618
1321 1607
1321 1448
1322 1883
1322 1594
1323 1452
1323 1449
1323 1610
1324 1901
1324 1757
1324 1464
1324 1749
1325 1886
1326 1751
1327 1339
1328 1459
1329 1330
1329 1616
1331 1897
1332 1747
1333 1334
1334 1758
1335 1336
1335 1758
1335 1997
1336 1758
1336 1900
1336 1761
1337 1903
1338 1627
1338 1762
1339 1905
1341 1344
1341 1634
1341 1471
1341 2003
1342 1909
1342 1473
1342 1769
1343 1911
1343 1769
1343 1473
1344 1634
1344 1767
1344 2003
1344 1770
1345 1658
1345 1797
1345 1794
1346 2005
1347 1507
1348 1776
1348 1482
1349 1486
1349 1780
1350 1778
1350 1643
1351 1903
1351 1781
1351 1653
1352 1652
1352 1484
1353 1488
1354 1919
1354 1654
1355 1920
1356 1628
1356 1787
1357 1497
1357 1924
1358 1925
1359 1789
1359 1495
1359 1496
1360 1500
1360 1499
1360 1656
1361 1792
1362 1796
1362 1660
1363 1930
1363 1502
1364 1793
1364 1796
1365 1932
1365 1368
1366 1367
1366 1369
1367 1369
1368 1932
1370 1372
1370 1374
1370 1933
1370 1800
1370 1801
1370 1664
1370 1665
1370 1666
1370 1667
1371 1664
1371 1799
1372 1508
1372 2012
1372 2011
1372 1800
1372 1666
1372 1665
1373 1799
1373 1397
1374 1933
1374 1799
1374 1801
1374 1664
1374 1667
1375 1378
1375 1669
1375 1376
1375 1802
1376 2013
1376 1802
1376 1669
1377 1693
1377 1541
1378 1802
1378 1803
1379 1650
1380 1937
1380 1511
1380 1672
1380 1673
1382 1672
1382 1940
1383 1514
1383 1808
1385 1517
1385 1515
1386 1942
1386 1404
1386 1839
1386 1678
1387 2015
1388 1818
1389 1823
1389 1816
1389 1815
1389 1817
1390 1823
1390 1822
1391 1821
1392 1524
1392 1968
1392 1412
1393 1683
1393 1659
1394 1828
1395 1686
1395 1685
1395 1528
1395 1534
1395 1531
1396 1537
1396 1536
1397 1687
1397 1799
1397 1831
1398 1702
1398 1544
1398 1540
1399 2020
1399 1698
1399 1400
1400 1702
1400 2020
1401 1834
1402 1835
1402 1834
1404 1942
1406 1957
1406 1548
1406 1706
1406 1575
1407 1553
1408 1958
1408 1708
1409 1960
1410 1556
1410 2025
1411 1966
1412 1557
1412 1560
1412 1525
1412 1846
1413 1418
1414 1717
1414 1985
1415 1715
1415 1716
1415 1846
1415 1967
1416 1562
1417 1563
1419 1847
1420 1566
1420 1721
1420 1851
1420 1852
1421 1565
1421 1850
1421 1426
1421 2029
1422 1972
1422 1429
1422 1425
1423 1851
1423 1971
1424 1721
1424 1852
1425 1972
1425 1426
1425 1429
1425 1428
1425 1724
1425 1565
1426 1565
1426 1724
1426 2029
1426 1850
1426 1428
1427 1722
1427 2030
1427 1723
1428 1565
1428 1724
1428 1850
1428 1725
1428 1429
1429 1724
1429 1565
1430 1722
1430 1976
1430 1570
1430 2030
1431 1859
1432 1569
1433 1735
1434 1983
1434 1733
1434 1734
1436 1719
1436 1437
1437 1988
1439 1590
1439 1592
1439 1604
1440 1441
1440 1604
1442 1593
1442 1873
1442 1872
1443 1874
1443 1445
1443 1444
1443 1876
1444 1874
1444 1445
1445 1876
1446 1746
1446 1879
1446 1877
1447 1603
1448 1607
1448 1747
1449 1991
1450 1884
1451 1749
1451 1884
1452 1885
1452 1884
1454 1887
1454 1612
1455 1613
1455 1752
1455 1458
1455 1887
1455 1614
1457 1616
1457 1460
1458 1613
1458 1752
1459 1460
1459 1615
1460 1615
1461 1754
1461 1618
1462 1754
1463 1997
1463 1899
1463 1900
1464 1901
1464 1623
1464 1749
1465 1786
1465 1765
1466 2001
1466 1764
1467 1490
1467 2002
1468 1629
1469 1906
1469 1895
1470 1630
1471 1633
1471 1631
1472 1771
1472 1770
1472 1769
1472 1768
1476 1639
1479 1912
1480 1481
1480 1483
1480 1640
1480 1914
1480 1641
1480 1777
1480 1663
1481 1663
1481 1777
1481 1508
1481 1914
1481 1640
1481 2012
1482 1776
1483 1777
1483 1913
1483 1641
1483 2006
1484 1649
1484 1646
1484 1916
1486 1780
1486 1645
1490 2001
1490 1765
1491 1809
1491 1785
1492 1494
1492 1921
1495 1789
1496 1789
1497 1924
1498 1655
1498 2009
1499 1500
1499 2010
1499 1656
1500 1656
1500 1657
1501 1657
1501 1928
1502 1930
1502 1503
1504 1774
1506 1801
1507 2011
1507 1665
1507 1508
1508 1914
1508 2012
1508 2011
1508 1800
1510 1804
1510 1934
1511 1937
1511 1672
1511 1673
1512 1806
1512 1698
1512 1671
1514 1677
1515 1938
1515 1839
1517 1812
1518 1680
1518 1679
1518 1816
1519 1944
1519 1681
1520 1791
1520 1927
1521 1683
1522 1946
1522 1945
1522 1826
1522 1523
1523 1946
1523 1525
1525 1560
1526 1684
1526 1527
1528 1829
1528 1828
1530 1534
1530 1685
1531 1685
1531 1686
1532 1535
1533 1947
1533 2016
1534 1685
1536 1537
1537 1687
1537 1538
1538 1949
1538 1831
1538 1687
1539 1691
1540 1544
1540 1702
1541 1693
1542 1690
1542 2017
1543 1858
1543 1567
1543 1695
1543 1954
1543 1951
1543 1853
1543 1854
1545 1546
1546 1939
1546 1704
1547 2022
1547 1838
1547 1705
1549 1706
1550 1963
1550 1551
1550 2023
1551 1963
1551 2023
1552 1982
1552 1840
1552 1578
1553 1711
1554 1708
1555 1959
1555 2024
1555 1961
1556 2025
1557 1967
1557 1968
1557 1846
1557 1560
1559 2026
1559 1714
1559 1969
1559 1844
1560 1969
1560 1846
1561 1845
1561 1716
1561 2027
1564 1719
1564 1848
1564 1740
1565 2029
1565 1850
1565 1724
1566 1721
1566 1852
1567 1951
1567 1853
1567 1854
1568 1725
1568 1973
1569 1727
1569 1974
1570 2030
1570 1722
1570 1976
1571 1855
1571 1728
1572 1858
1572 1853
1573 1979
1573 1978
1573 1732
1574 1865
1574 1576
1574 1731
1574 1730
1574 2031
1575 1957
1575 1864
1576 1731
1576 1730
1576 1864
1578 1982
1578 1841
1578 1983
1579 1709
1579 1867
1580 1736
1580 1980
1581 1868
1582 1737
1582 1984
1582 2032
1582 1738
1583 1737
1584 1869
1584 1739
1585 1986
1585 1738
1586 1987
1586 1717
1586 1739
1586 1870
1586 1871
1586 1985
1587 1871
1588 1741
1588 1740
1593 1873
1594 1883
1595 1597
1597 1599
1597 1598
1598 1876
1598 1599
1601 1743
1602 1877
1606 1897
1606 1880
1607 1881
1608 1989
1608 1881
1609 1748
1611 1891
1611 1890
1611 1889
1611 1888
1611 1744
1613 1752
1613 1887
1614 1895
1614 1752
1617 1748
1617 1880
1617 1898
1618 1754
1619 1994
1620 1993
1621 1755
1623 1901
1624 1760
1624 1902
1624 1998
1624 1625
1625 1902
1625 1760
1625 1998
1626 1999
1627 1762
1627 2002
1628 1766
1629 1907
1632 1772
1634 2003
1636 1637
1638 1639
1638 1773
1639 1773
1640 1663
1640 1777
1641 2006
1641 1777
1643 1778
1643 1779
1644 1648
1644 1935
1644 1915
1646 1916
1647 2007
1647 1996
1647 1779
1648 2013
1649 1916
1649 1935
1650 1783
1651 2008
1651 1917
1651 1783
1652 1783
1653 1917
1653 1781
1655 1926
1655 2009
1655 1788
1656 1657
1656 2010
1658 1794
1659 1929
1661 1931
1662 1932
1663 2012
1663 1666
1664 1933
1665 1800
1665 2011
1665 1667
1666 2012
1666 1800
1666 1933
1666 1798
1667 1800
1667 1801
1668 1805
1669 1802
1671 1806
1671 2014
1671 1698
1672 1940
1676 1819
1676 1941
1676 1811
1677 1810
1678 1942
1680 1820
1683 1825
1685 1686
1688 1692
1688 1691
1689 1690
1690 2017
1691 1949
1692 1950
1694 1695
1694 1954
1694 1696
1695 1696
1695 2018
1695 1833
1695 1954
1696 2018
1697 2019
1697 1952
1697 1953
1698 2020
1698 1806
1699 1974
1699 1955
1700 2019
1700 1833
1700 1858
1700 1954
1700 1953
1702 2020
1703 2021
1704 1939
1705 2022
1705 1955
1707 1840
1709 1963
1709 1867
1710 1958
1714 1844
1715 1967
1715 1968
1716 1845
1716 1967
1717 1739
1717 1870
1717 1985
1718 1970
1718 1847
1721 1852
1722 1976
1722 2030
1723 1973
1725 1973
1725 1850
1726 1856
1726 1974
1729 1975
1729 1856
1729 1855
1730 1865
1732 1979
1732 1978
1733 1982
1733 1981
1733 1983
1735 1866
1736 1868
1736 1964
1737 2032
1738 1986
1739 1870
1739 1987
1739 1985
1740 1848
1742 1879
1742 1874
1743 1878
1744 1891
1745 1877
1745 1878
1745 1746
1749 1884
1750 1991
1750 1759
1752 1895
1755 1995
1757 1901
1759 1760
1760 1902
1760 1998
1761 1900
1762 2002
1763 2000
1764 2000
1765 1786
1765 1918
1765 2001
1766 1907
1767 1770
1768 1771
1768 1770
1769 1909
1771 1928
1777 1914
1779 1996
1779 2007
1780 2007
1781 1903
1781 1904
1782 1784
1782 1900
1784 1904
1785 1920
1786 1923
1786 1918
1788 1926
1788 2009
1793 1931
1794 1795
1794 1797
1795 1931
1795 1797
1800 2012
1800 2011
1803 1805
1804 1936
1804 1934
1806 2014
1807 1809
1807 1940
1809 1940
1811 1813
1811 1941
1812 1813
1813 1943
1813 1941
1814 1818
1815 1823
1815 1816
1815 1817
1816 1817
1819 1941
1819 1944
1824 1825
1824 1827
1824 1945
1825 1945
1826 1946
1826 1945
1828 1829
1829 1948
1831 1949
1833 2019
1833 1954
1833 1858
1836 1837
1838 2022
1841 1982
1841 1963
1841 1983
1843 1964
1844 2026
1846 1967
1846 1969
1847 1970
1850 2029
1851 2028
1851 1971
1853 1858
1853 1854
1854 1951
1855 1975
1855 1976
1856 1975
1856 1953
1858 2019
1858 1954
1859 1979
1861 1977
1861 1863
1862 1977
1862 1863
1863 1977
1867 1963
1870 1985
1871 1987
1874 1879
1877 1878
1880 1897
1881 1989
1883 1990
1886 1890
1886 1889
1888 1890
1888 1891
1888 1889
1889 1890
1893 1894
1894 1992
1895 1906
1899 1900
1899 1997
1900 1997
1902 1998
1908 2009
1909 2003
1913 2006
1915 1916
1917 2008
1918 1923
1926 2009
1945 1946
1947 2016
1950 1971
1951 2018
1953 2019
1954 2019
1955 2022
1958 1962
1959 2024
1959 1961
1959 1962
1960 1980
1961 2023
1961 2024
1961 1962
1962 2024
1971 2028
1982 1983
1996 2007
1999 2000
2023 2024
