0 1619
0 1148
0 216
0 1621
0 1443
0 1
0 685
1 1148
1 217
1 847
1 1442
2 1311
2 1310
2 358
2 1885
2 1765
2 356
2 848
2 517
3 1002
3 686
3 1884
3 357
3 1887
3 1886
3 217
3 846
4 689
4 9
4 1888
4 6
5 32
5 519
5 2059
5 220
6 543
6 1470
6 1916
6 2185
6 1182
7 2178
7 1004
7 1006
8 1769
8 219
8 1006
9 518
9 1767
9 1766
9 218
9 1312
9 689
10 1007
10 1008
10 852
10 1150
10 2181
10 223
11 1151
11 692
11 691
11 1770
11 1625
11 360
11 1623
12 1149
12 853
12 1321
12 851
13 1010
13 525
13 1325
13 854
13 226
13 225
13 1152
14 693
14 1447
14 2191
14 695
14 361
14 1628
15 696
15 1892
15 523
15 854
15 694
15 521
15 1152
15 1317
15 16
15 362
16 696
16 856
16 523
16 1324
16 1896
17 229
17 19
17 859
18 701
18 699
18 1450
18 1161
19 1449
19 230
19 859
19 229
19 2198
19 1163
20 228
20 1899
20 1162
20 1327
20 858
21 57
21 1164
22 1453
22 372
22 24
22 233
22 1452
23 1333
23 1632
23 25
23 533
24 1452
24 1453
24 2068
24 372
25 529
25 234
25 533
25 531
26 1907
26 30
26 541
26 1028
26 1025
26 873
27 1909
27 1028
27 710
28 1029
28 378
28 2084
28 1026
28 540
28 2220
28 879
29 1942
29 1047
29 1202
29 874
29 900
29 264
29 709
30 1025
30 876
30 686
30 2173
30 873
31 2218
31 708
31 710
31 1467
31 542
31 1909
32 379
32 715
32 220
32 1912
33 715
33 1911
33 1178
33 36
33 239
33 381
34 1180
34 1177
34 1648
34 1176
34 879
35 1778
35 880
35 544
35 543
35 712
35 1470
35 2083
35 1030
36 715
36 239
36 1178
36 379
37 1344
37 1915
37 883
37 1315
38 884
38 39
38 1475
38 385
38 383
38 1650
39 1649
39 385
39 1181
39 1475
39 885
39 1915
39 884
40 1779
40 45
40 1651
40 881
41 241
41 1181
41 42
41 385
41 885
41 884
41 2087
42 546
42 241
42 1914
42 1345
43 1795
43 546
43 545
43 1345
43 570
43 44
43 908
43 73
44 545
44 1343
44 240
44 73
45 712
45 1651
45 1779
45 1474
45 543
46 244
46 882
46 1183
47 550
47 50
47 1184
47 2230
47 1653
48 1477
48 386
48 550
49 1185
49 548
49 1346
49 1153
49 718
50 550
50 1033
50 244
50 1184
50 2225
50 1477
51 55
51 552
51 553
52 719
52 1918
52 2235
52 246
52 1480
52 891
53 1034
53 1481
53 2090
53 55
54 2091
54 720
54 55
54 893
54 1187
54 890
54 247
55 2090
55 890
55 720
56 59
56 1482
56 915
56 1781
56 1186
56 1190
57 721
57 1164
57 388
57 1656
57 554
58 388
58 1656
58 721
58 252
58 1483
58 248
59 1677
59 1190
59 892
59 2106
59 90
60 2243
60 1328
60 1925
60 1038
61 1923
61 1192
61 255
61 529
61 389
61 1488
61 1042
62 558
62 391
62 390
62 559
62 895
62 1924
62 1784
63 898
63 394
63 1936
64 68
64 562
64 1047
65 731
65 266
65 902
65 1793
65 1367
66 67
66 1501
66 1048
66 1364
66 732
67 732
67 1048
67 733
67 1230
68 262
68 263
68 1498
68 1943
69 1500
69 733
70 736
70 1503
70 1203
70 1342
71 1051
71 1203
71 1205
71 1506
71 266
71 265
71 268
71 267
72 1794
72 565
72 1050
72 573
72 1207
72 1508
73 1795
73 1671
73 400
73 240
73 1343
73 570
73 545
73 1208
74 1504
74 734
74 399
74 1369
74 565
74 1946
74 1507
74 1207
75 270
75 766
75 569
75 1949
75 1386
76 572
76 568
76 1052
76 909
76 910
77 81
77 1053
77 1951
77 1797
78 741
78 913
78 2105
78 79
79 1213
79 2105
79 913
79 740
79 1054
80 912
80 1388
80 1211
80 2269
80 741
80 575
81 1053
81 1216
81 1951
81 402
81 740
81 913
82 1212
82 401
82 1371
82 83
83 575
83 1372
83 1212
83 1211
84 1799
84 407
84 914
84 89
85 1513
85 89
85 1217
85 744
85 742
85 2273
85 271
86 1055
86 743
86 87
86 1511
86 1512
86 1675
86 403
86 577
87 1373
87 403
87 1512
87 1798
87 773
88 1036
88 1478
88 1676
88 1374
88 888
88 578
89 2273
89 1217
89 1514
89 1513
89 744
89 271
90 1677
90 892
90 579
90 2106
90 407
90 919
91 919
91 276
91 406
91 580
91 917
92 1956
92 273
92 274
92 581
92 408
92 918
93 2281
93 921
93 1681
93 1958
93 584
93 583
94 2246
94 557
94 1040
94 1041
94 253
94 1800
94 1525
94 1058
95 2100
95 1363
95 1200
95 1690
96 1380
96 1072
96 415
97 1969
97 1225
97 1224
97 1379
97 1691
97 758
97 898
97 1806
98 420
98 928
98 1693
98 1535
99 418
99 1231
99 598
99 1809
99 1811
99 100
99 2300
100 1809
100 1231
100 598
100 418
101 1230
101 1535
101 419
102 907
102 595
102 737
102 1233
103 1235
103 1233
103 2113
103 2115
103 1366
104 1234
104 1538
104 1075
104 285
104 2114
105 763
105 1696
105 422
105 1382
105 1235
106 930
106 1717
106 421
107 2304
107 1262
107 596
107 283
107 597
107 1384
107 764
108 1541
108 1698
108 1539
108 602
109 284
109 1387
109 767
109 600
109 424
110 1237
110 1238
110 768
110 1698
110 602
110 111
110 287
111 1237
111 2119
111 1238
111 768
111 287
111 114
112 288
112 1239
112 1240
113 2307
113 951
113 1076
113 428
113 427
113 770
113 1812
114 1266
114 1076
114 287
114 459
114 768
115 933
115 1980
115 2316
115 290
115 1078
115 1242
116 294
116 295
116 1814
116 1547
116 1548
116 1984
117 1551
117 606
117 935
117 296
117 295
117 293
117 1083
117 2126
118 1088
118 1706
119 2320
119 443
119 437
119 1552
119 610
119 1549
119 1247
120 1995
120 1687
120 944
121 944
121 1713
121 613
121 1399
121 1257
121 2131
122 1823
122 449
122 1822
123 786
123 1562
123 616
123 1260
123 1825
124 1259
124 785
125 618
125 1100
125 1098
126 128
126 1565
126 619
126 454
126 1097
126 2000
127 452
127 620
127 787
128 2000
128 1097
128 1565
129 1717
129 1100
129 930
129 624
130 623
130 621
130 132
131 132
131 623
131 622
131 1263
131 1566
132 621
132 623
132 788
133 1402
133 626
133 948
134 1570
134 790
134 791
134 303
134 1829
134 627
135 2134
135 1568
135 791
135 303
136 793
136 951
136 1573
136 428
136 137
136 459
136 2008
136 1103
136 306
137 1103
137 306
137 951
137 793
138 1575
138 953
138 1720
138 460
138 459
139 1830
139 305
139 629
139 1265
139 815
139 1267
139 461
139 1124
139 476
139 952
140 434
140 1703
140 292
140 2017
141 631
141 1109
141 462
141 959
142 310
142 796
142 1834
142 465
142 464
142 962
142 961
142 466
142 1270
143 1578
143 1108
143 1111
143 630
144 963
144 2020
144 314
144 1579
145 1112
145 1245
145 632
145 148
145 146
146 632
146 1113
146 1115
146 1116
146 2356
146 1724
146 2135
146 148
147 1411
147 311
147 1272
147 1835
147 1114
147 313
148 1115
148 1245
148 1112
148 632
148 2019
148 1724
149 181
149 2042
149 329
149 965
149 966
149 640
149 637
150 802
150 1584
150 1727
150 2025
150 636
150 2023
151 1117
151 1840
151 1841
151 468
151 2026
152 1120
152 153
152 640
152 805
152 320
153 320
153 2027
153 640
153 805
154 2028
154 2366
154 449
155 471
155 1714
155 785
155 969
155 1845
156 1564
156 321
156 642
157 643
157 1848
158 646
158 808
158 1732
159 807
159 322
160 809
161 647
161 1735
162 1736
162 1734
162 1285
163 647
163 812
164 814
164 1124
165 480
165 814
166 1123
166 975
166 2035
166 1286
166 168
167 168
167 955
167 1126
167 2372
168 1286
168 1123
168 1126
168 2035
169 326
169 2147
169 649
169 1125
169 1286
169 481
170 2038
170 980
170 979
170 171
170 327
171 2037
171 980
171 482
171 979
172 989
172 482
172 1855
172 1739
172 978
172 836
173 1860
173 174
173 1288
174 1860
175 484
175 485
175 1130
175 818
175 1596
175 652
176 651
176 818
176 1132
176 483
176 486
177 2149
177 820
177 650
177 1410
177 1723
177 635
177 981
177 1422
178 2151
178 653
178 1290
178 1597
178 1420
178 333
179 1131
179 2153
179 1598
179 654
179 822
179 332
180 2040
180 351
180 503
180 1863
180 1743
180 332
181 329
181 966
181 333
181 1421
181 2042
181 637
182 982
182 1120
182 336
182 488
182 183
182 1135
182 186
183 982
183 186
183 2383
183 1135
183 329
183 488
184 489
184 2044
184 2156
185 657
185 1423
185 2043
185 1601
185 2382
186 658
186 488
186 1135
186 1600
186 984
186 982
186 337
186 336
187 493
187 340
187 1603
188 660
189 2047
189 1284
189 829
190 664
190 1748
191 1295
192 193
192 343
192 345
193 496
193 345
194 826
194 323
194 497
194 343
194 811
195 667
195 1872
195 196
195 197
195 986
195 831
195 2396
196 197
196 1870
196 199
196 1872
196 668
196 667
197 667
197 2396
197 668
197 987
197 986
198 1138
198 1749
198 2399
198 669
198 2398
198 973
198 1296
198 988
199 831
199 498
199 499
199 667
199 1872
199 1870
200 346
200 2049
200 834
200 1750
200 1298
200 348
200 1873
201 202
201 670
201 837
201 504
201 1752
201 991
201 1300
202 504
202 1874
202 671
202 670
202 1752
202 991
203 208
203 845
203 840
204 205
204 992
204 1432
204 505
204 507
204 1146
204 2051
205 998
205 1755
205 1879
205 1146
205 1432
206 1610
206 1756
206 843
206 842
206 2168
206 674
207 1305
207 680
208 1307
208 845
208 997
208 350
209 844
209 213
209 995
209 1614
209 210
210 212
210 211
210 844
210 513
211 212
211 844
211 2407
211 2408
212 2171
212 844
212 681
212 2408
213 512
213 514
213 841
214 996
214 2053
214 353
215 673
215 2054
215 1437
215 515
215 1438
216 1004
216 1003
216 2057
216 1617
216 1309
216 1621
216 1443
216 687
217 2176
217 1442
217 686
217 847
217 1148
218 1767
218 1444
218 518
219 359
219 1769
219 1890
219 850
219 1005
220 519
220 715
221 1445
221 1890
221 850
221 1313
221 1889
221 222
222 1005
222 850
222 849
222 1889
222 1313
223 2180
223 2181
223 852
224 2061
224 1627
224 2189
224 521
224 1320
224 524
224 1010
224 1447
225 525
225 1152
225 854
225 1325
225 226
225 1010
226 1323
226 525
226 697
227 1158
227 1155
227 698
227 1160
227 364
227 2062
227 1157
228 700
228 857
228 1166
228 231
228 2200
228 1162
229 2064
229 1167
229 230
229 1163
229 370
229 232
229 1898
229 859
229 861
230 700
230 861
230 1163
230 1449
230 2064
230 2199
230 859
231 1162
231 2200
231 857
231 1166
231 699
231 700
232 370
232 1898
232 861
232 1167
232 863
232 1455
233 703
233 865
233 862
234 2242
234 533
234 1016
234 529
234 2072
234 389
235 2080
235 1027
235 1339
235 1338
235 236
235 376
235 1467
236 1340
236 1339
236 540
236 1469
236 877
236 709
236 1027
237 238
237 382
238 1779
238 1030
238 544
238 880
239 381
239 1178
240 382
240 1471
240 1671
240 714
240 1343
241 884
241 1181
241 881
241 1345
242 1917
242 717
242 855
242 2229
242 2228
242 1347
242 1032
242 549
243 911
243 1210
243 1652
243 1673
243 245
243 574
243 2089
244 1184
244 2089
244 1033
244 2225
245 911
245 1654
245 1349
245 386
246 1918
246 1188
246 552
246 1480
246 891
247 2234
247 387
247 2233
247 1037
247 2239
247 887
247 251
248 1656
248 388
248 721
248 554
249 1038
249 1039
249 1921
249 1356
249 2240
249 1352
249 2094
250 2238
250 1351
250 251
250 893
251 2234
251 1037
251 2239
251 1483
251 887
251 1191
252 721
252 1483
253 1524
253 1800
253 1041
253 2246
253 723
253 1040
254 389
254 1787
254 1786
254 1192
255 1788
255 1488
255 1042
255 1923
255 1357
256 1922
256 724
256 1491
256 257
256 1195
257 1928
257 1788
257 724
257 1491
257 1195
257 1357
258 1196
258 2096
258 752
258 1061
258 724
259 591
260 1046
260 730
261 1670
261 875
261 542
261 377
262 2261
262 263
262 1364
262 1365
263 1498
264 900
264 1180
264 1202
264 1502
264 265
265 1051
265 1205
265 1202
265 266
265 1502
265 900
265 1049
266 1205
266 1051
266 902
266 1367
266 1793
267 905
267 1368
267 735
267 268
267 566
268 1203
268 269
268 1205
268 1506
268 1051
269 904
269 567
270 1236
271 914
271 915
271 744
271 1513
272 402
272 2272
272 1216
272 1215
273 746
273 274
273 275
273 409
273 581
274 409
274 581
274 275
275 291
275 409
275 2278
275 278
276 580
276 277
276 579
276 2276
276 917
276 919
277 2276
277 917
277 1518
277 1516
278 1518
278 2277
278 409
278 1218
278 291
279 582
279 412
279 1960
279 557
279 1058
279 749
279 1519
280 1524
280 747
280 1679
280 745
281 1527
281 751
281 1963
281 920
281 922
282 756
282 1070
282 754
282 590
282 1803
282 1222
282 1221
282 1220
283 929
283 1384
283 2304
283 764
283 421
284 2117
284 1387
284 2116
284 1540
284 767
284 599
285 1075
285 1672
285 396
285 1973
285 1538
286 2120
286 1239
287 1542
287 602
287 768
288 1542
288 1240
288 2122
288 769
289 292
289 1243
289 2124
290 1242
290 746
290 2107
290 933
290 410
291 432
291 1701
291 1077
291 2314
291 409
291 1391
292 434
293 296
293 1375
293 607
293 935
293 435
293 1983
294 1985
294 1547
294 1548
294 1084
294 1081
294 2125
295 2126
295 296
295 606
295 1814
295 1984
296 2126
296 1083
296 935
296 606
297 606
297 1085
297 775
297 776
297 2321
298 776
298 1393
298 2322
298 1245
298 2355
298 1082
299 1089
299 1816
299 1552
299 1986
299 778
299 610
300 1094
300 760
300 1257
300 1710
300 2332
300 613
301 1564
301 617
301 454
301 1261
301 2132
301 1563
302 1402
302 1719
302 809
303 790
303 1570
303 950
304 1102
304 1569
304 1572
305 1265
305 952
306 2010
306 460
306 1103
306 793
307 792
307 1265
307 952
307 629
308 2012
308 2348
308 1722
308 2349
309 462
309 631
309 1269
309 1408
309 1110
309 958
309 2016
310 1270
310 796
310 1834
310 466
310 464
310 465
311 313
311 1272
311 312
311 315
311 633
311 1838
311 2022
311 1836
312 819
312 1837
312 2021
312 633
312 964
312 315
313 315
313 2022
313 1114
313 1835
313 1272
314 1580
314 1116
314 2020
314 963
314 1411
315 1836
315 2022
315 633
315 1272
316 2018
316 1113
316 1115
316 317
316 799
316 800
316 1725
317 638
317 1273
317 636
317 2018
317 1585
317 634
318 1581
318 1277
318 1275
318 967
319 1277
319 1251
319 1583
319 939
319 444
320 1730
320 805
320 2027
321 642
321 1564
322 985
322 1281
322 2160
323 1283
323 497
323 664
323 811
323 826
324 971
324 972
324 480
325 954
325 955
325 1406
325 1831
325 977
325 976
325 2350
326 2039
326 1738
326 481
326 1856
327 649
328 1740
329 966
329 1421
329 2042
329 1135
330 1132
330 487
330 486
330 1290
330 2379
330 1865
330 2377
330 331
330 821
331 821
331 486
331 652
331 487
331 1132
331 1865
331 1596
331 818
332 654
332 1863
332 2153
332 1131
332 1743
333 2041
333 1420
333 1421
333 653
333 1597
334 984
334 1745
334 337
334 1424
334 2159
335 823
335 659
335 1133
335 1134
335 655
335 1866
335 338
336 488
336 2384
336 658
336 1292
336 470
336 338
336 1600
337 658
337 1745
337 656
337 339
337 984
337 1600
338 470
338 1866
338 467
338 655
338 1119
339 1745
339 984
339 2157
339 2158
339 656
339 658
340 1603
340 493
341 663
341 1294
341 825
341 1426
341 1868
341 1303
342 1137
342 2163
343 497
343 826
344 2394
344 495
344 496
344 1427
344 830
345 1871
346 1298
346 2165
346 2164
346 482
346 834
346 1428
346 1750
346 348
347 989
347 349
348 1428
348 1298
348 834
348 2165
348 500
350 673
350 352
350 1307
350 501
350 1876
350 1437
351 1743
351 503
351 2040
352 1876
352 1140
352 1611
352 673
352 501
353 1614
353 2053
353 995
353 996
354 1880
354 2409
354 1145
354 1882
355 683
356 848
356 1310
356 1311
356 1618
356 1885
357 1886
357 1887
357 1884
357 686
357 846
357 1002
358 517
358 2174
358 847
358 684
358 1148
358 1765
358 1311
359 1890
359 850
360 2184
360 1770
360 2222
360 1314
360 1316
360 1151
360 691
361 522
361 693
361 1322
361 2187
362 1011
362 1893
362 1892
362 694
362 696
362 1317
362 523
362 1031
363 1626
363 1153
364 2062
364 2063
364 1158
364 1773
364 1157
364 1448
364 1160
365 1629
365 1154
365 1013
365 527
366 1155
366 1154
366 698
366 1895
367 371
367 369
367 1451
367 1631
367 860
367 2203
368 857
368 858
368 1899
368 1165
368 1326
368 699
368 1162
369 700
369 2065
369 1451
369 860
370 1167
370 861
370 1455
370 1898
371 2203
371 863
371 1631
371 1328
371 372
371 1900
372 2069
372 1452
372 1900
372 863
373 1901
373 1334
373 1017
374 1172
374 1170
374 1642
374 1641
374 538
375 1643
375 1640
375 1460
376 873
376 876
376 2080
376 1338
376 1027
377 878
377 542
377 2219
377 875
377 1670
378 1469
378 711
378 1468
378 1026
378 540
379 715
379 1912
380 1472
380 1471
380 382
380 906
380 1342
381 1913
381 1179
381 1178
381 880
381 544
381 2083
381 1911
382 714
382 1472
382 1471
382 1343
383 1650
383 1623
383 1182
383 1151
384 882
384 1473
384 546
384 2224
384 571
385 884
385 1475
385 885
385 1650
385 1181
385 2087
386 1477
386 1654
386 1349
387 1783
387 887
387 1191
387 1190
387 1037
387 1482
387 1782
388 554
388 1656
388 721
388 2236
389 1786
389 529
389 1192
389 1923
390 559
390 392
390 1657
391 2245
391 722
391 1355
391 557
391 558
391 2095
391 1784
391 392
392 1488
392 722
392 2095
392 559
393 588
393 2096
393 2109
393 1528
393 1355
393 1061
393 1957
394 1936
394 1790
394 1493
394 898
395 2289
395 1805
395 1666
395 1363
395 927
395 1933
396 1369
396 1672
396 1075
396 1946
396 1538
397 737
397 1366
397 567
397 1234
397 2103
398 910
398 571
398 1945
398 1796
398 568
399 739
399 1369
399 1209
399 1207
399 1948
399 734
399 1946
399 1504
399 1947
399 1507
399 2267
400 1671
400 570
400 1206
400 545
400 1208
400 2266
401 1053
401 1371
401 1509
401 1674
402 404
402 1952
402 740
402 1216
402 743
403 1511
403 1512
403 577
403 1055
403 1675
403 743
404 1798
404 743
404 1054
404 1952
404 1512
404 1511
404 1213
404 430
404 1515
405 745
405 1678
405 1679
405 406
405 747
406 580
406 2108
406 919
406 1354
407 579
407 2275
407 1799
407 1677
408 1680
408 1956
408 410
408 746
408 918
408 1517
408 581
409 2277
409 2278
409 1218
410 2274
410 1242
410 746
410 584
410 1517
410 933
410 1680
410 2107
411 584
411 1704
411 1705
412 1957
412 582
412 1519
412 588
412 749
413 1802
413 589
413 1527
413 922
413 923
413 2282
414 925
414 753
414 1068
414 592
415 2291
415 759
415 1072
415 1968
415 1532
416 1379
416 1690
416 1072
416 759
417 1229
417 1074
417 1808
417 1811
417 1381
418 1232
418 1231
418 1811
418 1970
418 1536
419 2298
419 733
419 1500
420 928
420 2299
420 1693
421 1384
421 929
421 930
421 1695
422 2112
422 763
422 1383
422 1382
422 1696
422 1235
423 1236
423 599
423 1697
424 597
425 1975
425 1543
425 1976
425 1544
425 1978
425 429
425 431
425 2121
425 1390
425 2123
425 604
426 741
426 1388
426 2308
426 771
427 770
427 1812
427 1390
427 603
427 2311
427 2307
427 769
427 428
428 2008
428 951
428 1544
428 1103
428 1812
429 604
429 1389
429 605
429 431
429 1699
429 1975
429 1976
430 773
430 932
430 1515
431 1543
431 1976
431 1978
431 604
432 1701
432 1391
432 1077
432 1079
433 1243
433 934
433 1079
433 1702
433 1813
434 2017
434 1703
434 1244
434 2318
435 1982
435 1983
435 935
435 607
435 748
435 1057
435 1375
436 437
436 1247
436 1551
436 1082
436 606
436 1083
437 1549
437 1551
437 1083
437 936
437 2320
437 610
437 1247
438 443
438 1249
438 1082
438 1247
438 2129
438 1393
439 1084
439 2323
439 1085
439 1112
439 775
439 1550
440 937
440 938
440 1252
440 1088
440 1248
440 2327
441 608
441 1986
441 1250
441 777
441 1394
441 1817
441 1086
442 1815
442 1394
442 1988
442 1987
442 2326
443 1251
443 444
443 1249
443 939
443 2127
443 2128
443 2129
444 1249
444 1251
444 1553
444 2128
444 939
444 1989
444 1706
445 1395
445 1839
445 938
445 609
445 1553
445 1707
445 2328
446 943
446 942
446 447
446 2130
446 1560
446 782
446 781
446 1992
446 1556
446 1555
447 1398
447 1560
447 1819
447 612
447 781
447 1992
447 942
447 943
447 1556
447 2130
448 941
448 1222
448 1070
449 1823
449 1401
449 2028
449 616
450 1711
450 1824
451 945
451 1998
451 1999
451 1715
451 615
451 1258
451 946
452 620
452 947
453 1099
453 2337
453 1565
453 454
453 1097
454 617
454 1097
455 788
455 948
455 949
456 474
456 458
456 2006
456 1567
456 1568
457 601
457 2342
457 2341
457 789
458 2033
458 2006
458 1735
458 474
458 1569
458 1567
459 1266
459 2343
459 2008
459 1573
459 1076
459 1575
459 1103
460 1720
460 2010
460 953
460 792
460 793
461 952
461 476
461 792
461 2134
461 1267
461 2009
461 629
461 1830
462 631
462 961
462 1408
463 960
463 959
463 465
463 2017
464 961
464 466
464 962
464 1834
464 1408
464 796
464 1578
465 2357
465 1411
465 960
465 1114
465 1270
466 1409
466 1834
466 962
466 798
466 796
467 1119
467 470
467 1586
467 1415
468 1117
468 1588
468 2026
468 1730
468 968
468 2136
468 469
469 968
469 1588
469 1730
469 804
469 2361
470 1415
471 2029
471 1280
471 1845
472 1591
472 2032
472 1846
472 1848
473 1850
473 1849
473 644
474 2006
474 2033
474 1594
475 1853
475 1282
475 1284
475 2371
476 479
476 815
476 1830
476 1737
476 1124
476 952
477 988
477 1296
477 973
477 669
478 479
478 1419
478 1124
478 974
478 2145
478 810
478 815
479 815
479 810
479 974
479 1737
479 1124
480 972
481 2039
481 1125
481 816
481 1856
482 836
482 834
482 2037
482 1750
483 484
483 2375
484 485
484 2148
485 1130
485 818
486 1861
486 1132
486 651
486 820
486 2378
486 981
487 2380
487 2376
487 821
487 1741
487 1864
488 658
488 1600
488 982
488 1135
489 2044
489 1602
489 2156
490 2045
490 2401
490 983
490 654
490 1141
490 2381
491 824
491 1747
491 1605
491 493
492 493
492 661
492 660
493 824
493 2390
493 1603
494 1867
495 2394
495 830
496 1427
496 830
497 811
497 664
497 826
498 832
498 988
498 499
498 2395
498 2048
499 2048
499 831
499 988
500 1428
500 834
500 989
500 2165
501 1876
501 1307
502 838
502 1130
502 1300
502 1754
503 838
503 1430
503 2040
504 1300
504 1752
504 670
504 991
504 837
505 992
505 2167
505 1432
505 842
505 1875
505 1877
506 1431
506 2167
506 2402
507 1432
507 2051
507 1146
508 1434
508 2404
508 674
508 1758
509 675
509 1142
509 1759
510 1436
510 2052
510 511
510 1760
510 1304
510 1306
511 678
511 1435
511 679
511 1436
511 2052
511 1304
511 1760
511 1761
511 1306
512 514
512 513
512 2170
513 2170
513 1613
513 1144
515 1615
515 2406
515 1437
515 1307
515 1438
516 1441
516 684
517 2174
517 1311
517 1765
517 847
518 1312
518 1766
518 689
519 688
519 1764
519 2059
520 2183
520 2182
520 1316
521 694
521 2061
521 1152
521 1322
521 854
521 522
521 1320
522 694
522 1322
522 1891
522 1320
523 1317
523 1892
523 1893
523 694
523 1011
523 696
523 1031
524 2189
524 2188
524 1010
524 1894
524 1627
525 527
525 1325
525 2195
525 1630
525 854
525 697
525 1152
526 1629
526 1013
527 2195
527 697
527 1629
527 856
527 1630
527 1013
527 1324
527 1325
527 2196
527 1896
528 1454
528 1634
528 1633
528 864
528 703
529 2242
529 2072
529 1786
529 1923
530 702
530 703
530 1632
530 1634
530 2201
531 2067
531 1632
531 1453
532 2066
532 1902
532 1459
532 1457
532 702
533 1016
533 1333
534 1332
534 1019
534 1489
534 535
534 2073
534 1456
534 1194
534 1659
535 2073
535 1332
535 2204
535 1456
535 1659
535 705
535 1194
535 1489
535 1019
535 1636
535 1775
536 1777
536 1336
537 539
537 706
537 1463
537 1336
537 2079
537 1904
538 867
538 1170
538 1642
538 1644
538 2209
539 1336
539 1463
539 2076
539 1904
540 1469
540 1340
540 1026
540 874
540 709
541 1618
541 1028
541 1025
541 1907
541 2177
541 1175
542 875
542 2219
542 708
542 2218
542 710
542 878
543 2083
543 1778
543 712
543 1470
543 1030
543 1474
544 1179
544 2083
544 1030
544 712
544 880
545 546
545 908
545 1208
545 570
545 2266
545 1795
546 1345
546 908
546 1795
547 1654
547 1950
547 886
547 576
548 1780
548 1344
548 1153
548 2227
548 1346
548 1185
549 717
549 1917
549 2229
549 716
549 1347
549 1348
550 1033
550 1032
550 1653
550 1477
551 1481
551 2231
551 2232
551 889
551 1035
551 1189
551 1478
552 891
552 1481
552 1480
554 1656
554 1485
554 2236
555 1353
555 1354
555 1486
555 1484
556 1487
556 2092
556 1352
557 558
557 1058
557 749
557 1960
557 1784
557 1040
557 2245
558 1784
558 895
558 1924
558 2245
559 1657
560 561
560 725
560 1194
561 1490
561 1658
561 725
561 2097
561 1492
563 1074
563 2263
563 901
563 903
563 1499
564 903
564 901
564 1499
565 1508
565 1050
565 573
565 734
565 1794
565 1207
565 1504
566 905
566 735
566 1368
566 1204
567 904
567 735
567 1368
568 910
568 909
568 2104
569 1510
569 766
569 909
570 1206
570 1795
570 908
570 1208
570 2266
571 1796
571 908
571 910
571 572
572 910
572 1052
573 1050
573 1508
573 1206
573 1207
573 738
573 1794
574 1210
574 1370
574 1673
574 1652
575 912
575 1211
575 1212
576 1950
576 916
576 1479
577 1954
577 1055
577 743
577 742
577 1217
577 1511
577 1675
578 1036
578 1478
578 2270
578 888
578 1676
578 1374
578 1655
579 1677
579 1955
579 919
580 919
580 917
580 2108
581 1956
581 918
582 1059
582 749
582 2280
582 1519
583 921
583 1801
583 2281
583 1958
583 1060
583 1681
583 585
584 921
584 2274
584 1705
584 1958
585 1060
585 2279
585 921
585 1801
585 1526
585 1958
586 1066
586 1067
586 1684
586 1962
586 1062
586 1964
586 750
586 587
587 1684
587 1086
587 1376
587 777
587 2285
587 1065
587 1219
587 1066
588 2109
588 1957
588 1061
588 1683
588 1528
589 1961
589 1682
589 2283
589 1064
589 923
590 1070
590 1067
590 1220
590 756
590 1063
591 1068
592 925
592 753
592 1223
593 1072
593 1533
593 1805
593 1966
594 755
594 758
594 1225
594 1688
594 1691
595 2303
595 1971
595 1694
596 764
596 1262
596 1826
596 2304
596 597
597 2306
597 1537
597 601
597 764
598 2300
598 1385
598 1809
598 1971
599 1697
599 2116
599 1540
600 601
600 2118
600 2117
600 767
601 2118
601 2306
602 1541
602 1698
602 1539
603 1390
603 2122
603 769
604 1543
604 1978
604 1976
604 1975
604 605
605 1975
605 931
605 1699
605 1389
605 1241
605 1976
605 1977
606 1083
606 1551
607 1982
607 1983
607 2319
607 1057
607 935
607 936
608 777
608 1816
608 1250
608 1086
608 1986
608 1817
608 778
609 938
609 2328
609 1707
609 1839
609 1412
609 1248
609 1990
609 1395
610 1818
610 1247
610 1549
610 936
610 778
610 2320
610 1552
611 1255
611 612
611 781
611 1396
611 940
612 942
612 940
612 1396
612 781
612 1255
612 1559
612 1556
613 2332
613 1713
613 1094
613 784
613 1710
613 1257
614 1397
614 1996
614 784
614 1257
614 1256
614 1824
615 1998
615 1258
615 1715
615 945
616 1822
616 1095
616 2335
616 1401
616 2333
616 1825
616 1561
617 1096
617 1261
618 2336
618 1098
619 1096
620 787
620 947
621 788
621 623
621 624
622 1826
622 1566
622 1263
622 628
622 1262
623 1263
623 2002
625 789
625 2007
625 1101
625 1718
625 950
625 790
626 1402
626 1572
626 948
626 2003
626 2133
627 1264
627 1570
627 1829
627 1575
628 2339
628 2003
628 1572
628 1566
629 792
629 2134
629 1265
629 2009
629 1830
629 1267
629 952
629 1828
630 1269
630 1108
630 1111
630 1578
631 1408
631 1109
632 1724
632 2135
632 1116
632 2356
632 1113
632 1725
633 2022
633 1838
633 2021
633 1272
633 1836
634 2025
634 1585
634 636
634 638
635 2149
635 820
635 1843
635 1862
635 981
635 1422
635 801
636 1413
636 1585
636 2025
636 638
636 2023
636 1727
637 1582
637 1728
637 2042
637 965
637 966
637 640
639 1422
639 2360
639 1420
639 1862
639 1290
640 2362
640 1120
640 1841
640 2138
640 966
640 965
641 1395
641 1839
641 1990
641 968
641 1587
641 1092
642 1563
642 1564
643 1590
643 2143
643 1848
644 1850
644 1136
644 2370
644 1122
645 970
645 1592
646 2031
646 1593
646 970
646 808
647 812
647 2368
648 971
648 1419
648 974
648 2369
648 812
648 2145
648 810
648 1852
648 1851
648 2034
649 2147
649 1125
649 2373
650 1410
650 1723
650 819
651 981
651 1861
651 1129
652 1596
652 821
652 1742
652 818
652 1132
652 1291
652 2152
653 1741
653 1597
653 822
654 2381
654 983
655 823
655 659
655 2155
655 1133
655 1134
655 1866
656 2158
656 1745
656 984
657 2043
657 1601
657 1599
658 984
658 1292
658 2384
658 2157
658 1745
658 1600
659 823
659 1746
659 2155
659 1133
659 1134
659 2386
659 1293
659 2385
660 2161
662 2391
662 2389
662 1137
662 1606
663 1303
663 2392
663 1294
663 1426
663 825
663 1868
664 826
664 1608
664 811
664 1748
664 827
665 2393
665 1869
665 829
665 666
666 1869
666 829
666 2393
667 1872
667 668
667 1870
668 1872
668 2396
668 986
668 987
669 1296
669 973
669 1138
669 2398
669 2399
669 1857
670 1752
670 1300
670 2166
670 838
671 841
671 1874
671 1753
671 1609
672 840
672 2050
672 1874
672 1301
672 1609
672 1429
673 2172
673 1876
673 1307
673 2054
673 1437
673 1611
673 1140
674 1758
674 843
675 1759
675 1142
676 677
676 1759
677 1759
678 2052
678 987
678 1878
678 679
678 1612
678 2169
678 1304
679 2169
679 1435
679 1612
679 1142
679 1304
679 993
679 2405
680 1305
680 1436
681 2171
682 2411
682 683
683 2411
684 847
684 1620
684 685
684 1441
685 1620
685 1621
685 1619
685 1148
685 1443
685 1441
686 2058
686 1002
686 846
686 2173
687 688
687 1764
687 1003
687 1004
687 2175
687 2057
687 1617
687 1768
687 1309
688 2059
688 1617
688 1764
688 1442
688 2175
688 846
688 1884
689 1766
689 1312
689 1888
690 1009
690 1625
690 1008
690 1624
690 1007
690 2179
690 691
691 692
691 1625
691 1623
691 1151
691 1770
691 1314
692 1623
692 1151
692 1916
692 1182
692 1625
693 2187
693 695
693 1447
693 1628
693 2191
693 1771
694 1891
694 1320
694 1892
694 1152
694 696
694 1011
694 1322
695 2186
695 1771
695 1319
695 1447
695 2191
696 1896
696 1324
696 1317
696 1892
696 856
697 1323
697 1325
697 1630
697 1156
698 1773
698 1155
698 1158
698 1157
698 1895
699 1161
699 1165
699 857
699 1326
700 860
700 1451
700 1449
700 2199
700 857
700 1166
700 1163
700 2200
701 1165
701 2063
701 1160
701 1448
702 2066
702 1632
702 1457
703 862
703 1454
703 1633
703 864
703 865
704 1639
704 1015
704 1330
704 1169
704 866
705 1775
705 2204
705 1018
705 2208
705 2073
705 2074
705 1636
705 1456
705 2071
706 2079
706 1904
706 1463
707 1022
707 1494
707 871
707 1645
708 1467
708 878
708 1027
708 2219
708 2218
708 1339
709 1047
709 1340
709 2081
709 874
709 1942
709 877
710 1467
710 2218
710 1909
711 876
711 2082
711 1468
712 1778
712 880
712 2083
712 1474
712 1470
712 1030
713 2086
713 1341
714 1343
714 906
714 1471
714 1671
715 1912
716 1348
716 1347
716 2226
717 1893
717 1031
717 1317
717 1917
717 2228
717 2229
717 1188
717 1347
717 855
718 1476
718 1032
718 1318
718 1346
718 855
718 1185
719 1479
719 1035
719 2235
719 886
720 1919
720 1159
720 890
720 1187
720 2091
720 2090
721 2237
721 1656
721 1483
721 2238
722 2095
722 1355
723 1039
723 1924
723 1040
723 1041
723 2094
723 1524
723 895
724 1491
724 1195
724 1922
724 1927
725 1194
725 2097
725 1492
725 1489
725 1490
726 1930
726 1637
726 2251
726 2250
726 1358
726 1360
726 728
727 1789
727 728
727 2098
727 1664
727 1197
727 1662
727 1198
727 1663
728 1197
728 2251
728 1663
728 1930
728 1358
729 1361
729 1667
729 1940
729 1668
729 1045
729 1495
729 1024
730 897
731 1367
731 902
731 1793
732 1048
732 733
732 1501
733 1048
733 1500
734 2264
734 1369
734 1946
734 1207
734 1504
735 1204
735 2265
735 1505
735 737
735 1368
735 905
736 1503
736 1203
736 1342
736 2221
736 1049
737 907
737 1505
737 1368
737 2265
737 1366
737 1233
737 1204
738 1944
738 1206
738 739
738 1508
738 1207
738 1507
739 2267
739 1369
739 1507
739 1207
739 1209
739 1944
739 1947
739 1948
740 1054
740 1213
740 1216
740 1952
741 1388
741 912
742 1954
742 1215
742 1217
742 2270
743 1952
743 1675
743 1511
743 1512
744 1513
744 888
744 915
744 914
744 2270
745 894
745 1524
745 747
745 1679
746 1517
746 2274
746 2107
746 933
747 1679
747 918
748 1681
748 1959
748 1375
749 2109
749 1058
749 1355
749 1519
749 1960
750 1529
750 1253
750 1062
750 1063
750 2286
750 1815
750 1067
750 1964
751 920
751 922
751 1963
751 1056
751 1377
751 1065
752 1196
752 1061
752 1683
752 1661
752 2249
752 2248
753 1223
754 1070
754 941
754 1222
754 1221
754 756
754 924
754 1558
754 1803
754 1554
755 1965
755 1531
755 761
755 762
755 1069
756 1070
756 1221
756 1220
756 1803
757 1220
757 1068
758 1969
758 1688
758 1691
758 1225
758 1227
758 1379
759 2290
759 1227
760 2288
760 1692
760 1689
760 1532
760 1710
760 1226
760 2332
761 1688
761 762
761 1967
761 1531
761 1227
761 1228
762 1071
762 1967
762 1254
762 1378
762 1965
762 1531
762 1228
763 1696
763 1382
763 1235
764 1384
764 1537
764 2304
765 1237
765 767
765 1974
766 1386
766 1236
767 1387
767 2117
768 1266
768 2119
768 1238
768 1076
769 770
769 2310
769 2311
769 2122
769 2307
769 1542
770 1812
770 2307
770 2311
771 1241
771 1389
772 1700
772 773
773 1700
773 932
773 1798
773 1515
774 1078
774 1546
774 2317
774 1081
775 1085
775 2321
775 776
775 1548
776 2355
776 2323
776 2321
776 2322
776 1245
777 1817
777 1684
777 1964
777 1086
778 1816
778 1817
778 1818
778 1089
778 1986
778 1250
778 1552
779 1820
779 1555
779 1554
779 1709
779 926
779 924
779 1093
779 1558
779 2330
779 1993
779 2329
780 781
780 1709
780 1559
780 942
781 943
781 942
781 1556
781 1559
781 1992
781 1255
781 940
782 2331
782 1555
782 2130
782 1093
782 1254
782 1708
783 1560
783 1398
783 1821
783 1090
783 1819
784 1712
784 1996
784 1397
784 1256
784 1257
785 1259
785 1825
785 1714
786 1400
786 1562
786 1260
786 1999
787 2004
787 1716
788 949
789 2341
789 1718
789 2342
790 950
790 1264
790 2007
790 1101
790 1718
791 953
791 2134
791 1829
791 1828
791 1570
792 1265
792 1267
792 1828
792 953
792 952
793 1720
793 1103
793 2008
793 2010
793 951
794 2014
794 2015
794 975
794 1126
794 1574
794 1577
794 2012
795 957
795 1576
795 1405
795 1107
795 1832
795 1407
795 1268
796 1270
796 961
796 962
796 1834
796 1409
797 1595
797 2374
797 798
797 1127
797 1111
797 1289
798 962
798 1858
798 1127
798 1289
798 1409
798 2354
798 1111
798 817
798 1595
799 1113
799 2021
799 2018
799 1838
799 2358
799 2356
799 964
799 1725
799 1724
799 800
800 2018
800 2019
800 1115
800 1113
800 1724
800 1725
801 2023
801 2359
801 1727
801 1273
801 1585
801 1410
801 1843
802 1274
802 1118
802 1584
802 2023
802 1726
803 1090
803 806
804 1414
804 1730
804 2361
805 2027
805 1414
805 1586
805 2139
806 1090
806 1821
807 1733
808 2143
808 1846
808 1732
808 1733
809 1719
810 1594
810 1419
810 2145
810 974
810 1737
811 1608
811 827
811 826
811 1283
812 1851
812 2368
812 2034
813 1734
813 1285
813 1853
815 1830
815 1124
815 952
815 1737
816 1287
816 1856
817 1409
817 1858
817 1289
817 2354
818 1132
818 821
818 1596
819 1723
820 1862
820 1422
820 1861
820 981
820 2149
820 2378
821 1742
821 1132
821 1291
821 1596
821 2152
822 1598
822 2380
822 1131
822 1741
823 1293
823 1746
823 1133
823 2385
823 1134
823 2155
823 1866
824 1747
824 2390
824 1605
825 1607
825 2392
825 1426
825 1294
827 1608
827 2371
827 1748
827 1283
827 829
828 1427
829 2047
829 1748
829 1869
830 2394
830 1427
831 986
832 1299
832 2395
832 835
832 1749
832 2048
833 1612
833 993
833 1871
834 2397
834 1428
834 989
834 836
834 2164
834 2165
834 1750
835 1751
835 1299
835 1297
835 1749
836 1739
836 2397
836 989
836 1428
837 1300
837 991
838 1744
838 1754
838 1430
839 2166
839 1429
839 990
839 1301
840 1301
840 2050
840 1609
841 997
841 1609
842 992
842 2168
842 1610
842 1875
843 1762
843 1610
843 1756
844 2407
844 2408
844 2053
845 997
846 1002
846 1886
846 1887
846 1884
847 1441
847 2174
847 1148
847 1765
848 1765
848 1310
848 1311
848 1885
849 2060
849 1007
850 1005
850 1313
850 1890
850 1889
851 1446
851 1009
851 2182
852 1008
852 1150
852 2180
852 2181
853 2190
853 1149
853 1321
853 1771
854 2195
854 1325
854 1152
855 1917
855 2228
855 1476
855 1318
855 1011
856 1896
856 1324
856 2196
857 2200
857 1162
857 1326
857 1166
858 1327
858 1326
858 1899
858 1012
859 2064
859 2198
859 1898
859 1163
859 1449
859 861
860 2065
860 1451
861 1167
861 1163
861 2064
861 1898
861 1455
862 864
862 1633
862 865
863 1167
863 1452
863 2202
863 1900
863 1455
863 1631
864 1633
864 1454
865 1455
865 1452
866 1458
866 1015
866 1329
866 1330
867 1644
868 2213
868 1464
868 1335
868 1906
868 1021
869 1171
869 2075
869 2211
869 1334
870 1023
870 1464
870 1021
870 1776
870 2213
871 2212
872 1465
872 2216
872 2077
872 2078
873 876
873 2080
873 1025
873 2082
873 1907
874 2085
874 1029
874 1340
875 878
875 1670
876 2082
876 1468
876 2080
877 1340
877 1339
877 1908
877 2081
878 1943
878 2218
878 2219
878 1908
878 1498
878 1339
879 1648
879 1176
879 2084
879 1177
879 2220
879 2085
879 1026
879 1029
880 1030
880 1179
880 2083
881 1651
881 2088
881 1779
881 2223
882 1914
882 1473
882 2224
883 2222
883 2184
883 1915
883 1315
884 1650
884 1181
884 885
884 1475
884 2087
885 1475
885 1649
885 2087
885 1181
886 1654
887 2239
887 1782
887 2233
887 1037
887 2234
887 1191
888 915
888 1186
888 1655
888 1036
889 2232
889 1189
889 1035
889 1478
890 1187
890 1919
890 2091
890 2233
890 2090
891 1188
891 1918
891 1480
892 1486
892 1677
892 2106
892 1353
892 1783
892 1955
893 1014
893 2091
893 1187
893 2197
893 1351
894 1678
894 1350
894 1524
895 1041
895 1356
895 1924
896 1357
896 1490
896 1928
896 1042
896 1043
897 2254
898 1936
898 1806
898 1200
898 1224
899 1361
899 1665
899 1046
900 1202
900 1047
900 1502
900 1942
901 1499
901 903
901 2263
902 1793
902 1367
903 2263
903 1499
905 1505
905 1368
905 907
905 2265
905 1204
906 1471
906 1472
906 2102
907 1233
907 1505
907 1204
907 2265
908 1795
908 1208
908 2266
909 1949
909 2104
909 1510
910 1052
911 1371
911 1673
911 1349
911 1652
911 1210
912 1388
912 1211
912 2269
913 2105
913 1951
913 1053
914 2106
914 915
915 1781
915 1186
915 1655
916 1950
916 2272
917 2276
918 1679
918 1956
919 1955
920 1056
920 1520
920 1963
921 1060
921 1958
921 1801
922 923
922 1961
922 1963
922 1527
922 1802
923 1527
923 1219
923 1802
923 1961
924 1558
924 1221
924 1222
924 2329
924 1554
924 1820
924 1803
924 2287
925 1804
925 1223
925 1530
925 1685
926 2287
926 1071
926 1555
926 1993
926 1254
926 1686
926 1378
926 1093
926 1820
926 1965
927 1805
927 2289
927 1666
927 1533
928 1693
928 1535
928 1810
929 1696
929 2304
929 1695
929 1384
930 2338
930 1717
931 932
931 1979
931 1389
931 1977
931 1699
932 1515
933 1391
933 2107
933 1242
934 1079
934 1981
934 1392
934 1243
934 1813
934 1702
935 2126
935 1983
935 1083
935 1551
936 1818
936 1089
936 1083
936 1982
936 1551
937 1248
937 1088
937 1091
937 1988
937 1987
937 938
937 2325
937 1557
937 1252
938 1088
938 1707
938 1557
938 1248
938 1252
939 1249
939 1989
939 2128
939 1583
939 1553
939 1251
940 1396
940 1556
940 1255
941 1554
941 1803
941 1222
941 1558
942 2130
942 943
942 1559
942 1709
942 1556
942 1992
943 1819
943 2130
943 1556
943 1560
943 1398
943 1992
944 2288
944 1995
944 1713
945 1998
945 1997
945 2296
945 1258
945 2292
946 1399
946 2334
948 949
948 2003
950 1827
950 2007
950 1101
950 1102
950 1571
951 2008
951 1812
951 1573
951 1103
952 1267
952 1124
952 1830
952 1265
952 2009
953 2134
953 1720
953 1828
954 977
954 2372
954 1406
954 2350
954 955
954 2349
955 2349
955 2372
955 1406
955 977
956 1107
956 1105
956 1576
956 1403
957 1404
957 1106
957 1576
957 1268
957 1832
957 2013
957 1407
958 1109
958 1110
958 1271
959 2017
959 960
960 2352
960 2017
961 1408
961 1834
961 1578
961 962
962 1409
962 1834
963 1411
963 1579
963 2352
963 1580
963 1116
963 2020
964 1725
964 2358
964 1837
964 2021
964 1273
964 1410
965 1841
965 966
965 2042
966 1120
966 2138
966 1421
966 2042
966 2362
967 1275
967 1277
967 1413
967 1842
967 1581
968 1276
968 1588
968 1587
968 1412
969 2030
969 1418
969 1589
969 1845
970 1592
970 1593
971 1852
971 1851
971 2369
971 972
971 1419
972 1419
973 1857
973 2398
973 1138
974 2145
974 1419
975 2035
975 2015
975 1574
975 1126
975 1123
976 1859
976 1831
976 1740
977 1740
978 1855
978 1739
978 2146
979 2038
979 2037
979 980
979 1855
980 2039
980 2037
980 2038
981 1861
981 2378
981 1422
981 2149
982 1135
982 2362
982 2383
982 1120
982 2138
983 1141
983 2401
983 2045
983 2381
983 1423
984 1600
984 1745
984 1424
984 2159
985 2160
985 1281
986 2396
986 1872
987 1304
987 1612
987 1878
987 2052
988 2395
988 2048
988 1138
988 1296
989 2397
989 1428
990 1429
990 1301
991 1753
992 1875
992 1432
992 2167
992 2051
992 1877
993 1612
993 1142
993 2405
994 1143
994 1761
994 1435
995 997
995 1614
996 2053
997 1609
998 1879
998 1881
998 2172
998 1147
999 1882
999 2409
999 1762
999 1880
999 2055
1000 1308
1000 1883
1000 2056
1000 1001
1001 2056
1001 1308
1001 1883
1001 2410
1002 1884
1002 1887
1002 1886
1003 2057
1003 1617
1003 1309
1003 1004
1004 1309
1004 2057
1004 2178
1005 1890
1005 1769
1005 2060
1006 1309
1006 2178
1006 1769
1006 1768
1007 1624
1007 1008
1007 2181
1008 1009
1008 2181
1008 1624
1009 2179
1009 1446
1010 1627
1010 2061
1010 1894
1010 2189
1010 1320
1011 2228
1011 1322
1011 1317
1011 1318
1011 1891
1012 1014
1012 2197
1012 1159
1012 1327
1013 1154
1013 2196
1013 1629
1014 1351
1014 1187
1014 2091
1014 2197
1014 1327
1015 1330
1015 2070
1015 1774
1015 1638
1015 1458
1015 1331
1016 1333
1016 2072
1016 1043
1016 2074
1017 1019
1017 1334
1017 2207
1017 1901
1018 2071
1018 1775
1018 1636
1018 1903
1018 2204
1019 1489
1019 1456
1019 1332
1019 2207
1020 1646
1021 1464
1021 2213
1021 1776
1021 1023
1022 1645
1023 1906
1024 1647
1024 1174
1024 1668
1025 2177
1025 2080
1025 1338
1025 1907
1025 1028
1026 2084
1026 2220
1026 1029
1026 1340
1027 1339
1027 1338
1027 1467
1027 2080
1027 1469
1028 1338
1028 1175
1028 1907
1029 1648
1029 1176
1029 1177
1029 2220
1029 2085
1029 2084
1030 1778
1030 2083
1030 1179
1030 1470
1031 1188
1031 1893
1031 1347
1031 1917
1031 1897
1031 2228
1031 1317
1032 1476
1032 2229
1033 1477
1033 2225
1033 1184
1033 2089
1034 1481
1034 1782
1034 2233
1034 1920
1034 2090
1035 1478
1035 2232
1035 1479
1036 1655
1036 2232
1036 1676
1036 1478
1036 1374
1037 1782
1037 2239
1037 2233
1037 2234
1037 1191
1038 1352
1038 1039
1038 2240
1038 1926
1038 1356
1038 1921
1039 1352
1039 1356
1039 1921
1039 2240
1039 2094
1040 1041
1040 1524
1040 2246
1040 1525
1040 1800
1040 1058
1040 1784
1041 1924
1041 1524
1041 2246
1042 1357
1042 1043
1042 1788
1042 2242
1042 1923
1042 1928
1043 2242
1043 2074
1043 2072
1043 2208
1044 1198
1044 1904
1045 1668
1045 1667
1045 1361
1045 1362
1045 1201
1045 1940
1045 1495
1046 1791
1047 1202
1047 1942
1047 2081
1048 2262
1048 1230
1048 1501
1049 1342
1049 1502
1049 1180
1049 2221
1050 1794
1050 2102
1050 1207
1050 1508
1051 1793
1051 1205
1051 1203
1051 1506
1051 1367
1052 1208
1053 1509
1053 1951
1053 1797
1054 1952
1054 1515
1054 1213
1055 1217
1055 1214
1055 1373
1055 1675
1055 1514
1055 2273
1055 1953
1056 1523
1056 1520
1057 1991
1057 1982
1057 2319
1057 2110
1057 1377
1057 1087
1058 1800
1058 1784
1058 2246
1058 2245
1058 1960
1058 1525
1059 1525
1059 1522
1059 2280
1060 1522
1060 1526
1060 1801
1060 1958
1060 2279
1061 2096
1061 2248
1061 1683
1061 2249
1061 1661
1061 1528
1061 1196
1062 1962
1062 1064
1062 1063
1062 1067
1062 1066
1062 2286
1062 2284
1062 1529
1063 1529
1063 1962
1063 2286
1063 1067
1064 2284
1064 1962
1064 1682
1064 2283
1065 1219
1065 2110
1065 2285
1065 1376
1065 1377
1066 1684
1066 1964
1066 1962
1066 1219
1067 1962
1067 2286
1067 2284
1067 1529
1069 1530
1070 1803
1070 1222
1070 1220
1071 1708
1071 1820
1071 1686
1071 1093
1071 1993
1071 1965
1071 1378
1071 1254
1073 2294
1073 2295
1073 2296
1074 2263
1074 1499
1075 2103
1075 1538
1075 2302
1075 1366
1075 1234
1075 2114
1075 2112
1076 2343
1076 1266
1076 2008
1076 1573
1077 2314
1077 2315
1077 1701
1077 1391
1078 1980
1078 2316
1078 1704
1078 1547
1079 1981
1079 1702
1079 1813
1080 1392
1080 1545
1081 1244
1081 2125
1081 1985
1081 1084
1081 1550
1081 1546
1082 1393
1082 1247
1083 1247
1083 1551
1084 1985
1084 2125
1084 1548
1084 1085
1084 1550
1085 1112
1085 1550
1085 2323
1086 1684
1086 1376
1086 2285
1086 1219
1087 2110
1087 1991
1087 1376
1087 1377
1087 2319
1087 1089
1088 1248
1088 2327
1088 1553
1088 1707
1088 1706
1088 1252
1089 1816
1089 1818
1089 1991
1090 1255
1090 1821
1090 1819
1091 1987
1091 1248
1091 1092
1091 1557
1092 1248
1092 1395
1092 1557
1092 1990
1093 1820
1093 1708
1093 1709
1093 2329
1093 1555
1093 1993
1093 2330
1094 1710
1094 1712
1094 1692
1094 2332
1095 2335
1095 2334
1095 1823
1095 1822
1095 1561
1095 2131
1095 1399
1096 1261
1097 1099
1097 2337
1097 2000
1097 1565
1098 1565
1098 2337
1098 1099
1098 2336
1098 2001
1099 1565
1099 2337
1100 2001
1100 1716
1101 1264
1101 2340
1101 2007
1101 1718
1102 1571
1102 1827
1102 2005
1103 2343
1103 2008
1103 1573
1104 2344
1104 1106
1104 2345
1104 1721
1105 1576
1105 1405
1105 1107
1105 1108
1106 1832
1106 2345
1106 2344
1106 2013
1106 1721
1107 1407
1107 1576
1107 1403
1107 1405
1108 1128
1108 1111
1109 1271
1110 1269
1110 1405
1110 2353
1110 2016
1110 1271
1110 1408
1111 2374
1111 1128
1111 1127
1111 1595
1112 2135
1112 1245
1112 2323
1113 2358
1113 2018
1113 2356
1113 1115
1113 1725
1113 1724
1114 2357
1114 1270
1114 1835
1114 1411
1114 2351
1115 2019
1115 1724
1115 1245
1115 2355
1116 2135
1116 1838
1116 1580
1116 1411
1116 2356
1117 1841
1117 1840
1117 2026
1117 1728
1117 2136
1118 1728
1118 1582
1118 1584
1118 1726
1119 1415
1120 2362
1120 2138
1120 2383
1121 1592
1121 1849
1122 1284
1122 2370
1122 1853
1122 1285
1123 1286
1123 1574
1123 2035
1123 2036
1123 1126
1124 1265
1124 1830
1125 2036
1125 2147
1125 1856
1125 2039
1126 2015
1126 2035
1126 1574
1127 1289
1127 2374
1127 1595
1127 1128
1128 1595
1128 2374
1128 1288
1128 1859
1130 2400
1131 2153
1131 1741
1131 2380
1131 1864
1131 1598
1132 1861
1132 1596
1133 2155
1133 1866
1133 1134
1133 1746
1134 1293
1134 2155
1134 1746
1134 2385
1134 1866
1135 1424
1135 2383
1136 2162
1137 1606
1138 1296
1138 2049
1138 1298
1138 2398
1138 2399
1138 1873
1138 1749
1139 1302
1140 2402
1140 1755
1140 1431
1140 1611
1141 2401
1141 2381
1144 1613
1146 1763
1146 2051
1146 1432
1146 1879
1147 1439
1147 1881
1147 1879
1147 1616
1148 1621
1148 2176
1148 1442
1148 2174
1149 1321
1149 2190
1150 1889
1150 1622
1150 2181
1150 1445
1151 2184
1151 1623
1151 1770
1151 1314
1151 1316
1151 2222
1152 1320
1152 2195
1152 1325
1153 2227
1153 1185
1153 1626
1153 1346
1153 1780
1154 1629
1154 1895
1154 1155
1155 1158
1155 2192
1155 2194
1155 1895
1156 2193
1156 2192
1156 1323
1157 1773
1157 1158
1157 1448
1158 1773
1158 1160
1158 1448
1158 2062
1159 1187
1159 2091
1159 1919
1160 2063
1160 2062
1160 1448
1160 1773
1161 1165
1161 2198
1161 1450
1162 1326
1162 2200
1162 1899
1162 1166
1163 2064
1163 1167
1163 2199
1163 1449
1163 1898
1164 1772
1165 1326
1165 1448
1165 2063
1165 1773
1166 2200
1167 1455
1167 1898
1167 2202
1167 1900
1168 2068
1168 1787
1168 1453
1168 1786
1169 2205
1169 1639
1169 1640
1170 1642
1170 2209
1170 1172
1170 1641
1171 2210
1171 2211
1171 1905
1171 2075
1171 1462
1172 1641
1173 2215
1173 1337
1173 1174
1173 1466
1173 2217
1174 2217
1174 1668
1174 1466
1175 1618
1176 2085
1176 1648
1176 1177
1176 1180
1177 1648
1177 1910
1177 2085
1177 2086
1178 1911
1178 1767
1179 1910
1179 1913
1179 2083
1180 1502
1180 2221
1180 2085
1181 1475
1181 1649
1181 2087
1182 1916
1182 2185
1182 1623
1183 1184
1184 2230
1184 1653
1184 2225
1185 2227
1185 1346
1185 1780
1186 1781
1186 1655
1186 1920
1186 1190
1186 1189
1186 1482
1187 2197
1187 2091
1187 1919
1188 1897
1188 1347
1189 2232
1189 1920
1189 1478
1190 1781
1190 1482
1190 1783
1190 1782
1191 1483
1191 1484
1191 2234
1191 1783
1192 1923
1192 2244
1192 1787
1192 1786
1192 1488
1193 1785
1193 1356
1193 1657
1193 1926
1194 1489
1194 1456
1194 1659
1195 1927
1195 1928
1195 1491
1195 2097
1195 1658
1196 1661
1196 1660
1196 2249
1196 2248
1196 2247
1196 1927
1197 1930
1197 1789
1197 1359
1197 1662
1197 1663
1197 1664
1198 1664
1198 2098
1198 1932
1199 1791
1199 1934
1200 1969
1200 2100
1200 1690
1200 1934
1201 1362
1201 1669
1201 1667
1201 1940
1201 1938
1202 1502
1202 1942
1203 1503
1203 1205
1203 1506
1204 2265
1204 1368
1204 1505
1205 1506
1205 1503
1206 1671
1206 1208
1206 1508
1206 2266
1207 1507
1207 1508
1207 1369
1207 1794
1207 1944
1207 1946
1207 1504
1208 1795
1208 2266
1209 1948
1209 1507
1209 2267
1209 1947
1209 1369
1209 1944
1210 1370
1210 1673
1210 1652
1211 2269
1211 1212
1212 1372
1213 1952
1214 1953
1214 1514
1215 2271
1215 1676
1215 1954
1216 2272
1216 1951
1217 1513
1217 1514
1217 1953
1217 1954
1217 2273
1218 1516
1218 1518
1218 2277
1219 1376
1219 1961
1219 1684
1219 2285
1219 1377
1220 1804
1221 1558
1221 1554
1221 1803
1221 2287
1221 1222
1222 1558
1222 1803
1222 1554
1222 2329
1223 1685
1224 1225
1224 1806
1224 1969
1224 1691
1225 1379
1225 1806
1225 1691
1225 1688
1226 1532
1226 2288
1226 1710
1226 1689
1226 1968
1226 2291
1227 1379
1227 1967
1227 1688
1227 1531
1227 2290
1228 1967
1228 1692
1228 1689
1228 1531
1229 2111
1229 1381
1229 1811
1229 1808
1230 2297
1230 2262
1231 2300
1231 1811
1231 1970
1231 1809
1231 1536
1232 1970
1232 2301
1232 1536
1233 1366
1233 2302
1233 2113
1233 2115
1234 2302
1234 1366
1234 2113
1234 2114
1234 2103
1235 2112
1235 1382
1235 2115
1235 2113
1235 2302
1236 1697
1236 1386
1237 2119
1237 1238
1237 2340
1237 1264
1237 1974
1238 1974
1238 1698
1238 2119
1238 2340
1238 1264
1239 1240
1239 2120
1240 2310
1240 2120
1240 1542
1241 1389
1241 1975
1241 1699
1242 2274
1242 2107
1243 1702
1243 2124
1243 1813
1244 2125
1244 2318
1244 1579
1244 1703
1244 1985
1244 1546
1245 1393
1245 2355
1245 2322
1245 2019
1245 2323
1246 1375
1246 1705
1247 1549
1247 2127
1247 2320
1248 1252
1248 1395
1248 1990
1248 1557
1249 2128
1249 2127
1249 1251
1249 2129
1250 1394
1250 1986
1250 1817
1250 2326
1251 2129
1251 1583
1251 2128
1251 2127
1252 2327
1252 1988
1252 2326
1253 1994
1253 1815
1253 2286
1253 1529
1253 2324
1254 1708
1254 2331
1254 1993
1254 1965
1254 1686
1254 1555
1254 1378
1255 1556
1255 1396
1255 1819
1256 1824
1256 1996
1256 1397
1257 1397
1257 2332
1257 1996
1257 1713
1257 1712
1258 1998
1258 1997
1258 1715
1259 1714
1260 1562
1260 1825
1260 1999
1260 1400
1261 1563
1261 2132
1262 2002
1262 1826
1262 1263
1262 1566
1263 1566
1263 2002
1264 2007
1264 2119
1264 2340
1265 1830
1265 1267
1266 1573
1266 1575
1266 2008
1266 2343
1267 1828
1267 1830
1267 2009
1267 2134
1268 1407
1268 1576
1268 2013
1268 1832
1268 2353
1269 2016
1269 2353
1269 1408
1269 1578
1269 1405
1270 1834
1270 2351
1271 2353
1272 2022
1272 1835
1272 1836
1273 1837
1273 1410
1273 1585
1273 2359
1273 2018
1274 1726
1274 2024
1274 1581
1275 1583
1275 1413
1275 1277
1276 1842
1276 1581
1276 1588
1276 1729
1276 2136
1276 1412
1276 2024
1277 1413
1277 1583
1278 1844
1278 1416
1278 1417
1278 2140
1279 2028
1279 2363
1280 2142
1280 2365
1280 1845
1280 1589
1280 2030
1280 2029
1281 2160
1282 1283
1282 2371
1282 1608
1283 1608
1283 2371
1284 2047
1284 2370
1284 1853
1285 1734
1285 1736
1285 1853
1286 2035
1286 2036
1286 2147
1287 1856
1288 1859
1288 1860
1289 2354
1289 1595
1289 1858
1289 1409
1290 1597
1290 1865
1290 2151
1290 1862
1290 2379
1290 2377
1291 1744
1291 1742
1291 2154
1291 1596
1291 2152
1292 1600
1292 2157
1292 2384
1292 1866
1293 1746
1293 2385
1293 2387
1293 1602
1293 2388
1293 2155
1294 1868
1294 1303
1294 2392
1294 1426
1295 1869
1296 2048
1296 2395
1297 1870
1297 1299
1298 2165
1298 1873
1298 2399
1298 2049
1298 1751
1299 1749
1299 1873
1299 1751
1300 1752
1301 2050
1301 1429
1302 1757
1302 2403
1302 1433
1303 1426
1303 1868
1304 2169
1304 2052
1304 1760
1304 1878
1304 1306
1304 1435
1305 1436
1305 1306
1305 1761
1306 1436
1306 1760
1306 2052
1306 1761
1307 1437
1307 1615
1307 1876
1308 2056
1308 1883
1309 2178
1309 2175
1309 2057
1309 1768
1309 1617
1310 1765
1310 1311
1310 1885
1311 1765
1311 2058
1311 1885
1312 2060
1312 1888
1312 1766
1313 1622
1313 1890
1313 1889
1313 1445
1314 1770
1314 2184
1314 1316
1314 2222
1315 2184
1315 1316
1316 1770
1316 2184
1317 1893
1317 2228
1317 1892
1318 1322
1318 1891
1319 1447
1319 2188
1319 1771
1320 1322
1320 2061
1320 1447
1320 2186
1321 2190
1321 1771
1322 1891
1322 2187
1322 2186
1324 2196
1324 1896
1324 1629
1325 2196
1325 1896
1325 1630
1325 2195
1326 1899
1327 2197
1327 1899
1327 1351
1328 2093
1328 1925
1328 2203
1328 2243
1328 2069
1329 1458
1329 1330
1330 1458
1331 1774
1331 1458
1331 2070
1331 1902
1332 1775
1332 1636
1332 2073
1332 2204
1332 1456
1332 2207
1332 1489
1333 2206
1333 1635
1334 2207
1334 2075
1334 1637
1334 1901
1335 1464
1335 1776
1336 1463
1336 2076
1337 1466
1337 2214
1337 2215
1337 2216
1337 2078
1338 2080
1338 1907
1338 1467
1339 2219
1339 1467
1339 1908
1340 2081
1340 1469
1341 1472
1341 2086
1342 2221
1342 1503
1342 1472
1343 1471
1343 1671
1344 1915
1344 1649
1344 1780
1345 1914
1345 1795
1346 2227
1346 1780
1347 1348
1347 2228
1347 2229
1347 1917
1347 1893
1348 2226
1348 2229
1349 1674
1349 1654
1350 2241
1350 1678
1351 2238
1351 2197
1351 1772
1352 2240
1352 1487
1352 1921
1352 2092
1353 1955
1353 1484
1353 1354
1353 1486
1354 1678
1354 1486
1354 1955
1355 2095
1355 2245
1355 2109
1356 2240
1356 1921
1356 2094
1356 1924
1356 1926
1356 1785
1357 1788
1357 1490
1357 1928
1358 1663
1358 2251
1358 2250
1358 1637
1358 1360
1358 1930
1359 1930
1359 1662
1359 1663
1359 2099
1359 1789
1360 1930
1360 1637
1360 2251
1360 2250
1361 1495
1361 2255
1361 1665
1361 1667
1361 1362
1362 1495
1362 2255
1362 1667
1362 1938
1363 2100
1363 1805
1363 1934
1363 1933
1363 2289
1363 1666
1364 1365
1364 2261
1364 1501
1365 2261
1366 2302
1366 2115
1366 2113
1366 2103
1367 1793
1368 1505
1368 2265
1369 1672
1369 1946
1369 1947
1369 1948
1369 2267
1369 1504
1369 2268
1369 1507
1370 1673
1370 1945
1371 1509
1371 1674
1372 2104
1372 1510
1373 1675
1373 1798
1373 1953
1374 1479
1374 1478
1374 2271
1374 1676
1375 1959
1375 1983
1376 1377
1376 1991
1376 2285
1376 2110
1377 2285
1377 2110
1378 1686
1378 1993
1378 1965
1379 1691
1379 1688
1379 1969
1380 2294
1380 2295
1380 1534
1380 1807
1381 1810
1381 1811
1381 1808
1381 2111
1381 1535
1382 2115
1382 2113
1382 1696
1383 1973
1383 2112
1384 2304
1385 1971
1385 1972
1385 1695
1385 1809
1386 1540
1386 1697
1387 2117
1387 2116
1388 2308
1389 1699
1389 1975
1389 1977
1390 1812
1390 2311
1390 2123
1390 2121
1390 1976
1390 1544
1390 1975
1391 1701
1391 2314
1391 2278
1392 1702
1392 1545
1393 2355
1393 2322
1394 1815
1394 1817
1394 2326
1394 1988
1395 1587
1395 1839
1395 1990
1395 1557
1395 1412
1397 1712
1397 1996
1398 1560
1398 1819
1399 2334
1399 2131
1399 1561
1399 1713
1400 1999
1400 1562
1401 1823
1401 2335
1401 1825
1401 2333
1401 2366
1401 2028
1402 2133
1403 2348
1403 1404
1403 1576
1403 2013
1403 2011
1403 1407
1404 1407
1404 2347
1404 2345
1404 2013
1404 2011
1405 2016
1405 1576
1405 2353
1406 2350
1406 2349
1406 2348
1406 1831
1407 1832
1407 2013
1407 1576
1408 2016
1408 1578
1409 2354
1409 1834
1409 1858
1410 1837
1410 2359
1410 1723
1410 2149
1411 1835
1411 2357
1411 1580
1412 1729
1412 1842
1412 1839
1412 2024
1413 2025
1414 2139
1414 2137
1414 1586
1414 2361
1415 1586
1416 1844
1416 1418
1417 2364
1418 1589
1418 2030
1419 2145
1419 1852
1419 1851
1419 2369
1420 1582
1420 2041
1420 1597
1421 2042
1422 2360
1422 2149
1422 1862
1422 1843
1423 2382
1423 1601
1423 2045
1423 2381
1424 2159
1424 1745
1425 1604
1425 2391
1425 2389
1425 2144
1426 1605
1426 1868
1426 2392
1427 2394
1428 2165
1428 2397
1429 2166
1430 1754
1430 1744
1431 2402
1431 1755
1431 2167
1432 2167
1432 1875
1432 2051
1433 1757
1433 2403
1434 1758
1434 2404
1435 1761
1435 2169
1436 1760
1436 1761
1437 2406
1437 1876
1437 1615
1437 1438
1437 2054
1438 1615
1438 2406
1438 2054
1439 1882
1439 1616
1439 1881
1439 1880
1439 1879
1439 1763
1440 2404
1440 2410
1441 1620
1441 2174
1442 2176
1442 2175
1442 1764
1442 1617
1443 1621
1443 1619
1445 1622
1445 1889
1446 2179
1446 2183
1446 2182
1447 2191
1447 2061
1447 2186
1448 2063
1448 1773
1449 2198
1449 2199
1449 2064
1451 1631
1451 2065
1452 2068
1452 2202
1452 1900
1453 2067
1453 2068
1454 1634
1454 1633
1455 1898
1455 2202
1456 2208
1456 1659
1456 2074
1456 1489
1456 2073
1456 1775
1456 1636
1456 2204
1457 1774
1457 1902
1457 1635
1457 1903
1457 1459
1457 2070
1457 2206
1459 1902
1459 2066
1460 1643
1460 1642
1461 1640
1461 1641
1461 1642
1462 1905
1462 2211
1462 2210
1462 2076
1463 2079
1463 2076
1464 1776
1464 2213
1465 1647
1465 2216
1465 2078
1466 2217
1467 2218
1467 2219
1467 1909
1468 1469
1470 1911
1470 2185
1470 2083
1470 1778
1470 1767
1470 1766
1471 1671
1471 2102
1471 1472
1473 1914
1473 2224
1474 1779
1474 1651
1475 1650
1475 2087
1477 1653
1478 2232
1478 1479
1479 1950
1480 1918
1481 2231
1481 2090
1482 1783
1482 1782
1482 1781
1482 1920
1483 2237
1483 2238
1484 1486
1484 1783
1485 2236
1485 1656
1485 2065
1485 2093
1486 1955
1486 1783
1487 2092
1488 2244
1488 1923
1488 1788
1489 2208
1489 1659
1489 2073
1490 1492
1490 2097
1490 1928
1491 1927
1491 2096
1491 1922
1492 2097
1492 1658
1493 1790
1494 2253
1494 1937
1495 1667
1495 1665
1495 2255
1496 1497
1496 2260
1496 2259
1496 1941
1496 1792
1496 2258
1497 2101
1497 2259
1497 2260
1497 1939
1497 1941
1497 1792
1498 1943
1498 1670
1499 2263
1500 2298
1503 1506
1504 1946
1504 2264
1505 2265
1507 1948
1507 1947
1507 1944
1507 2267
1508 2102
1508 1794
1509 1674
1511 1798
1511 1675
1511 1952
1511 1512
1512 1675
1512 1798
1512 1515
1512 1952
1513 2273
1513 1514
1514 1953
1514 1799
1514 2273
1515 1798
1516 2277
1516 1518
1517 1956
1517 1680
1517 2274
1518 2277
1519 2280
1519 1960
1519 2109
1519 1957
1520 1523
1521 1525
1521 1526
1521 1800
1521 1522
1521 2279
1522 1801
1522 2279
1522 1525
1523 1681
1523 2280
1524 1800
1524 2246
1525 1800
1526 2279
1527 1963
1527 2282
1527 1961
1527 1802
1528 1957
1528 2109
1528 1683
1528 2096
1528 2249
1529 2286
1529 1815
1529 1964
1530 1685
1530 1804
1531 1967
1531 1688
1532 1689
1532 2288
1532 1968
1532 2291
1532 2290
1533 1805
1533 1666
1533 2289
1533 1966
1534 2293
1535 1693
1535 1808
1535 1810
1535 2298
1536 1970
1536 1810
1536 1811
1536 2111
1537 1696
1538 1672
1538 2268
1538 1973
1538 2114
1539 1698
1539 1541
1539 1540
1539 2305
1540 1697
1540 1541
1540 2305
1540 2116
1541 2305
1542 2310
1543 1976
1543 1978
1543 2121
1544 2121
1544 1812
1544 2123
1544 2311
1544 1978
1545 2313
1545 2312
1546 1985
1546 2125
1546 1703
1546 2317
1547 1704
1547 1548
1547 1814
1547 1984
1547 1980
1548 2125
1548 1550
1548 1814
1548 1984
1549 1552
1549 2320
1549 2127
1550 1985
1550 2125
1550 1579
1552 1706
1552 2127
1552 2128
1552 2320
1553 2328
1553 1989
1553 1707
1553 1706
1554 1558
1554 2329
1554 2330
1554 1820
1554 1709
1554 1803
1555 1993
1555 1992
1555 2330
1555 2331
1555 1820
1555 1709
1555 2130
1555 1708
1556 1559
1556 1560
1556 1992
1556 1819
1556 2130
1557 1990
1558 1803
1558 2329
1558 2330
1559 1709
1559 1992
1560 1992
1560 2130
1560 1819
1561 2131
1561 2335
1561 2334
1561 1825
1561 2333
1561 1822
1562 1999
1563 1564
1563 2132
1564 2132
1565 2336
1565 2337
1565 2000
1566 2339
1566 2003
1566 1826
1567 2005
1567 2006
1567 1568
1568 2009
1568 2134
1568 2005
1569 1854
1569 1735
1570 1829
1570 2134
1571 1827
1571 1572
1572 2133
1572 2339
1572 1827
1573 1575
1573 2008
1573 2343
1574 2035
1574 2015
1575 1829
1575 1720
1575 2343
1576 2353
1577 2015
1577 2014
1577 1722
1577 2012
1578 2016
1579 2352
1579 1703
1579 2318
1579 2020
1580 2357
1580 1835
1580 2352
1580 2020
1581 1729
1581 1842
1581 2024
1582 2041
1582 1728
1582 1726
1584 2023
1584 2025
1584 1726
1584 1727
1585 2023
1585 1727
1585 2359
1586 2137
1587 1990
1587 1588
1588 1729
1588 1730
1588 2136
1589 2030
1589 2142
1590 2143
1591 2032
1591 1846
1593 2031
1593 1846
1594 1737
1594 2033
1594 2006
1595 2374
1596 2152
1597 2041
1597 2151
1598 2380
1598 2153
1598 1741
1599 2156
1599 2043
1599 2044
1600 2384
1600 2157
1601 2043
1601 2382
1602 2387
1602 2388
1603 2390
1604 2160
1605 2390
1606 1867
1607 1867
1607 2392
1608 2371
1608 1748
1609 2050
1610 1756
1610 2168
1611 1876
1611 1755
1611 2172
1612 2169
1612 1878
1612 2405
1614 2053
1615 2406
1616 1880
1616 1763
1616 1881
1616 1879
1617 1764
1617 1768
1617 2057
1617 2175
1618 2177
1619 1621
1619 1620
1622 1889
1623 1625
1623 1916
1624 2181
1625 1770
1625 2179
1626 1628
1627 2189
1627 1894
1628 2191
1628 2187
1629 2196
1629 1896
1630 2195
1630 2196
1631 1900
1631 2203
1631 2202
1634 2201
1635 2206
1635 1903
1636 2208
1636 1775
1636 2204
1636 2073
1636 2071
1637 2207
1637 2075
1637 2251
1637 2250
1638 2070
1638 1903
1638 1774
1639 1901
1639 2205
1640 1641
1640 1643
1641 2205
1642 1643
1642 2209
1644 2209
1646 2214
1647 2078
1647 2216
1648 2084
1648 2085
1648 2086
1648 1910
1649 1915
1649 2087
1651 2223
1651 2088
1651 1779
1652 1673
1652 2089
1653 2230
1655 2270
1655 1781
1656 2236
1656 2237
1657 1785
1657 1787
1658 1927
1658 2097
1658 2247
1659 2074
1659 2073
1659 2204
1659 2208
1660 1927
1660 1929
1660 2248
1660 1661
1660 2247
1661 2249
1661 2248
1661 1929
1662 1664
1662 1663
1662 1789
1663 1930
1663 1664
1664 1789
1664 2098
1664 1932
1665 2255
1666 1805
1666 2289
1666 1933
1667 1940
1667 1669
1667 1668
1668 2257
1668 1940
1668 1669
1669 1940
1669 2257
1672 2267
1672 2268
1672 1946
1672 1947
1674 1797
1676 2271
1677 2106
1677 1955
1678 2108
1678 2241
1678 1679
1679 2108
1680 2274
1680 1956
1681 2281
1681 1959
1682 1962
1682 2284
1682 2283
1683 2249
1684 1964
1685 1804
1686 1820
1686 1965
1686 2287
1686 1993
1687 1995
1687 2296
1687 2292
1687 1807
1688 1969
1688 1691
1689 1692
1689 1967
1689 2290
1690 1969
1690 2100
1691 1806
1691 1969
1692 1967
1692 1710
1693 2299
1693 2298
1694 1971
1694 2303
1695 1971
1697 2116
1698 1974
1699 1979
1699 1975
1699 1977
1699 1976
1700 1798
1701 2315
1701 2314
1703 1985
1703 2318
1704 1980
1704 1984
1704 1705
1706 1986
1706 2128
1706 2327
1707 2328
1707 1989
1708 2331
1709 2330
1709 2329
1709 1820
1710 2288
1710 2332
1711 1824
1712 1996
1713 2334
1713 2131
1714 2029
1714 1845
1714 2141
1715 1999
1715 1998
1716 2004
1716 2001
1717 2338
1718 2341
1718 2007
1720 2010
1720 1828
1721 2345
1721 2344
1722 2349
1722 2348
1722 2014
1722 2012
1723 1837
1723 2149
1724 1725
1724 2135
1724 2019
1724 2356
1725 2021
1725 2018
1725 2358
1725 2356
1725 1838
1726 1728
1727 1843
1727 2025
1727 2023
1727 2359
1728 1840
1729 1842
1729 2024
1729 2136
1730 2139
1730 2361
1730 2027
1731 2142
1732 2143
1732 1847
1732 1733
1734 1736
1734 2367
1735 2006
1735 2033
1736 2367
1738 1857
1738 1750
1738 2164
1739 1855
1739 2146
1741 1864
1741 2380
1741 2376
1742 1744
1742 2152
1742 2154
1743 2040
1743 1863
1743 2153
1744 2154
1744 1754
1745 2159
1746 2386
1746 2385
1746 2155
1747 2046
1748 2047
1748 1869
1749 2398
1749 2395
1749 1751
1749 1873
1749 2049
1749 2048
1749 2399
1750 1857
1750 2164
1750 2165
1751 1873
1751 2049
1752 2166
1753 1874
1755 2172
1756 1762
1758 2404
1760 2052
1762 2055
1763 1879
1763 1880
1763 1881
1763 1882
1764 1768
1764 1884
1764 2059
1764 2175
1765 2174
1765 1885
1766 1888
1766 1767
1766 1778
1767 1911
1768 2057
1768 2178
1769 1890
1770 2179
1770 2184
1771 2191
1771 2190
1772 2238
1772 2237
1774 2070
1774 1903
1775 2204
1775 2073
1775 2208
1775 2071
1776 2213
1777 1905
1777 2209
1777 2210
1778 2083
1778 1911
1778 2185
1779 2088
1779 2223
1780 2227
1781 1920
1782 1920
1782 2233
1782 2234
1784 2245
1784 1960
1784 2246
1785 1787
1785 1926
1786 2244
1786 1923
1786 1787
1788 1922
1788 1928
1789 2098
1789 1932
1790 1931
1791 1933
1791 1934
1791 2256
1792 1941
1792 1939
1792 2101
1792 2259
1792 2260
1794 2102
1795 2266
1796 1945
1799 2275
1800 2246
1801 1958
1801 2279
1802 2282
1802 1963
1802 1961
1805 1966
1805 2289
1806 1969
1807 1968
1807 2295
1807 2296
1807 2294
1808 1810
1808 1811
1808 2111
1809 2300
1810 2301
1811 2111
1811 2300
1811 1970
1812 2123
1812 2311
1812 2307
1812 2121
1814 2126
1814 1984
1815 1988
1815 1994
1815 2325
1815 2324
1816 1986
1816 1818
1816 1817
1817 1986
1818 2320
1818 1991
1819 1821
1820 2287
1820 2330
1820 2329
1820 1993
1822 2131
1822 1823
1822 2335
1822 2334
1822 2333
1823 2335
1823 2333
1824 1996
1825 2333
1825 2335
1826 2306
1827 2005
1828 2134
1830 2009
1831 2350
1832 2013
1833 2011
1833 2346
1833 2347
1834 2351
1835 2022
1835 1836
1835 2357
1836 2021
1836 1838
1836 2022
1837 2358
1838 2358
1838 2021
1838 2356
1839 2328
1839 1990
1839 1842
1840 2026
1840 2136
1840 1841
1841 2026
1842 2024
1843 2149
1843 2359
1843 2360
1843 1862
1845 2365
1845 2141
1845 2029
1846 2143
1846 2032
1848 2032
1848 2143
1849 1850
1850 2162
1851 2368
1851 2369
1851 1852
1851 2145
1851 2034
1852 2145
1852 2034
1852 2369
1855 2037
1855 2038
1855 2146
1856 2039
1857 2164
1857 2398
1858 2354
1859 2374
1861 1865
1861 2378
1862 2149
1862 2377
1862 2360
1863 2153
1863 2040
1864 2152
1864 2154
1864 2376
1864 2380
1865 2378
1865 2379
1865 2151
1865 2376
1865 2377
1866 2155
1868 2392
1869 2393
1869 2047
1870 1872
1872 2396
1873 2049
1873 2398
1873 2399
1874 2050
1874 2166
1875 2167
1875 2051
1875 1877
1876 2172
1876 2054
1877 2167
1878 2052
1878 2169
1879 1881
1880 1882
1880 2409
1880 2055
1881 2172
1882 2055
1882 2409
1883 2056
1884 2059
1884 1886
1884 1887
1886 1887
1886 2059
1887 2082
1888 2185
1892 1893
1893 1917
1893 1897
1893 2228
1894 2189
1895 2194
1896 2195
1896 2196
1898 2064
1898 2202
1900 2202
1900 2203
1900 2069
1901 2205
1901 2207
1902 2070
1902 2066
1903 2206
1903 2071
1903 2070
1904 2076
1905 2211
1905 2210
1906 2213
1906 2077
1907 2080
1908 2219
1908 1943
1909 2218
1910 1913
1910 2086
1911 2083
1913 2086
1914 2224
1916 2185
1917 2229
1917 2228
1918 2235
1919 2091
1920 2233
1921 2240
1921 2094
1921 2092
1923 2244
1923 2242
1925 2243
1925 2069
1925 2203
1925 2093
1926 2243
1927 2247
1928 2097
1929 2248
1930 2250
1930 2251
1930 2099
1931 2252
1931 2098
1931 1932
1932 2098
1932 2252
1933 1934
1933 2100
1934 2100
1935 2256
1935 1939
1935 1938
1935 2259
1937 2253
1937 2254
1938 1939
1938 2256
1939 2259
1940 2257
1941 2101
1941 2258
1941 2260
1942 2081
1944 1948
1945 2104
1946 2267
1946 2268
1946 1947
1946 2264
1947 2268
1947 2267
1947 1948
1948 2267
1953 2273
1954 2270
1957 2109
1958 2281
1960 2246
1960 2245
1961 2283
1962 2283
1962 2284
1962 1964
1962 2286
1964 2286
1967 2290
1968 2288
1968 2291
1968 1995
1971 2303
1972 2338
1973 2114
1975 1976
1976 1978
1977 1979
1978 2121
1978 2123
1980 2316
1982 2110
1982 2319
1982 1991
1982 1983
1983 2126
1985 2317
1985 2125
1987 1988
1987 2324
1987 2325
1987 1994
1988 2327
1988 2325
1988 2326
1989 2128
1989 2328
1991 2110
1991 2319
1992 2130
1992 2331
1993 2287
1993 2330
1993 2329
1994 2324
1994 2325
1995 2288
1997 2292
1997 2296
1997 1998
1998 2296
1998 2292
2000 2337
2003 2133
2006 2033
2008 2343
2009 2134
2011 2348
2011 2347
2012 2014
2012 2015
2012 2349
2013 2345
2014 2015
2015 2035
2016 2353
2018 2358
2019 2355
2020 2352
2021 2358
2021 2356
2023 2025
2024 2136
2026 2136
2027 2139
2028 2366
2029 2141
2029 2365
2030 2142
2031 2144
2034 2369
2034 2368
2035 2036
2035 2147
2036 2147
2037 2038
2040 2154
2041 2042
2042 2362
2043 2156
2043 2382
2044 2156
2045 2159
2045 2401
2045 2381
2045 2382
2048 2395
2049 2399
2049 2398
2052 2169
2053 2407
2054 2172
2055 2409
2056 2411
2056 2410
2057 2178
2057 2175
2058 2173
2058 2176
2061 2186
2061 2188
2061 2189
2062 2063
2064 2198
2065 2200
2066 2201
2067 2068
2068 2069
2069 2203
2071 2204
2072 2242
2073 2204
2073 2208
2073 2074
2074 2204
2074 2208
2075 2211
2075 2251
2076 2210
2078 2216
2079 2212
2080 2082
2084 2085
2084 2220
2085 2220
2088 2223
2089 2225
2090 2231
2090 2233
2091 2197
2092 2240
2093 2243
2093 2203
2094 2240
2095 2245
2096 2249
2098 2252
2101 2259
2101 2260
2103 2302
2103 2113
2103 2114
2107 2274
2110 2319
2110 2285
2111 2300
2112 2114
2113 2115
2113 2302
2114 2302
2115 2302
2116 2117
2118 2341
2119 2340
2121 2123
2122 2310
2122 2309
2127 2129
2127 2320
2127 2128
2128 2129
2130 2331
2131 2334
2135 2356
2137 2139
2138 2362
2138 2383
2139 2361
2144 2391
2145 2369
2147 2373
2148 2150
2148 2375
2149 2359
2150 2400
2151 2379
2151 2376
2151 2377
2152 2154
2155 2385
2156 2158
2157 2384
2157 2158
2164 2165
2165 2397
2167 2402
2168 2403
2169 2405
2171 2408
2171 2407
2173 2177
2175 2176
2179 2183
2180 2181
2182 2183
2184 2222
2186 2191
2187 2191
2188 2189
2192 2193
2192 2194
2193 2194
2195 2196
2204 2208
2210 2211
2214 2216
2214 2215
2218 2219
2225 2230
2228 2229
2233 2239
2233 2234
2234 2239
2237 2238
2247 2248
2248 2249
2250 2251
2253 2254
2258 2260
2259 2260
2262 2297
2267 2268
2271 2272
2275 2276
2277 2278
2278 2314
2283 2284
2287 2329
2288 2332
2290 2291
2292 2296
2294 2296
2294 2295
2295 2296
2298 2299
2307 2310
2307 2311
2312 2313
2314 2315
2318 2352
2321 2322
2322 2323
2322 2355
2323 2355
2324 2325
2325 2326
2326 2327
2329 2330
2333 2335
2339 2342
2341 2342
2344 2345
2346 2347
2348 2349
2349 2372
2356 2358
2362 2383
2363 2364
2368 2369
2372 2373
2376 2380
2376 2379
2376 2377
2377 2379
2377 2378
2381 2401
2385 2386
2385 2388
2387 2388
2389 2391
2398 2399
2407 2408
