0 624
0 868
0 1148
1 493
1 1729
1 1148
2 1404
2 1731
2 3
2 626
3 1404
3 1731
3 626
3 1149
3 4
4 367
4 626
5 629
5 1633
5 7
5 6
5 1151
5 1150
5 1733
6 870
6 1153
6 7
6 8
6 1151
6 1528
6 629
7 1528
7 370
7 369
7 368
7 627
7 629
7 1150
7 870
8 629
8 1153
9 1021
9 371
9 630
10 1023
10 1529
10 1406
10 1407
10 495
11 1022
11 502
12 496
12 631
12 765
12 1154
12 767
13 372
13 497
13 632
13 1024
14 249
14 15
14 874
14 766
14 1738
14 1290
14 498
15 19
15 1738
15 874
15 766
15 498
15 771
16 378
16 1155
16 498
16 497
17 769
17 19
17 1025
18 1293
18 634
18 875
18 773
18 1026
18 1739
19 766
19 1025
20 1412
20 1745
20 878
21 1156
21 1640
22 1425
22 1299
22 264
22 1641
22 633
23 1744
23 774
23 877
23 24
23 636
23 1156
23 1032
24 373
24 1032
24 251
24 880
24 877
24 1534
24 638
25 1413
25 1162
25 638
25 639
25 1533
26 1035
26 1414
26 1045
27 640
28 252
28 1747
29 383
29 1173
29 376
29 41
30 1296
30 256
30 1297
30 508
30 643
30 645
30 379
31 1164
31 1420
31 1539
31 1037
31 253
31 259
31 377
32 33
32 1165
32 645
32 643
33 1165
33 645
34 1167
34 504
34 1038
35 504
35 255
35 1541
35 1050
36 260
37 1422
37 646
37 1298
37 505
38 1766
38 882
38 265
38 1423
38 382
38 777
38 894
38 776
38 274
39 884
39 778
39 885
39 1045
40 1427
40 1426
40 1543
40 887
40 511
40 1644
41 1173
42 1174
42 270
42 1759
42 780
42 1047
42 1428
42 43
42 649
43 270
43 1055
43 649
43 1047
43 1428
43 1174
44 45
44 1756
44 1305
44 891
44 890
44 269
44 266
45 266
45 269
45 1305
45 779
45 890
45 891
45 1756
46 782
46 651
46 642
46 1307
47 1308
47 1176
47 653
48 385
48 516
48 1176
48 1309
48 49
49 1309
49 50
49 1549
49 516
50 1175
50 892
50 1309
50 402
51 1764
51 387
51 1437
51 784
52 1311
52 390
52 518
52 1767
52 53
52 276
53 276
53 390
53 1311
53 1650
54 895
54 1179
54 393
54 278
54 57
55 895
55 1179
55 286
55 80
56 648
56 896
56 1441
57 1771
57 1772
57 1313
57 277
57 278
57 1181
57 393
58 277
58 897
58 59
58 392
59 392
59 656
59 519
60 395
60 1056
60 1183
60 1185
61 796
61 660
61 1056
61 1315
61 397
62 520
62 661
63 661
64 280
64 1443
65 791
65 1175
65 404
65 1549
65 1553
65 1310
65 401
66 791
66 900
66 403
66 1318
66 1317
67 69
68 1059
68 790
68 789
68 1783
68 1782
69 284
70 901
71 75
71 901
71 1320
71 1061
72 663
72 526
72 73
72 793
73 410
73 663
73 793
74 794
74 1188
75 1061
75 1320
76 1655
76 1786
76 407
76 1190
76 1191
76 1446
76 1323
76 904
77 406
77 80
77 1559
77 667
77 1062
77 78
78 1062
78 1323
78 667
78 1559
78 406
79 1785
79 1062
79 664
79 527
79 1554
79 406
80 895
80 1447
80 1787
80 286
81 529
81 82
81 289
81 288
81 798
81 1324
81 1656
81 531
82 1560
82 798
82 795
82 285
82 529
82 289
82 531
83 667
83 1065
83 289
83 1062
83 84
83 1324
84 1199
84 285
84 289
84 530
84 1324
84 532
84 1793
84 419
84 1561
85 417
85 1794
85 1197
85 94
85 665
86 802
86 1193
86 290
87 672
87 800
87 673
87 801
87 291
87 1796
87 1450
88 670
88 1658
88 1192
89 909
89 675
89 1194
89 671
90 534
90 803
90 910
91 804
91 92
92 538
92 804
93 915
93 916
93 677
93 1663
93 1068
93 537
94 1197
94 665
94 1804
94 417
95 1197
95 1664
95 417
95 293
95 420
95 96
96 679
96 1806
96 420
96 418
97 1198
97 114
97 678
97 292
97 1461
98 99
98 1665
98 1567
98 291
98 533
98 541
99 1666
99 1665
99 542
99 541
99 101
99 1807
100 421
100 918
100 293
101 542
101 1200
101 1566
102 808
102 1667
102 122
102 1077
103 684
103 296
103 295
104 925
104 1072
104 110
105 685
105 1203
105 920
105 1329
106 1457
106 423
106 107
106 298
106 1073
107 1458
107 1073
107 423
108 1205
108 923
108 425
108 1331
109 1073
109 811
109 125
109 1458
109 1568
109 689
109 1669
110 1572
110 1330
110 925
111 929
111 113
111 1334
112 813
112 1335
112 1085
112 930
113 300
113 929
113 546
113 547
113 927
114 1198
114 678
114 427
114 1461
114 292
115 814
115 428
115 548
115 118
115 815
116 1076
116 117
117 1076
117 694
117 136
118 1208
118 814
118 428
118 548
119 1206
119 916
120 1575
120 1815
120 932
120 1817
120 549
121 429
121 817
121 933
121 1816
121 549
121 122
121 430
122 808
122 1077
122 429
123 124
123 687
123 688
123 1820
123 296
124 126
124 687
124 1820
125 423
125 818
125 1210
125 689
125 941
125 302
126 1083
126 1464
126 303
126 1079
127 935
127 690
128 938
128 431
128 1467
128 692
129 1580
129 942
129 1081
130 1579
130 939
130 1339
130 940
130 432
131 435
131 943
131 693
131 433
132 133
132 944
132 1678
133 1678
133 944
133 134
134 1829
134 946
134 1346
134 564
134 555
135 1214
135 148
135 1588
135 445
135 1347
135 558
136 307
136 1086
136 694
137 1343
137 1342
137 557
137 559
137 1219
137 138
137 305
138 1219
138 559
138 557
138 305
138 1342
138 1343
139 1217
139 822
139 436
139 559
140 695
140 1212
140 1216
140 558
141 936
141 824
141 1222
141 952
142 1090
142 826
142 315
143 311
143 1224
143 1225
143 144
143 827
143 442
143 1835
144 697
144 1835
144 312
145 1097
145 442
145 457
145 1226
145 1585
145 697
145 698
146 702
146 566
146 701
146 704
146 1838
146 148
147 1694
147 715
148 566
148 568
148 1588
148 702
148 1837
148 1347
149 706
149 438
150 567
150 831
150 1589
151 1348
151 1844
152 1227
152 446
152 830
153 1092
153 955
153 710
154 832
154 1845
154 696
154 155
154 948
154 1470
155 1845
155 1470
155 316
155 1590
155 1349
155 948
155 696
155 1471
156 319
156 448
156 1093
157 318
157 1350
158 318
158 708
158 1601
159 1231
160 162
160 1231
161 452
161 570
161 1230
161 960
161 1096
162 959
163 1592
163 451
163 835
163 464
164 1848
164 712
164 1480
164 576
165 725
165 1104
165 1873
165 182
165 323
165 335
165 573
166 967
166 1595
166 575
166 455
167 326
167 1484
167 1483
167 172
167 715
167 839
167 1598
168 839
168 1696
168 326
168 580
168 329
168 173
168 1241
168 1242
168 1356
169 327
169 577
169 1692
169 841
170 1482
170 840
170 1599
170 842
170 458
170 470
170 459
170 1237
170 1238
170 1239
171 1597
171 1238
171 1237
171 1855
171 1240
171 1115
172 1693
172 1357
172 1484
173 716
173 329
173 1242
173 1241
174 1861
174 719
174 582
174 1487
175 1098
175 722
175 720
175 460
175 330
176 177
176 1244
176 1100
177 722
177 1244
177 1100
178 1099
178 1698
178 1865
178 1708
179 1489
180 723
180 585
180 1364
180 181
181 723
181 1364
182 335
182 573
182 725
182 724
182 1873
182 323
182 185
182 589
182 1104
183 323
183 589
183 184
183 185
183 335
183 979
183 1234
184 587
184 589
184 1105
184 185
184 1234
184 979
184 1872
185 573
185 335
185 323
185 466
185 186
185 589
185 979
185 1873
186 187
186 335
186 589
186 588
186 1106
186 466
186 465
187 1106
187 465
187 466
187 977
187 588
188 726
188 339
188 467
188 1491
188 1369
188 713
189 339
189 1370
189 849
189 468
189 1254
190 983
190 1603
190 592
190 849
190 341
190 338
190 468
191 1383
191 743
191 1256
191 593
191 1385
192 1260
192 985
192 1111
192 470
192 1238
193 194
193 987
193 728
193 1111
194 728
194 1112
194 1111
194 1881
194 1604
194 987
194 1493
195 1113
195 1496
195 1372
195 727
195 472
195 594
195 1257
196 1495
196 731
196 1885
196 719
196 198
197 1113
197 1606
197 1261
197 731
197 472
197 594
198 344
198 474
198 1886
198 1608
198 1262
199 1373
199 345
199 850
199 469
199 857
199 1621
200 991
201 202
201 1118
201 1119
201 1264
201 597
201 1891
201 1117
201 990
201 732
202 851
202 1264
202 474
202 732
202 1117
203 990
203 733
203 1892
203 851
204 477
204 1365
204 348
204 600
204 1500
204 736
205 735
205 994
206 854
206 738
206 478
206 994
206 1897
207 1504
207 738
207 1502
208 1898
208 478
209 1124
209 210
209 1613
209 1614
209 1266
209 1268
210 1899
210 1124
210 1614
211 1505
211 739
211 1267
211 602
211 1900
212 1614
212 1270
213 998
213 1902
213 1125
213 1385
213 219
213 214
213 1127
213 1618
214 480
214 1904
214 1902
214 855
214 1127
214 1711
214 1272
214 215
215 1711
215 1272
215 480
215 603
215 1382
215 1122
216 350
216 742
216 1126
216 855
216 351
217 1128
217 856
217 1905
217 603
217 744
218 1107
218 984
218 1617
218 741
219 1383
219 1127
219 1618
219 1125
219 998
219 1385
220 1129
220 609
220 745
220 999
220 1001
221 1510
221 1508
222 355
222 353
222 1919
222 1388
222 1386
223 1390
223 1391
223 1624
223 1512
223 1006
223 1007
223 1004
223 1274
224 227
224 604
224 1716
224 1906
224 746
224 1005
225 226
225 1263
225 1390
225 730
225 475
225 611
225 613
225 858
225 989
225 1511
225 1512
226 611
226 859
226 858
226 356
226 475
226 1392
226 1390
226 1511
226 613
227 746
227 1716
227 859
228 1004
228 749
228 598
228 346
228 1275
229 484
229 1134
229 1910
229 1135
229 751
229 1010
229 1394
229 1011
229 615
229 1913
230 860
230 614
230 863
230 231
230 1012
230 1719
230 1133
231 614
231 1012
231 232
231 1013
231 1911
231 863
232 1013
232 1012
232 1911
232 862
232 863
232 1277
232 1009
233 861
233 760
233 245
233 246
233 1145
233 1147
233 1909
233 364
233 358
234 484
234 750
235 359
235 1627
235 1616
235 602
235 1136
236 486
236 616
236 1515
237 1519
237 753
237 1516
238 1523
238 1521
238 239
238 618
238 617
238 1918
239 1523
239 617
239 618
240 620
240 755
240 619
240 866
240 1524
240 1919
240 1398
241 867
241 1281
241 757
242 490
242 758
242 1282
243 244
243 622
243 1921
243 1283
244 1921
244 622
244 1283
245 246
245 364
245 365
245 760
245 358
245 1147
245 623
245 1400
245 1629
245 1284
245 1145
246 760
246 1146
246 365
246 1145
246 364
246 1284
246 1400
246 623
247 1924
247 1401
247 366
247 761
247 762
247 491
247 1630
248 626
249 1290
249 1737
250 1294
250 1639
250 1743
250 636
250 1531
250 774
251 1534
251 1532
251 880
251 877
251 1034
251 1033
251 373
251 1032
252 1536
252 1747
252 1748
253 502
253 1418
253 1420
253 1539
254 1419
254 501
254 1164
255 1039
255 1541
255 504
255 1050
255 775
256 644
256 643
256 1296
257 1540
257 1297
257 380
257 258
257 1165
257 1750
257 1749
258 503
258 1750
258 1039
258 1165
258 1540
258 775
258 1749
259 1166
259 1164
259 1038
259 1538
260 881
260 379
260 506
261 1168
261 1542
261 1425
261 263
261 262
262 1168
262 1170
262 263
264 1299
264 1753
264 1043
264 509
264 1301
265 1754
265 274
265 777
266 1305
266 1427
266 1645
266 779
266 1543
267 1173
267 1046
267 383
268 1757
268 779
268 886
268 1306
269 890
269 891
269 1429
269 1651
270 1647
270 780
270 1428
270 649
270 514
270 1758
270 1759
270 1047
271 1431
271 1307
271 384
271 651
271 1547
272 784
272 517
272 1438
272 893
272 1649
273 1053
273 785
274 894
274 777
274 1767
274 518
275 1180
276 1311
276 1053
277 1313
277 896
277 1769
277 393
277 1181
278 393
278 1313
279 396
279 1314
279 394
279 1182
279 658
279 1054
280 1443
281 523
281 1186
281 1057
281 1778
282 399
283 662
284 1060
285 1560
285 1324
285 289
285 530
285 529
285 1561
286 895
286 1063
286 528
286 1179
286 1447
287 1064
287 906
287 1792
288 798
288 797
288 1656
288 531
288 529
288 528
288 1063
288 668
288 907
289 1324
289 529
289 530
289 1065
290 799
290 802
290 1193
291 533
291 801
291 1450
291 1795
291 672
291 541
292 1461
292 678
293 1197
293 1664
293 918
294 1071
294 684
294 919
294 295
294 422
295 919
295 422
295 684
296 544
296 684
297 1329
297 1203
297 1071
297 920
298 819
298 1457
298 1204
298 423
298 934
299 928
299 924
300 546
300 927
300 547
300 1670
300 1460
301 1082
301 303
301 1080
301 1465
301 820
301 819
302 941
302 818
302 689
302 1822
303 1083
303 1079
303 1209
303 820
303 1464
304 946
304 555
305 695
305 1219
305 437
305 557
305 1343
305 1679
305 1342
305 947
306 1681
306 437
307 1087
307 1680
307 1814
307 694
308 1472
308 1473
308 309
309 1473
309 1472
309 1344
309 950
310 444
310 441
310 1831
310 313
310 1089
311 442
311 1475
311 1474
311 1225
311 827
311 1834
312 1224
313 1089
313 1834
313 1586
313 1475
313 1474
313 441
313 954
314 564
314 565
314 826
314 1090
314 1091
315 1090
315 699
316 1590
316 709
316 1349
316 447
316 1471
317 1093
317 709
317 448
318 708
319 834
319 1228
320 960
320 570
320 711
320 454
321 963
321 962
321 961
321 1235
322 1685
322 836
322 962
323 335
323 964
323 589
323 573
323 1849
323 1873
324 838
324 579
324 325
324 455
324 714
324 966
325 579
325 456
325 576
325 968
325 713
325 966
325 1596
326 580
326 839
326 1483
327 1692
327 458
327 1854
327 841
328 1856
328 970
328 1857
328 972
329 1696
329 716
330 722
330 720
330 1360
331 1600
331 582
331 1866
331 1244
331 1487
331 973
331 1697
332 1246
332 461
333 586
333 847
334 845
334 336
335 573
335 724
335 1873
335 589
335 466
335 725
336 1253
336 847
336 591
337 981
337 1874
337 1108
337 340
337 1699
337 590
338 1109
338 1492
338 1370
338 341
338 1371
338 592
338 1259
338 1876
339 468
339 467
340 1877
340 1108
340 1701
340 593
340 1256
341 592
341 1109
341 988
341 1492
341 1259
342 595
342 606
342 1714
342 1110
342 747
342 986
342 354
342 1258
342 1002
343 1120
343 1114
343 598
343 1494
343 346
344 474
344 1886
344 1608
344 1262
345 1373
345 850
345 1888
345 1887
345 469
345 1496
346 1120
346 1275
346 598
347 615
347 734
347 1374
347 852
348 737
348 736
348 1503
349 610
349 609
349 608
349 996
349 1903
349 1271
349 1129
349 352
350 744
350 480
350 742
350 1126
350 855
351 1126
351 610
351 353
352 1903
352 1271
352 996
352 997
353 1916
353 1386
353 355
353 1396
353 1137
353 360
354 1110
354 1001
354 999
354 747
354 1258
354 606
354 1714
354 1002
355 1919
355 1386
355 1388
355 610
356 1390
356 1391
356 1392
356 858
356 1513
356 1715
357 1013
357 1009
358 1147
358 861
358 862
358 760
358 1909
358 1009
358 364
358 1278
359 602
359 1136
359 1616
360 1396
360 1520
360 617
360 1137
360 742
360 1916
360 1917
361 488
361 1521
361 1138
361 865
361 618
362 363
362 489
362 1016
363 1726
363 1016
363 1725
363 756
363 1280
363 1281
364 1145
364 760
364 1400
364 1923
365 1629
365 1146
365 1145
365 760
365 623
365 1400
365 1286
365 1285
365 1284
365 1017
366 761
366 1401
367 374
367 375
367 879
368 1635
368 870
368 1150
368 1019
368 1152
368 627
368 370
368 369
369 370
369 1150
369 1635
369 627
369 628
369 870
369 1528
370 1152
370 1020
370 1019
370 870
370 1635
370 1150
370 627
371 1021
371 1735
371 630
372 1024
372 632
373 774
373 1033
373 1534
373 1032
373 880
373 877
373 636
374 375
374 1161
375 879
375 1159
376 1036
377 1420
377 1037
377 1166
378 1155
378 498
379 1297
379 508
379 380
380 507
380 1297
380 508
381 644
381 1637
381 1040
381 1041
381 771
382 776
382 1423
382 882
382 1766
383 1535
383 1173
384 651
384 1547
385 1177
385 1548
385 516
386 1178
386 1763
386 517
387 1052
387 1437
387 389
388 1311
388 1440
389 1052
390 1650
390 518
390 1768
391 797
391 1063
391 528
391 1447
391 668
392 1773
392 897
392 519
393 1772
393 1771
393 1313
393 1181
394 1314
394 658
394 1182
394 1183
394 1184
395 1183
395 1185
395 658
395 1314
395 1182
396 1314
396 899
396 1054
396 658
396 1552
397 660
397 1315
397 1056
398 1186
398 1058
398 788
399 523
399 789
400 1443
400 1057
401 791
401 1175
401 1553
401 1310
401 1549
401 1780
401 404
402 1318
402 892
402 1436
402 1434
403 1060
403 1317
403 900
404 791
404 1781
404 1310
405 1189
405 793
405 663
405 1322
405 1321
405 526
406 667
406 1062
406 664
406 1788
406 527
406 1559
407 1190
407 1446
407 1557
407 904
408 671
408 787
408 1192
409 910
409 1797
409 1194
409 1660
409 675
410 535
410 1452
410 1798
411 1799
411 1067
411 1661
412 416
412 1196
412 424
412 806
413 539
413 532
413 419
413 1564
413 415
413 1199
414 676
414 805
415 1662
415 1327
415 1564
415 805
416 1803
416 1573
416 806
416 1455
417 1804
417 665
417 1197
418 540
418 1565
418 1806
418 420
419 1456
419 1805
419 1564
419 1199
419 530
419 532
419 1793
420 1328
420 679
420 1806
421 682
421 1667
421 1328
422 1071
422 919
423 1073
423 1568
423 1457
424 806
424 926
424 1196
425 1331
425 1205
425 922
425 923
426 547
426 1460
426 546
427 1462
427 1461
427 1207
427 931
428 1208
428 816
428 815
428 814
429 1338
430 1463
430 1819
430 1818
430 817
430 933
431 552
431 809
431 937
431 1467
432 1466
432 1579
432 692
432 939
433 1466
433 693
433 1340
433 1812
433 1333
433 552
434 1581
434 942
434 441
434 553
434 1586
435 693
435 1211
435 943
436 822
436 1217
436 559
437 1219
437 1342
437 1679
437 947
438 706
438 1216
439 1221
439 825
439 457
439 1583
439 698
440 1688
440 452
440 953
441 1089
441 1586
441 954
442 1585
442 698
442 697
442 827
442 1221
443 1341
443 1833
443 1832
444 1089
444 1832
444 1831
445 706
445 558
445 1347
445 1588
446 1227
446 956
446 1844
447 1846
447 1349
447 955
447 829
447 833
448 1093
449 957
449 708
449 1246
449 569
450 711
450 454
450 1094
450 1104
450 1687
450 1592
451 1095
451 1479
451 835
451 462
452 1688
452 949
452 1096
453 1231
454 1233
454 711
454 1354
455 579
455 966
455 967
456 1852
456 713
456 968
456 576
456 1596
456 579
457 698
457 963
457 961
457 1235
458 1879
458 842
458 841
458 1599
458 470
458 1482
458 1260
459 1239
459 1356
459 842
459 840
460 844
460 1098
460 722
461 1245
461 1101
461 844
461 1864
461 584
462 1095
462 1479
462 835
463 1490
463 586
463 1249
463 975
464 975
464 835
464 1094
464 1592
465 724
465 1253
465 466
465 847
465 1106
466 589
466 1367
466 977
466 982
466 1106
466 588
467 1701
468 592
468 1254
468 849
468 1371
468 1370
468 1603
469 857
469 1882
469 850
469 1888
469 1373
469 1257
469 729
469 1496
470 985
470 1482
470 1597
470 1599
470 1879
470 1238
470 1237
470 1260
470 842
471 1705
471 574
471 988
472 1113
472 594
472 1115
472 1880
472 1372
472 727
473 1887
473 1261
473 1116
474 1262
474 1117
474 1608
474 732
475 850
475 1263
475 1511
475 1116
475 1609
475 1889
475 858
475 730
475 611
475 613
475 989
476 993
476 992
476 1499
476 599
476 1611
477 600
477 1379
477 1365
477 585
478 854
478 1897
478 1709
479 1122
479 1124
479 1710
479 1266
480 1127
480 1272
480 855
480 1904
480 1711
481 485
481 1622
481 1717
481 1389
481 1908
482 1623
482 1717
482 1620
483 1010
483 1277
483 750
483 484
483 1718
484 750
484 734
484 1010
485 1908
485 1389
485 1276
485 1133
485 1622
485 1625
486 1015
486 1515
487 739
488 865
488 1138
488 1918
488 618
488 617
488 1397
488 1521
489 1016
490 758
490 1393
490 612
491 761
491 762
491 1924
491 1630
492 1526
493 1729
493 1402
494 1418
494 502
494 1022
494 871
494 873
495 1023
495 1407
495 1406
495 872
496 1154
496 769
496 631
497 632
498 766
498 1155
498 874
498 1290
499 1157
499 1027
499 1029
499 1411
499 1746
500 641
500 1535
500 640
500 1417
500 1537
501 1419
502 871
502 1418
502 1022
503 1421
503 1749
503 775
503 1433
503 654
504 1050
504 1167
505 1422
505 1752
506 1169
506 881
507 1178
507 1421
508 1296
508 1297
508 1041
508 643
509 1043
509 1753
509 1299
509 1425
510 1755
510 513
510 647
510 776
510 888
511 889
511 1644
512 648
512 1441
512 883
512 1304
513 888
513 1044
513 647
513 1755
514 1758
514 780
514 1544
514 1647
515 1550
515 783
515 1431
516 1177
516 1548
516 1309
517 784
517 1178
517 1763
517 893
518 894
518 1551
518 1768
518 1767
519 1312
519 1773
519 1774
519 656
520 671
521 899
521 898
521 522
521 661
522 898
522 661
522 899
523 789
523 1057
523 1778
524 1187
524 1061
524 792
524 1316
525 794
525 1653
525 1439
526 1321
526 793
526 663
527 1790
527 1788
527 664
527 903
527 1062
527 1555
527 1554
528 1063
528 668
528 907
528 1447
528 797
528 1656
529 1324
529 798
529 531
530 1199
530 532
530 1793
530 1561
531 668
531 798
531 907
531 1656
532 1564
532 1199
532 1456
532 1793
533 1795
533 801
533 672
533 541
534 803
534 1797
534 909
534 910
534 675
534 1660
535 1452
535 1798
536 1800
536 1570
536 1066
537 1662
537 915
537 1327
538 911
538 804
539 1327
539 1805
539 540
541 1665
541 1567
542 1807
542 1200
542 1666
543 917
543 1070
543 681
544 684
544 1202
544 1071
545 685
545 1808
545 1072
546 547
546 1460
546 927
546 929
547 927
547 1670
547 1460
548 1075
548 1462
548 814
548 931
549 817
549 1815
549 933
549 1208
549 1817
549 1816
550 817
550 1576
550 933
551 691
551 1675
552 1467
552 1466
552 1340
552 1074
553 942
553 1586
553 1581
554 945
554 1468
554 1826
555 564
555 1829
555 1346
555 946
556 1827
556 1826
556 1824
556 1469
556 1211
556 945
556 1215
556 1085
557 1219
557 559
557 1342
557 1343
558 1213
558 1216
558 1212
558 1828
558 695
559 822
559 1217
560 561
560 1088
561 1088
562 1584
562 952
563 951
563 1830
564 946
564 565
564 1091
565 828
565 1091
565 699
566 704
566 702
566 1839
566 1837
566 1838
567 706
567 707
567 1589
567 830
567 831
568 1843
568 704
568 705
568 707
568 1839
568 830
569 957
569 708
570 960
571 1233
571 1593
571 1355
571 964
572 1223
572 825
572 1353
573 1104
573 1849
573 725
573 964
573 1873
574 988
574 1705
574 1485
574 837
574 1692
574 578
574 1690
574 1109
574 1876
575 1594
575 967
576 1236
576 1852
576 1369
576 968
576 1596
577 837
577 1485
578 1690
578 1485
578 1876
578 1109
578 714
578 837
579 965
579 966
579 1596
580 1696
580 839
580 1483
581 718
581 971
581 1359
581 1695
582 973
582 1487
582 1600
582 1697
583 1868
583 1869
583 1870
583 584
583 844
583 1101
583 974
583 1361
583 1102
583 1245
584 1868
584 1245
584 1101
584 974
584 1869
584 844
584 1361
585 1366
585 1365
585 1379
586 975
587 979
587 1105
587 1236
587 980
587 1850
587 1252
587 1872
587 726
588 589
588 977
588 1106
588 1105
588 1367
588 982
589 979
589 1873
590 981
590 1699
590 980
590 982
590 977
590 1367
590 1105
590 1874
591 846
591 1269
591 1123
592 1371
592 1370
592 1492
592 1603
592 1876
592 849
592 1109
593 1108
593 1368
593 1256
593 743
593 1877
593 1383
594 1496
594 727
594 1372
594 1257
594 1880
594 1113
595 1703
595 1605
595 747
595 986
595 987
595 1110
595 1112
595 1258
596 991
596 990
596 1706
596 1119
596 1118
596 1498
597 1118
597 1264
597 1707
598 1275
598 1120
599 1499
599 1377
599 853
599 992
599 993
599 1611
600 1379
600 1500
601 1875
601 1251
601 1123
601 978
601 1266
602 1627
602 1136
602 1616
602 1505
603 1272
603 1615
603 1382
603 856
603 995
603 1905
604 1003
604 1000
604 746
604 1273
605 748
605 1131
605 1712
605 1726
605 756
605 1507
605 1387
606 999
606 1273
606 1258
607 1619
607 1509
607 1005
607 1132
607 746
607 748
608 1903
608 609
608 1129
608 996
608 1617
609 996
609 1129
609 1903
610 996
610 1386
610 1510
611 1390
611 1391
611 989
611 613
611 858
611 1511
611 859
611 1512
611 1263
612 758
612 1399
612 1393
613 850
613 859
613 1511
613 1621
613 989
613 858
614 750
614 749
614 1718
614 1276
614 1719
614 860
615 1394
615 1913
615 1135
615 1910
615 1626
615 1514
615 751
616 1515
616 1628
616 1015
617 1137
617 1918
617 1396
617 1397
617 618
617 1723
617 1520
618 1521
618 865
618 1523
618 1918
619 620
619 866
619 1524
619 755
619 1398
619 1139
619 1140
619 1141
619 1919
620 1524
620 755
620 1398
620 866
620 1919
621 622
621 1283
621 757
621 1142
622 1283
623 1284
623 1285
623 760
623 1286
623 1629
623 1400
623 1145
623 1146
623 1017
624 625
624 868
624 1403
624 1292
624 763
625 1291
625 868
625 765
625 1403
625 763
625 1292
626 1731
626 1404
627 1528
627 870
627 628
627 1634
628 870
628 1634
629 870
629 1153
629 1528
629 1151
630 764
630 1021
630 1023
631 1291
631 767
631 765
631 1154
632 1024
633 1029
633 1542
633 1746
634 1026
634 773
634 1739
634 1293
634 875
635 772
635 1408
635 1170
635 1637
635 1040
635 1168
636 774
636 877
636 1743
636 1744
636 1032
636 1639
637 1641
637 1302
638 639
638 1533
638 1534
638 1162
638 1413
639 1162
639 1533
639 1413
640 641
640 1748
640 1536
640 1537
641 1535
641 1417
641 1537
642 1163
643 645
643 644
643 1297
643 1296
644 771
644 874
645 1296
645 1540
645 1165
646 1422
647 1755
647 888
647 1044
648 1304
648 1441
648 889
649 1758
649 1047
649 1174
649 1428
650 1545
650 1049
650 1431
650 1432
650 1547
650 652
651 782
651 1307
652 1432
652 1545
653 1648
653 1176
653 1435
653 1308
654 1178
654 1421
654 1433
655 1051
655 1439
656 1774
656 1312
656 906
657 1442
657 1756
657 786
658 1183
658 1314
658 1182
658 1552
658 1054
659 1777
659 1449
659 787
659 1315
660 1315
660 1056
660 796
661 898
662 1444
663 793
664 1785
664 1554
664 1788
664 1790
664 1062
664 667
664 1065
665 1197
666 1325
666 669
666 795
666 1448
667 1062
667 1324
667 1559
667 1065
668 797
668 907
668 906
668 1063
668 1791
669 798
669 1560
669 795
670 1450
670 800
670 1658
671 1658
671 1192
672 800
672 801
672 1795
672 1450
673 1069
673 1796
674 1195
674 1451
675 1797
675 909
675 1194
676 903
676 805
676 1453
676 912
677 916
677 915
677 1068
677 1663
678 1461
678 1198
679 1328
680 1807
680 1070
681 917
681 1070
682 1667
682 1200
683 807
683 1201
683 1338
685 1808
686 924
686 1074
686 1331
686 921
687 1078
687 688
688 1078
688 1820
689 818
689 1578
689 1822
689 941
689 1210
690 1080
690 1676
690 935
691 1577
691 820
691 1675
691 1677
691 1079
691 1209
692 821
692 939
692 1823
692 938
692 1084
692 1467
693 1333
693 1211
693 943
694 1086
695 1216
695 1219
695 1679
695 947
695 1343
696 1590
696 1088
696 1845
696 948
696 1471
697 1585
697 1226
697 1097
697 698
698 1585
698 827
698 1221
699 703
699 828
699 1841
699 1091
700 701
700 703
700 1587
700 1840
701 702
701 1838
701 1840
701 1587
701 828
702 704
702 1838
702 1837
703 1587
703 1841
703 1836
704 1838
704 1839
705 1842
705 1843
706 707
706 831
707 831
707 830
707 1588
708 1863
708 957
708 1601
710 1092
710 1683
710 1351
710 1350
710 1488
711 1354
711 1233
712 1686
712 1848
712 1685
712 1234
712 1480
712 1850
712 964
713 714
713 838
713 1691
713 968
713 1852
714 1700
714 1371
714 838
714 837
714 1691
715 1694
716 1242
716 1241
716 843
717 1607
717 1240
717 1859
717 843
717 1486
717 1243
717 1359
718 719
718 1860
718 1695
718 1243
718 1359
718 971
719 1861
719 1860
719 1885
720 1601
720 1863
721 1488
721 1351
721 972
721 1862
723 1364
724 725
724 847
725 1104
725 1873
726 1369
726 1252
726 1491
726 1236
727 1372
727 1496
727 1257
727 1113
728 985
728 1111
728 1493
729 857
729 1373
729 1882
729 1883
729 1884
730 1889
730 1263
730 1609
730 1116
730 1114
730 989
731 1607
731 1606
731 1495
732 1117
732 1264
732 1707
733 851
733 1892
733 990
734 1497
734 852
734 1374
735 1709
735 1501
736 1365
737 1503
737 1612
738 1914
738 1504
738 854
739 1901
739 1505
739 1267
740 741
740 1384
740 997
741 997
741 1384
741 1506
742 855
742 744
742 1128
742 1126
743 1256
743 1385
743 1383
743 998
743 1125
744 1397
744 1126
744 1128
745 1907
745 1000
745 1001
745 1508
745 999
746 1509
746 1716
746 1005
746 1003
746 1000
746 1132
746 1906
746 1619
747 1002
747 1130
747 1258
747 1110
747 1714
748 1619
748 1509
748 1712
748 1132
749 750
749 860
749 1894
749 1719
750 1718
751 1913
751 1010
751 1011
751 1910
751 1394
751 1514
751 1134
751 1135
752 1014
752 1721
752 1516
752 1914
753 1279
753 1519
754 864
754 1915
754 1724
754 1722
754 1522
754 1518
755 1919
755 1524
755 1398
756 1131
756 1280
756 1726
756 1725
757 1920
757 1142
757 867
758 1393
758 1399
759 1008
759 1920
760 1727
760 1145
760 1147
760 1017
760 1284
760 1629
761 1630
761 1401
761 762
761 1924
762 1630
762 1144
763 1403
764 873
764 1021
764 1406
764 1736
765 767
765 1292
765 1291
765 868
765 1403
766 1290
766 874
766 1738
768 1735
768 1021
768 1636
769 1738
769 1025
769 1154
770 1154
770 876
770 1025
771 874
772 1408
772 1170
772 1637
773 1740
773 1739
773 1027
773 1411
773 878
773 1293
773 1638
773 1530
774 877
774 1032
774 1156
774 1639
774 1743
774 1744
775 1749
775 1750
775 1433
775 1050
775 1165
775 1039
775 1541
775 1762
776 1423
776 882
776 1755
777 882
777 1754
778 884
778 1426
779 1427
779 1757
779 1645
779 1543
779 1306
780 1647
780 1544
780 1759
780 1760
780 1428
781 1049
781 1546
782 1307
782 1048
783 1550
784 1437
784 1649
784 893
785 1053
786 1770
786 1775
786 1184
786 897
786 1442
787 1449
787 1777
788 1652
788 1444
789 1059
789 1783
789 790
790 1783
790 1782
790 1059
791 1175
791 1780
791 1553
791 900
791 1781
792 1316
792 1187
792 1061
792 1319
792 1189
794 1654
795 798
795 1560
796 1792
797 906
797 907
797 1447
797 1063
797 1791
798 1560
798 907
799 1657
800 801
800 1450
801 1796
801 1450
801 1795
802 1193
802 1325
802 1448
802 908
803 1660
803 910
805 1327
805 1662
806 1196
806 1573
807 1201
807 1338
808 1575
808 932
808 1077
809 1569
809 937
809 1668
809 1074
809 1810
810 926
810 924
810 921
811 1332
811 1669
811 1459
811 1458
811 1568
811 1569
811 1073
812 1574
812 1671
813 1215
813 1085
813 1335
813 1824
813 930
814 815
814 1673
814 1336
815 1673
815 1218
815 1336
817 933
817 1819
818 819
819 1082
819 1204
820 1209
820 1079
820 1677
820 1577
820 1082
821 1084
821 938
821 939
821 1823
822 1217
823 1087
823 1218
823 1336
824 952
824 1682
824 1222
825 1583
825 1353
825 1223
826 1091
826 1090
827 1474
827 1475
827 1221
827 1225
828 1091
828 1587
829 833
829 1348
829 1349
829 1846
829 955
830 1843
831 1589
832 1470
832 833
832 1845
833 1348
833 1349
833 955
834 1228
834 1478
834 1352
836 1593
836 962
837 1485
837 1690
837 1692
837 1109
838 966
838 1691
838 1700
839 1356
839 1483
839 1598
840 1239
840 1599
840 842
841 1854
841 1599
841 1692
841 1482
841 1239
841 1358
842 1599
842 1597
842 1482
842 1239
842 1238
842 1237
843 971
843 1359
843 1859
843 1241
843 1243
843 1486
844 1098
844 1101
844 1864
844 1869
844 974
844 1868
845 1366
845 976
845 1365
845 1250
846 1123
846 978
847 1253
848 1878
848 1702
848 1107
848 983
848 984
849 1254
849 1370
849 1603
850 1888
850 1621
850 1511
850 859
850 1373
850 857
851 990
851 1891
851 1892
852 1497
852 1121
852 1374
853 1376
853 1377
853 1895
853 1611
853 1265
853 1248
854 1897
854 994
855 1272
855 1904
855 1126
855 1127
856 1128
856 1615
856 995
856 1905
857 1373
857 1884
857 1621
858 1391
858 1390
858 1512
858 1511
858 989
858 859
858 1263
858 1392
859 1511
859 1621
860 1719
860 1276
861 1009
861 1909
861 1278
861 862
862 1013
862 1277
862 1011
862 1009
863 1012
863 1013
863 1133
863 1911
863 1912
864 1518
864 1722
864 1517
864 1915
865 1522
865 1724
865 1138
865 1918
865 1521
866 1139
866 1395
866 1398
867 1281
867 1920
868 1292
868 1403
868 1291
869 1034
869 1033
869 1405
869 1018
870 1528
870 1634
871 1022
871 873
871 1418
871 1736
872 1407
873 1736
873 1529
873 1406
874 1738
874 1290
875 1026
875 1739
875 1293
876 1632
876 1287
876 1730
877 1534
877 1744
877 1156
877 1032
878 1409
878 1412
878 1411
878 1530
878 1745
878 1742
878 1027
878 1740
878 1293
879 1295
879 1159
879 1160
880 1532
880 1534
880 1161
880 1032
880 1034
881 1169
882 1766
882 1423
883 1755
884 1426
885 1646
885 887
885 886
885 1045
886 887
886 1306
886 1646
886 1757
887 1543
887 1427
887 1646
888 1643
888 1755
888 1044
889 1304
890 1429
890 1651
890 1756
890 891
891 1442
891 1651
891 1305
891 1429
891 1756
892 1309
892 1434
892 1436
893 1649
894 1766
894 1551
894 1768
895 1179
895 1447
895 1063
896 1551
896 1769
897 1770
898 1776
898 1552
899 1055
900 1060
900 1553
900 1317
900 1781
900 1780
900 1318
902 912
902 1789
902 905
902 1556
903 1555
903 1790
903 1554
904 1446
904 1323
904 1190
904 1557
904 1788
905 912
905 1556
906 1774
906 907
906 1791
906 1064
906 1312
907 1791
907 1656
908 1193
908 1794
909 1194
909 1797
910 1797
910 1660
910 1451
911 1563
911 1562
911 1326
912 1556
912 1453
913 914
913 1454
913 1802
914 1454
914 1802
915 1663
915 916
915 1068
916 1663
916 1206
916 1068
917 1070
918 1664
918 1328
919 1071
920 1203
920 1329
921 924
921 1331
922 923
922 1571
922 1570
923 1331
923 1205
923 1571
925 1330
925 1572
925 1072
926 1571
927 1460
927 1670
927 929
928 930
929 1671
929 1334
930 1469
930 1670
930 1824
930 1335
930 1085
931 1207
931 1462
932 1575
932 1077
932 1817
933 1819
933 1818
933 1816
934 1464
934 1204
934 1083
935 1676
935 936
935 1080
936 1676
936 952
936 1222
937 1810
937 1668
937 1578
937 1569
938 1580
939 1084
939 1579
939 1821
939 1823
939 940
940 1823
940 1821
940 1341
941 1822
941 1210
941 1578
941 1580
942 1581
942 1580
942 1081
943 1211
943 1469
944 1678
944 1827
944 1826
944 1825
945 1826
945 1827
945 1468
945 1215
946 1829
946 1346
947 1679
947 1219
947 1342
948 1471
948 1470
948 1590
948 1845
949 959
950 1682
950 951
950 1830
950 1473
951 1830
951 1473
952 1344
952 1222
952 1676
952 1584
953 1688
954 1586
954 1834
954 1089
954 1475
955 1348
955 1846
956 1227
957 1863
957 1246
958 1591
958 1228
958 1477
958 1229
959 1230
960 1230
961 1235
961 963
962 963
962 1353
963 1232
963 1481
963 1235
964 1850
964 1686
964 1234
964 1872
964 1849
965 1689
965 1596
965 1481
965 966
965 1851
967 1594
967 1595
968 1491
968 1369
968 1236
968 1596
968 1852
969 1858
969 1857
970 1856
970 972
971 1695
971 1359
971 1243
972 1856
973 1697
973 1487
973 1866
973 1244
973 1600
974 1247
974 1870
974 1248
974 1245
974 1868
974 1361
974 1101
974 1102
974 1869
975 1249
975 1490
976 1249
976 1250
976 1490
976 1366
977 1367
977 1106
977 982
977 978
978 1368
978 1875
978 1874
978 1251
979 1105
979 1872
979 1234
979 1850
980 1252
980 1699
980 981
980 1105
981 1105
981 982
981 1367
981 1252
981 1699
982 1105
982 1367
983 1704
983 1603
984 1255
984 1878
984 1107
984 1702
984 1506
985 1597
985 1260
985 1238
985 1482
985 1879
985 1111
986 1112
986 1258
986 1110
986 1605
986 987
986 1703
987 1493
987 1112
987 1605
987 1703
988 1690
988 1492
988 1109
988 1259
988 1705
989 1512
989 1116
989 1889
989 1263
989 1609
990 1891
990 1892
991 1706
991 1708
991 1498
992 1610
992 1611
992 993
992 1375
992 1377
992 1499
992 1378
993 1610
993 1121
993 1499
993 1378
993 1375
994 1897
994 1612
995 1615
995 1905
996 1271
996 1617
996 1903
997 1904
997 1384
997 1271
998 1902
998 1618
998 1385
998 1710
998 1383
998 1125
998 1127
999 1273
999 1001
1000 1003
1000 1619
1000 1387
1000 1907
1001 1129
1001 1714
1002 1130
1002 1110
1002 1714
1003 1273
1003 1906
1003 1619
1004 1275
1004 1006
1004 1624
1004 1007
1004 1274
1005 1906
1005 1619
1005 1132
1005 1509
1005 1716
1006 1274
1006 1391
1006 1624
1006 1007
1006 1275
1006 1512
1006 1263
1007 1275
1007 1391
1007 1512
1007 1624
1007 1274
1007 1263
1009 1909
1009 1013
1010 1277
1010 1011
1010 1910
1010 1718
1011 1135
1011 1134
1011 1277
1011 1394
1011 1910
1012 1911
1012 1277
1012 1013
1013 1911
1014 1721
1014 1628
1014 1516
1015 1515
1015 1898
1015 1628
1016 1280
1016 1725
1017 1727
1017 1286
1017 1285
1017 1284
1017 1629
1017 1146
1018 1033
1018 1743
1019 1152
1019 1635
1020 1635
1021 1735
1023 1289
1023 1406
1023 1407
1024 1636
1025 1154
1026 1739
1026 1293
1027 1293
1027 1411
1027 1412
1027 1745
1027 1029
1028 1410
1028 1156
1028 1158
1028 1162
1029 1746
1030 1424
1030 1158
1030 1302
1031 1303
1031 1424
1031 1171
1031 1410
1031 1642
1032 1744
1032 1534
1033 1034
1033 1405
1034 1405
1034 1532
1034 1161
1035 1415
1035 1414
1037 1166
1037 1420
1037 1539
1038 1538
1038 1164
1038 1167
1039 1750
1039 1541
1039 1540
1039 1749
1039 1165
1040 1170
1040 1637
1040 1041
1042 1300
1042 1301
1042 1172
1042 1043
1043 1301
1043 1300
1043 1299
1043 1753
1043 1752
1044 1643
1044 1426
1045 1646
1046 1173
1047 1428
1047 1759
1047 1758
1047 1174
1049 1545
1049 1546
1050 1762
1050 1541
1051 1052
1051 1765
1054 1182
1054 1314
1054 1552
1055 1759
1056 1185
1057 1778
1058 1186
1059 1783
1059 1784
1060 1317
1061 1320
1062 1559
1062 1788
1062 1785
1062 1065
1063 1656
1063 1447
1064 1792
1064 1791
1065 1324
1065 1559
1065 1785
1066 1661
1066 1570
1066 1800
1067 1661
1068 1663
1068 1206
1069 1796
1069 1567
1070 1666
1073 1669
1073 1458
1073 1568
1074 1810
1075 1673
1075 1672
1075 1462
1075 1337
1076 1086
1077 1575
1077 1817
1079 1675
1079 1083
1079 1209
1080 1082
1080 1465
1081 1580
1081 1822
1082 1209
1082 1465
1082 1677
1083 1464
1084 1823
1085 1824
1085 1215
1085 1335
1085 1469
1087 1218
1087 1342
1087 1680
1088 1590
1089 1475
1089 1474
1089 1834
1090 1345
1092 1476
1094 1104
1094 1687
1094 1592
1095 1847
1095 1479
1096 1230
1097 1226
1098 1101
1098 1864
1099 1865
1099 1698
1099 1708
1100 1244
1101 1868
1101 1245
1101 1102
1101 1870
1101 1869
1102 1361
1102 1868
1102 1869
1102 1265
1102 1870
1102 1871
1102 1376
1102 1247
1102 1248
1103 1246
1103 1867
1103 1362
1104 1687
1105 1367
1105 1699
1106 1253
1107 1130
1107 1702
1107 1878
1108 1877
1108 1256
1108 1701
1109 1690
1109 1876
1109 1371
1109 1370
1109 1492
1109 1259
1110 1714
1110 1258
1110 1605
1111 1493
1111 1604
1111 1881
1112 1883
1112 1881
1112 1493
1112 1604
1112 1703
1113 1372
1113 1880
1114 1609
1114 1494
1114 1263
1114 1120
1115 1880
1115 1240
1115 1607
1115 1606
1115 1855
1115 1372
1116 1609
1116 1889
1118 1890
1118 1891
1118 1119
1118 1706
1118 1264
1119 1891
1119 1890
1119 1708
1119 1264
1119 1706
1120 1275
1121 1375
1121 1499
1121 1378
1121 1610
1121 1896
1122 1124
1122 1382
1123 1269
1123 1268
1123 1613
1124 1266
1124 1899
1124 1382
1125 1383
1125 1902
1125 1385
1125 1618
1125 1127
1127 1711
1127 1618
1127 1272
1127 1384
1127 1904
1127 1902
1128 1397
1128 1905
1129 1903
1131 1140
1131 1507
1131 1726
1131 1388
1131 1713
1132 1716
1132 1509
1132 1619
1132 1906
1133 1911
1133 1908
1133 1625
1133 1276
1133 1389
1134 1514
1134 1135
1134 1394
1135 1514
1135 1910
1135 1913
1135 1394
1136 1627
1136 1616
1137 1723
1137 1520
1137 1916
1137 1917
1137 1396
1138 1724
1138 1522
1139 1141
1140 1141
1140 1524
1140 1388
1140 1713
1141 1280
1143 1144
1143 1146
1145 1284
1145 1146
1145 1923
1145 1400
1146 1400
1146 1629
1146 1284
1146 1285
1146 1286
1147 1909
1147 1278
1147 1629
1148 1729
1149 1731
1149 1404
1149 1152
1150 1633
1150 1528
1150 1288
1150 1152
1151 1153
1151 1733
1151 1732
1151 1633
1152 1288
1156 1744
1156 1158
1156 1410
1157 1640
1157 1745
1158 1410
1158 1424
1159 1160
1159 1295
1159 1415
1159 1416
1160 1295
1160 1415
1161 1295
1161 1532
1162 1410
1162 1642
1162 1533
1164 1539
1164 1420
1165 1540
1165 1541
1165 1749
1165 1750
1166 1538
1166 1420
1168 1170
1168 1542
1168 1408
1169 1298
1169 1751
1170 1637
1170 1408
1171 1642
1171 1424
1172 1301
1174 1428
1175 1318
1175 1309
1175 1549
1175 1553
1175 1780
1176 1177
1177 1548
1178 1763
1178 1421
1179 1447
1180 1558
1181 1313
1181 1772
1181 1769
1182 1184
1182 1183
1182 1185
1182 1314
1183 1775
1183 1184
1183 1185
1183 1314
1184 1770
1184 1775
1184 1442
1186 1778
1186 1779
1187 1316
1187 1436
1187 1434
1189 1322
1189 1319
1190 1191
1190 1655
1190 1786
1190 1446
1190 1323
1191 1446
1191 1655
1191 1786
1191 1787
1191 1323
1192 1658
1193 1448
1194 1797
1194 1658
1195 1451
1197 1794
1197 1664
1198 1461
1199 1793
1199 1564
1199 1456
1199 1805
1201 1338
1202 1809
1203 1329
1204 1457
1205 1331
1205 1459
1205 1332
1205 1668
1206 1663
1206 1574
1207 1462
1208 1815
1209 1577
1209 1677
1210 1822
1210 1569
1210 1578
1211 1825
1211 1827
1211 1469
1211 1678
1212 1213
1212 1828
1212 1468
1212 1681
1213 1214
1213 1828
1213 1468
1213 1582
1214 1837
1214 1582
1214 1346
1214 1347
1214 1828
1215 1824
1216 1219
1216 1343
1216 1679
1217 1220
1218 1336
1219 1679
1219 1343
1219 1342
1221 1585
1221 1583
1222 1344
1222 1584
1223 1353
1223 1583
1224 1835
1224 1225
1225 1835
1225 1474
1226 1585
1227 1844
1228 1352
1228 1229
1228 1478
1229 1477
1229 1591
1229 1352
1232 1481
1232 1689
1233 1687
1233 1354
1233 1355
1234 1850
1234 1849
1234 1848
1234 1686
1234 1872
1236 1491
1236 1369
1236 1252
1236 1480
1236 1852
1237 1238
1237 1599
1237 1597
1237 1855
1237 1240
1237 1260
1238 1597
1238 1599
1238 1482
1238 1855
1238 1260
1238 1879
1239 1358
1239 1599
1239 1484
1239 1854
1240 1486
1240 1859
1240 1855
1241 1356
1241 1486
1241 1242
1241 1696
1242 1696
1242 1356
1243 1695
1243 1359
1243 1859
1244 1600
1244 1866
1245 1869
1245 1870
1245 1868
1245 1363
1245 1361
1246 1867
1246 1362
1247 1376
1247 1265
1247 1895
1247 1870
1247 1871
1247 1361
1247 1248
1248 1361
1248 1871
1248 1870
1248 1376
1248 1895
1248 1265
1249 1490
1250 1366
1250 1365
1251 1875
1251 1368
1252 1699
1252 1369
1252 1491
1254 1603
1255 1602
1255 1506
1256 1383
1256 1877
1256 1602
1257 1882
1257 1888
1257 1496
1257 1373
1258 1883
1259 1492
1260 1599
1260 1879
1260 1597
1260 1482
1261 1887
1262 1886
1262 1608
1262 1494
1263 1512
1263 1609
1264 1707
1264 1891
1265 1895
1265 1376
1265 1871
1265 1377
1266 1268
1266 1710
1266 1875
1267 1899
1267 1901
1267 1505
1268 1614
1268 1613
1268 1269
1269 1613
1269 1614
1270 1614
1271 1903
1271 1384
1272 1904
1272 1902
1272 1382
1272 1711
1274 1391
1274 1275
1274 1624
1274 1512
1276 1625
1276 1719
1276 1908
1276 1622
1277 1718
1278 1909
1278 1720
1279 1519
1280 1726
1280 1725
1281 1712
1282 1630
1282 1922
1282 1921
1283 1921
1284 1629
1284 1400
1284 1286
1284 1285
1285 1727
1285 1286
1285 1629
1286 1629
1286 1727
1287 1730
1287 1632
1288 1633
1290 1737
1290 1738
1291 1403
1291 1292
1292 1403
1293 1530
1293 1740
1293 1739
1293 1411
1293 1638
1294 1531
1294 1639
1296 1297
1299 1753
1299 1641
1299 1425
1300 1752
1300 1301
1300 1422
1301 1753
1303 1642
1304 1441
1305 1645
1305 1756
1306 1427
1306 1757
1308 1435
1308 1648
1309 1549
1310 1549
1310 1761
1311 1440
1311 1650
1312 1774
1312 1791
1313 1772
1313 1769
1314 1552
1315 1449
1315 1777
1316 1319
1318 1553
1319 1322
1323 1786
1323 1655
1323 1559
1323 1446
1323 1787
1325 1448
1326 1800
1326 1562
1326 1563
1327 1662
1328 1664
1330 1572
1332 1459
1332 1810
1332 1669
1332 1668
1333 1812
1333 1340
1335 1670
1335 1813
1336 1673
1337 1672
1337 1814
1337 1673
1338 1463
1339 1579
1340 1466
1340 1812
1341 1833
1341 1821
1341 1832
1342 1679
1342 1343
1344 1472
1344 1584
1345 1833
1346 1582
1346 1829
1347 1588
1347 1837
1348 1844
1349 1845
1350 1351
1350 1683
1350 1488
1351 1360
1351 1488
1351 1862
1352 1478
1353 1583
1354 1355
1355 1593
1356 1483
1356 1598
1357 1853
1357 1694
1357 1693
1358 1693
1358 1854
1359 1695
1359 1859
1360 1488
1361 1868
1361 1870
1361 1376
1361 1869
1361 1871
1362 1867
1362 1363
1363 1867
1365 1366
1368 1875
1368 1874
1369 1491
1369 1852
1370 1876
1370 1603
1370 1700
1370 1371
1371 1876
1371 1700
1372 1880
1373 1496
1373 1621
1373 1888
1373 1882
1373 1884
1374 1893
1374 1375
1374 1497
1375 1499
1375 1378
1375 1610
1376 1871
1376 1870
1376 1895
1377 1895
1378 1499
1378 1896
1378 1610
1380 1502
1380 1381
1381 1900
1382 1711
1383 1710
1383 1618
1383 1385
1384 1904
1384 1902
1385 1902
1385 1618
1386 1510
1386 1388
1387 1907
1387 1508
1387 1507
1388 1919
1388 1510
1388 1713
1389 1393
1389 1908
1389 1625
1389 1622
1390 1511
1390 1512
1390 1624
1390 1715
1390 1391
1390 1392
1391 1512
1391 1624
1391 1392
1392 1715
1392 1513
1393 1625
1394 1910
1394 1913
1394 1514
1395 1398
1396 1916
1396 1917
1396 1520
1396 1723
1397 1520
1398 1524
1398 1919
1400 1629
1400 1923
1401 1924
1404 1731
1406 1529
1406 1407
1407 1529
1408 1741
1408 1542
1409 1742
1409 1638
1409 1530
1410 1424
1411 1740
1411 1530
1411 1745
1411 1412
1412 1742
1412 1745
1413 1533
1415 1416
1416 1417
1417 1537
1420 1539
1421 1433
1422 1752
1423 1766
1423 1755
1424 1642
1425 1753
1425 1542
1426 1643
1426 1644
1427 1543
1427 1645
1428 1758
1428 1759
1428 1647
1429 1651
1430 1760
1431 1547
1432 1761
1432 1545
1433 1749
1434 1436
1435 1648
1435 1436
1437 1764
1437 1765
1438 1649
1439 1653
1439 1445
1442 1651
1442 1756
1443 1546
1444 1652
1445 1558
1446 1786
1446 1655
1446 1557
1448 1659
1449 1777
1450 1795
1451 1660
1452 1799
1452 1798
1453 1556
1454 1802
1455 1802
1455 1803
1455 1573
1456 1793
1456 1805
1456 1804
1458 1568
1458 1669
1459 1668
1459 1669
1460 1813
1460 1670
1463 1818
1463 1674
1465 1677
1466 1579
1468 1826
1469 1824
1469 1825
1470 1845
1470 1471
1471 1590
1471 1845
1472 1473
1474 1475
1474 1834
1475 1834
1477 1684
1477 1591
1479 1847
1480 1848
1480 1850
1481 1689
1481 1851
1481 1596
1482 1879
1482 1597
1482 1599
1483 1484
1483 1598
1484 1598
1485 1690
1485 1705
1485 1692
1486 1859
1487 1866
1487 1861
1487 1697
1487 1600
1488 1862
1489 1490
1491 1852
1492 1876
1493 1881
1493 1604
1494 1609
1495 1608
1495 1606
1495 1886
1495 1885
1496 1887
1496 1888
1496 1882
1497 1893
1498 1706
1498 1708
1499 1611
1499 1610
1500 1503
1502 1612
1502 1504
1504 1627
1504 1914
1505 1900
1505 1901
1506 1702
1507 1713
1508 1510
1508 1907
1509 1906
1509 1619
1511 1621
1512 1624
1513 1716
1513 1715
1513 1620
1514 1910
1514 1626
1514 1913
1515 1628
1516 1721
1517 1518
1517 1722
1517 1915
1518 1915
1518 1722
1520 1723
1520 1917
1520 1916
1521 1523
1521 1918
1522 1722
1522 1724
1522 1915
1523 1918
1524 1919
1525 1733
1525 1631
1526 1527
1527 1729
1528 1633
1529 1736
1530 1740
1530 1739
1530 1742
1530 1638
1531 1743
1531 1639
1532 1534
1535 1537
1536 1747
1536 1748
1538 1541
1540 1750
1540 1749
1541 1750
1542 1741
1543 1645
1544 1647
1544 1759
1544 1758
1545 1546
1549 1553
1551 1766
1551 1768
1551 1769
1551 1771
1552 1776
1553 1780
1554 1790
1554 1788
1554 1555
1555 1790
1557 1789
1559 1655
1559 1787
1559 1788
1562 1563
1562 1661
1563 1800
1564 1785
1564 1793
1565 1806
1566 1567
1567 1665
1567 1796
1568 1669
1569 1578
1569 1669
1569 1810
1569 1668
1570 1811
1570 1571
1570 1800
1573 1671
1573 1803
1575 1817
1577 1677
1580 1822
1581 1586
1582 1828
1587 1840
1587 1841
1588 1837
1591 1684
1592 1687
1594 1595
1596 1852
1596 1689
1597 1599
1597 1879
1597 1855
1599 1879
1600 1697
1600 1866
1601 1863
1602 1877
1604 1881
1605 1703
1605 1704
1606 1607
1607 1859
1608 1886
1608 1885
1609 1889
1610 1896
1613 1614
1615 1905
1616 1627
1617 1903
1618 1902
1618 1711
1618 1904
1619 1906
1619 1716
1620 1717
1620 1623
1620 1715
1622 1908
1622 1625
1623 1717
1625 1908
1626 1913
1629 1727
1630 1924
1631 1728
1632 1730
1633 1733
1634 1734
1636 1735
1638 1740
1638 1739
1638 1742
1639 1743
1639 1744
1640 1745
1641 1746
1645 1756
1647 1759
1647 1758
1650 1768
1651 1756
1653 1654
1655 1786
1655 1787
1655 1788
1657 1659
1659 1792
1660 1797
1665 1807
1666 1807
1668 1810
1668 1669
1671 1803
1672 1673
1672 1814
1673 1814
1674 1818
1678 1827
1678 1825
1679 1681
1680 1814
1685 1848
1686 1848
1686 1850
1686 1849
1686 1872
1689 1851
1690 1692
1690 1876
1690 1705
1691 1700
1693 1853
1695 1857
1695 1858
1697 1866
1697 1890
1698 1865
1701 1877
1702 1878
1703 1704
1706 1890
1706 1891
1706 1708
1708 1890
1709 1897
1711 1904
1711 1902
1712 1726
1713 1919
1716 1906
1718 1719
1722 1915
1723 1917
1723 1918
1724 1915
1725 1726
1739 1740
1740 1742
1743 1744
1747 1748
1749 1750
1754 1767
1758 1759
1759 1760
1768 1771
1769 1772
1769 1771
1770 1775
1770 1773
1771 1772
1773 1775
1774 1791
1778 1779
1780 1781
1782 1783
1783 1784
1785 1793
1786 1787
1788 1790
1795 1796
1801 1811
1804 1805
1815 1817
1815 1816
1816 1817
1818 1819
1824 1826
1825 1827
1825 1826
1826 1827
1831 1832
1832 1833
1836 1853
1836 1841
1837 1838
1848 1850
1848 1872
1849 1872
1849 1873
1850 1872
1855 1880
1856 1858
1856 1857
1857 1858
1860 1885
1860 1861
1861 1885
1866 1890
1868 1870
1868 1869
1869 1870
1870 1871
1871 1895
1881 1882
1882 1883
1883 1884
1885 1886
1887 1888
1887 1889
1892 1893
1902 1904
1910 1913
1916 1917
1921 1922
