0 1413
0 774
0 454
0 679
0 775
0 2
0 353
1 1107
1 999
1 232
1 231
1 1516
2 1413
2 354
2 231
2 1108
2 232
2 353
2 679
3 880
3 569
3 357
3 1416
3 1110
3 456
4 569
4 1110
4 1111
4 1418
4 356
5 680
5 570
5 356
5 1002
5 572
5 1000
6 1207
6 781
6 1112
7 1004
7 573
7 683
8 1310
8 573
8 1004
8 233
8 881
9 233
9 806
9 881
10 476
10 457
10 595
10 780
11 888
11 1114
11 1312
11 20
11 458
11 886
11 685
11 575
11 459
12 1591
12 461
12 883
12 782
12 1006
13 20
13 686
13 1008
13 684
13 459
13 458
13 783
14 576
14 234
14 577
14 460
14 883
14 578
15 882
15 702
15 1113
15 253
15 234
15 56
15 1231
16 20
16 1010
16 686
16 237
16 786
16 236
16 1008
16 19
17 787
17 1682
17 488
17 360
18 61
18 19
18 483
18 786
18 362
18 256
19 362
19 1010
19 483
19 1237
19 1607
19 237
19 61
19 786
19 60
20 1114
20 1676
20 1675
20 1008
20 459
20 236
20 886
20 686
21 240
21 364
21 582
21 23
22 689
22 1430
22 688
22 1013
23 364
23 689
23 1429
23 582
23 1013
23 1432
23 687
24 25
24 464
24 790
25 792
25 790
26 891
26 366
27 1434
27 368
27 467
28 1594
28 466
28 241
28 692
28 468
28 1528
29 793
29 1218
29 893
30 817
30 691
30 367
31 242
31 586
31 1595
31 32
32 242
32 586
32 260
33 892
33 795
33 1529
33 37
33 897
33 1120
34 470
34 794
34 1120
34 795
34 590
34 1219
34 38
35 469
35 1437
35 589
35 271
35 1438
35 1222
35 911
35 695
36 371
36 896
36 244
36 76
37 1596
37 797
38 1317
38 694
38 1220
38 470
38 794
38 369
38 589
39 245
39 1121
39 898
39 1321
40 677
40 1442
40 800
41 44
41 42
41 697
41 472
41 1021
41 801
42 472
42 801
42 44
42 1018
42 697
43 277
43 1019
43 373
44 83
44 1139
44 1225
44 1035
44 1018
44 500
44 472
45 46
45 1209
45 808
45 899
45 595
45 374
46 899
46 1226
46 374
46 249
46 248
47 1020
47 572
47 778
47 48
48 474
48 1679
48 1022
49 1123
49 1021
49 1533
50 1227
50 593
50 805
51 1446
51 808
51 53
51 1229
51 52
51 903
51 480
51 374
51 595
52 1447
52 1023
52 377
52 1229
52 480
52 53
52 903
52 1446
53 1023
53 903
53 377
53 480
53 1447
53 1446
54 1448
54 481
54 477
54 902
55 700
55 478
55 377
55 1230
55 1024
56 1231
56 702
56 253
56 882
56 1113
56 234
57 59
57 254
57 597
57 1537
57 1536
57 1026
58 1328
58 482
58 598
58 252
58 701
59 1235
59 597
60 887
60 786
60 1237
60 483
60 1010
60 1327
60 1607
60 596
60 907
60 1427
61 483
61 600
61 256
61 362
61 786
61 1237
62 904
62 907
62 380
62 483
62 1330
62 1239
62 600
63 1126
63 485
63 1125
63 813
63 905
63 1540
64 908
64 1215
64 486
64 1450
64 383
64 488
65 1451
65 258
65 261
65 1332
65 910
66 908
66 1452
66 1128
67 814
67 1331
67 1028
67 68
68 814
68 383
68 1331
68 1028
69 1335
69 1334
69 1031
69 489
70 262
70 606
70 1541
70 1685
70 1457
70 509
70 1542
71 509
71 264
71 1044
72 260
72 490
73 1454
73 605
73 704
73 604
73 1030
73 490
74 1133
74 609
74 1033
74 267
74 268
75 1455
75 265
75 1337
76 78
76 707
76 387
77 115
78 707
78 1247
78 387
79 390
79 496
79 1343
79 1248
79 498
79 1034
79 389
79 388
79 1545
80 497
80 1613
80 499
80 710
80 1247
80 1342
80 387
81 820
81 1036
82 1019
82 277
82 610
82 1249
83 500
83 1139
83 273
83 821
83 1138
84 1140
84 281
84 280
84 1141
84 85
84 278
85 1140
85 915
85 1464
85 1620
86 612
86 822
86 274
87 1346
87 1345
87 613
87 1252
87 1142
87 1635
87 823
87 126
88 1253
88 282
88 917
88 479
88 91
88 807
88 700
89 393
89 90
89 282
90 1253
90 479
90 282
91 1254
91 1469
91 92
91 1230
91 1143
91 616
91 700
91 917
91 501
91 615
92 502
92 1467
92 1143
92 94
92 284
92 615
92 1469
92 1254
93 1145
94 916
94 502
94 503
94 391
94 284
95 1349
95 286
95 1468
95 285
95 412
95 827
95 127
95 826
95 825
95 932
95 1622
95 283
96 396
96 1688
96 395
96 1027
96 287
96 1146
97 918
97 394
97 1473
98 296
98 617
98 732
98 713
99 1258
99 920
99 618
100 830
100 831
100 414
100 1352
100 416
100 1354
101 621
101 1042
101 102
101 1550
101 506
101 921
101 400
102 1042
102 621
102 508
102 506
102 1550
102 103
102 400
103 506
103 921
104 1046
104 1242
104 1624
104 263
104 1044
105 509
105 1626
105 832
105 1045
105 1043
106 622
106 1153
106 510
106 1259
107 508
107 1356
107 506
108 622
108 623
108 290
109 625
109 403
109 1261
110 403
110 1625
110 923
111 1262
111 113
112 113
112 717
112 923
113 717
113 716
114 1553
114 1554
114 1263
115 1049
115 511
116 118
116 291
117 1266
117 926
117 1694
117 928
118 927
118 923
119 120
119 721
119 948
119 1265
120 721
120 1265
120 405
121 1629
121 389
121 1155
122 1480
122 408
122 723
123 407
123 1361
123 722
124 1051
124 1555
124 1633
124 295
124 836
124 724
124 512
125 1162
126 1345
126 1252
126 1050
127 285
127 283
127 286
127 128
127 1350
127 129
127 1054
127 1367
128 130
128 129
128 1054
128 1367
128 283
128 933
128 628
129 933
129 628
129 1054
129 130
130 628
130 134
130 726
130 933
130 630
131 728
131 729
131 629
131 1556
131 133
131 1366
132 1053
132 934
132 1052
132 1269
133 1368
133 1366
133 629
133 728
134 630
135 934
135 1053
135 935
135 136
135 838
136 838
136 935
137 631
137 138
137 730
137 297
138 631
138 731
138 139
138 730
138 1271
138 1272
138 839
139 143
139 1272
139 731
139 515
139 1638
139 839
139 1271
139 730
140 144
140 398
140 141
140 415
140 1485
140 829
140 298
141 1370
141 414
141 829
141 1041
141 734
141 142
141 939
141 735
141 298
141 415
142 734
142 939
142 1276
142 735
142 634
142 1275
142 635
143 938
143 1369
143 426
143 1056
143 515
143 299
143 1277
144 1485
144 1373
144 398
144 301
145 942
145 1372
145 1166
145 841
145 418
146 636
146 518
146 840
146 303
146 302
146 736
147 419
147 304
147 154
147 1058
147 1641
148 1166
148 1372
149 151
149 922
149 941
150 944
150 1374
150 1281
150 1565
150 152
151 637
151 153
151 1061
151 305
151 520
152 842
152 1374
152 944
153 154
153 1061
153 637
153 305
153 943
153 419
154 637
154 419
154 305
154 943
154 1061
155 1564
155 924
155 521
155 945
155 1642
156 639
156 157
156 307
157 307
158 947
158 1167
158 640
158 1283
158 842
159 1168
159 639
159 308
159 404
160 308
160 161
160 1168
161 162
162 163
164 949
164 929
164 294
164 1646
165 843
165 1377
165 167
165 641
165 1493
165 166
165 1063
165 522
166 641
166 1377
166 167
166 1063
166 522
167 1063
167 525
168 836
168 1171
168 727
168 627
169 523
169 739
169 1172
169 1494
169 175
170 421
170 739
170 311
170 950
170 1378
170 309
171 173
171 1293
171 421
171 951
171 1566
171 1495
172 314
172 528
172 1066
173 175
173 1566
173 313
173 951
173 1172
174 1567
174 1383
174 846
174 1066
174 424
174 1178
175 1172
175 313
175 951
176 177
176 856
176 1649
176 751
177 751
177 1649
177 1290
177 856
178 957
178 1177
178 413
178 643
178 425
178 644
178 315
178 1068
178 1069
179 741
179 1074
179 1072
179 959
179 428
179 649
179 742
180 529
180 318
180 648
181 530
181 849
181 848
181 1180
181 531
182 532
182 651
183 320
183 1182
183 962
183 1499
183 961
183 960
184 533
184 534
184 1183
184 960
185 652
185 532
185 651
186 743
186 1077
186 851
186 965
186 535
187 539
187 538
187 745
187 537
188 309
188 311
188 853
188 1391
189 966
189 1080
189 326
190 852
190 1081
191 537
192 195
192 969
193 541
193 854
193 540
194 1394
194 749
194 855
194 967
194 1393
195 1393
195 541
195 748
196 970
196 854
196 542
196 1296
197 656
197 1578
197 327
197 343
198 1073
198 849
198 1084
198 1580
198 199
198 650
198 545
199 545
199 975
200 437
200 972
200 655
201 857
201 544
202 1075
202 858
202 657
203 206
203 440
203 860
203 334
204 333
204 1400
204 438
204 1581
205 546
205 1088
206 1088
206 860
206 334
207 978
208 338
208 1401
208 549
208 1402
208 1194
208 758
208 550
209 1091
209 212
209 442
210 1091
210 1092
210 1403
210 550
210 1090
210 339
211 759
211 339
211 663
211 561
211 560
211 1103
211 1092
212 982
212 1091
213 1095
213 761
213 215
213 983
213 214
213 1299
213 444
214 1299
214 867
215 1299
215 761
215 983
215 1709
215 1095
216 869
216 1197
216 762
216 217
217 762
217 666
217 1099
217 1583
217 869
218 348
218 1405
218 1507
218 984
218 874
219 1397
219 870
220 771
220 669
220 564
220 1100
221 671
221 346
221 347
221 991
222 563
222 346
222 347
222 562
223 993
223 224
223 225
223 674
223 1301
223 992
224 1412
224 226
224 225
224 674
225 770
225 226
225 674
225 993
226 674
227 451
227 558
228 230
228 990
229 452
229 567
230 997
231 1107
231 1108
231 1517
231 777
231 232
232 679
232 999
232 355
232 776
232 1587
233 881
233 806
233 1310
233 573
234 578
234 460
234 577
234 1113
235 358
235 885
236 686
236 1008
236 1676
236 237
237 786
237 686
238 363
238 1426
238 361
238 359
238 579
238 1524
239 1012
239 1313
239 789
239 1526
239 1213
239 462
239 240
239 360
240 1012
240 462
240 1213
240 364
240 789
241 466
241 587
241 468
241 692
242 586
243 1014
243 1677
243 796
243 693
243 588
243 1015
244 895
244 894
244 896
245 1321
245 1322
245 246
245 1121
245 898
246 1322
246 371
246 799
246 370
246 1601
247 801
247 1017
247 697
247 1602
247 803
247 1224
248 1604
248 900
248 374
248 249
248 899
248 1534
248 1226
248 1680
249 899
249 1226
249 1203
249 1020
249 1419
250 251
250 805
250 593
250 1228
250 1227
250 280
251 805
251 1228
252 482
252 1328
252 1235
252 810
253 1231
253 1673
253 1424
253 702
253 882
253 254
253 1113
254 702
254 1536
254 1234
255 1236
255 1025
255 811
256 600
256 257
256 484
257 1238
257 381
257 1606
257 484
258 1336
258 1451
258 261
258 1029
259 1332
259 491
260 703
261 263
261 1336
261 816
261 1029
262 606
262 1541
262 1241
262 264
262 509
262 1685
262 1457
263 1029
263 1242
263 816
265 1130
265 1032
265 706
265 1455
265 384
266 1131
266 268
266 1338
266 1033
266 1611
267 1339
267 1133
267 607
267 1243
267 705
268 1544
268 911
268 1338
268 1134
268 818
268 609
268 1131
268 1033
269 1458
269 495
269 709
269 270
270 495
270 1340
270 709
271 1134
271 911
271 608
271 493
271 1244
271 708
271 469
272 494
272 1137
272 386
272 626
272 498
273 1138
273 1461
273 1344
273 1686
273 500
274 1462
274 292
274 822
274 837
274 1619
274 1463
275 610
276 1617
276 1018
276 1035
276 1460
276 372
276 1615
276 472
277 1019
277 372
277 373
277 1249
277 1616
278 1037
278 1347
278 1687
278 1465
278 712
278 1140
278 611
278 280
278 281
279 1621
279 501
279 616
279 614
279 611
279 375
279 1347
280 1037
280 611
280 1140
280 1465
280 281
280 1687
281 611
281 1140
281 1465
281 1687
281 712
281 1037
282 479
282 1253
283 1350
283 1367
283 285
283 1054
284 824
284 502
284 1467
284 391
284 503
285 1468
285 1622
285 391
285 826
285 827
285 286
285 1349
285 916
285 1350
285 825
285 412
286 1349
286 825
286 412
286 827
286 1052
286 932
286 1622
286 826
286 1468
287 1146
287 1027
287 395
287 1475
288 1146
288 395
288 714
289 715
289 505
290 1060
290 622
290 623
291 719
291 1048
291 1360
291 511
292 837
292 293
292 930
292 1159
292 1463
293 1159
293 930
293 409
294 295
294 512
294 1157
294 724
294 1646
295 1555
295 724
295 512
296 732
296 297
296 713
297 732
297 1559
297 631
298 939
298 734
298 1355
298 735
298 829
298 1370
298 1041
298 414
298 415
299 426
299 1277
299 1071
299 649
300 1371
300 733
300 1486
300 1277
301 1151
301 1373
302 736
302 840
302 517
302 417
302 519
302 303
303 736
303 518
303 840
304 1079
304 533
304 1058
305 637
305 943
305 1061
305 419
306 420
306 946
306 738
307 717
307 420
308 1168
308 948
309 853
309 525
309 844
309 311
310 1064
310 1169
310 1376
310 1171
310 952
311 950
311 853
312 1173
312 847
312 954
312 845
312 958
313 1172
313 951
313 1176
314 528
315 645
315 317
315 1177
315 847
315 957
315 647
316 956
316 1070
316 647
316 1179
316 645
317 957
317 847
317 1177
317 958
318 529
318 648
318 1381
318 1648
318 1067
319 1181
319 530
319 1384
320 1182
320 962
321 440
321 1704
321 653
322 431
322 1184
322 536
322 1502
323 536
323 1078
323 431
323 432
324 325
324 1387
324 433
324 964
324 653
325 536
325 964
326 1652
326 1706
327 750
327 1395
327 655
327 1655
327 1707
328 1188
328 1505
329 750
329 971
330 1657
330 1083
330 331
330 973
330 1190
331 1504
331 1657
331 436
331 1083
331 1190
332 652
332 1076
332 1075
332 335
332 754
332 657
333 1101
333 977
333 859
334 860
334 439
335 1084
335 1076
335 545
335 650
335 1579
335 1659
335 754
336 660
336 1192
337 864
337 338
337 549
337 760
337 981
338 759
338 549
338 1401
338 1402
338 981
338 864
338 758
338 1194
339 1092
340 1710
340 1582
340 866
341 665
341 1196
341 445
342 343
342 763
342 1406
342 870
342 1300
343 656
343 763
343 1406
343 1300
343 870
344 986
344 1199
344 669
344 667
345 556
345 1198
345 764
345 552
346 563
346 347
346 991
347 563
347 991
347 1410
348 1405
348 1711
348 1302
348 874
349 566
349 351
349 1105
349 875
350 995
350 565
350 1515
350 994
350 564
351 566
352 1713
352 453
352 997
353 354
353 679
353 1413
354 1307
354 1413
354 679
354 777
355 1414
355 998
355 678
355 774
355 776
355 1415
356 1002
356 680
356 570
356 1000
356 1418
357 456
357 880
357 1309
357 571
357 1109
357 1417
357 1204
357 1001
357 1416
358 885
359 361
359 580
359 1523
359 579
360 1313
360 580
360 1526
360 1009
360 889
361 1524
361 579
361 363
361 1426
362 1237
362 483
362 1010
362 786
363 1674
363 1426
363 579
363 1428
363 784
364 1315
364 462
364 582
364 1429
365 891
365 584
365 1117
365 791
366 690
366 891
367 691
367 817
367 385
367 1129
368 587
368 690
368 1217
368 1434
368 467
369 794
369 693
369 1220
370 471
370 1319
370 1016
370 592
370 1441
370 591
371 1322
371 1601
371 896
371 799
371 1435
372 472
372 1615
372 803
372 1616
372 1018
372 1019
372 697
373 1019
373 1249
374 595
374 480
374 903
374 1534
374 1229
374 808
374 899
375 501
376 1445
376 1539
376 379
376 1324
376 599
376 1325
377 475
377 903
377 1023
377 1447
377 480
378 809
378 1445
378 1325
378 902
378 1323
378 1324
379 1539
379 599
380 906
380 1330
380 1684
380 600
380 1125
380 904
380 381
380 905
381 1126
381 1606
381 1238
381 905
381 484
382 715
382 1149
383 487
383 908
383 1028
383 1450
383 486
384 706
384 1130
385 1129
385 1456
385 817
385 691
385 1543
385 1611
386 494
387 1546
387 1247
387 499
388 1248
388 389
388 1343
388 390
388 1545
388 1034
388 711
389 1547
389 1343
389 498
389 1155
389 1034
389 1248
390 710
390 1248
390 1034
390 1545
390 711
390 496
390 1135
390 1136
391 502
391 1350
391 824
391 503
391 827
391 916
392 396
392 397
394 1623
394 1038
394 714
394 1255
395 1688
395 1146
396 1146
396 397
397 1256
397 1351
397 1549
397 1689
398 919
398 402
398 1485
399 620
399 1042
400 620
400 1550
400 506
400 621
400 1042
400 1356
401 507
401 1476
401 402
402 919
403 1261
403 625
404 927
404 639
405 1479
405 721
406 1154
406 1631
406 1628
406 834
407 1361
407 722
408 1155
408 1480
408 1630
408 722
409 930
410 1162
410 1268
410 1365
410 1364
410 1161
410 725
410 1636
411 1175
411 1637
411 526
412 1349
412 826
412 1052
412 932
413 644
413 1069
413 731
413 1068
413 839
413 1271
413 513
413 425
413 643
414 1041
414 734
414 1370
414 634
414 831
414 416
414 939
414 415
415 1041
415 829
415 734
415 1355
415 939
415 1370
416 1164
416 1057
416 1352
417 418
417 519
417 517
417 736
418 517
418 942
418 841
419 841
419 1061
419 943
419 637
420 946
420 1375
420 738
421 950
421 739
421 1378
421 1288
421 1495
422 423
422 1496
422 1289
422 953
422 527
422 1065
423 642
423 1289
423 1176
423 1065
423 527
424 958
424 845
424 1703
425 643
425 1068
425 957
425 1069
425 513
425 644
426 1382
426 1071
426 1369
426 515
426 1056
427 1650
427 1290
428 959
428 1072
428 1074
428 1181
428 741
429 432
429 963
429 430
429 1651
430 432
430 433
430 1651
430 850
431 743
431 536
431 535
431 1078
432 1651
432 1078
432 433
433 964
433 850
433 1387
434 1653
434 746
434 1081
435 1081
435 1392
436 750
436 1504
436 1083
436 1654
436 655
436 751
437 857
437 972
437 544
438 1400
438 1087
438 1581
439 756
440 653
441 547
441 1193
441 760
441 548
441 1661
441 862
441 443
442 1297
442 980
442 1096
443 661
443 1194
443 760
443 1193
443 864
443 863
443 1094
443 1663
443 1662
444 1664
444 1298
444 665
445 1196
445 1096
446 1294
446 1506
446 868
447 1199
447 987
447 1509
447 448
448 1407
448 555
448 987
449 985
449 556
449 668
450 767
450 872
450 672
451 771
451 558
451 772
452 567
452 877
453 1713
453 997
454 1413
454 775
454 879
454 679
455 776
455 1414
455 1415
455 678
455 1109
455 571
456 1417
456 1001
456 1416
456 1309
456 1204
456 880
457 595
457 780
457 476
457 1206
457 1209
457 682
457 1211
458 575
458 459
458 685
458 1312
458 1519
458 783
458 885
458 886
459 783
459 1312
459 1114
459 1519
459 888
459 1008
459 575
459 685
459 886
460 1520
460 1210
460 578
460 577
460 576
461 1671
461 1006
461 1423
462 1431
462 1012
462 1213
463 1011
463 581
463 1116
463 1212
464 690
464 1217
465 1528
465 1119
465 892
465 1593
466 587
466 468
466 1530
466 690
467 692
467 1434
468 587
468 1594
469 1438
469 708
469 493
469 608
469 894
469 911
469 895
469 1222
469 1318
470 590
470 1120
470 897
470 794
470 1219
470 795
471 1016
471 592
471 1319
471 591
471 1441
472 500
472 697
472 1035
472 1225
472 1018
473 1443
473 1122
473 802
474 804
474 568
474 1603
474 1589
474 1022
475 1535
475 1124
476 595
476 901
476 780
477 902
477 809
478 1024
478 1230
478 501
478 700
479 807
479 1253
480 1447
480 1446
480 1023
480 1229
480 903
480 808
481 1024
481 807
481 1447
481 1023
481 1448
482 1328
482 701
482 1608
483 1607
483 1237
483 1010
483 907
483 600
483 786
483 1239
484 1606
484 787
485 813
485 909
485 1449
485 1127
485 602
485 1540
486 908
486 1215
486 488
486 1527
486 1450
488 1527
488 1682
488 787
489 1031
489 490
489 1610
490 1031
490 1610
490 604
490 704
491 1332
491 1334
492 1338
492 911
492 1544
493 708
493 1244
493 608
493 818
493 911
493 1134
493 1612
494 1137
494 495
494 1459
495 1458
495 1459
495 709
496 913
496 1135
496 710
497 1341
497 1342
497 1613
497 499
497 710
497 1247
497 711
497 1135
497 912
497 1136
498 1248
498 1137
498 1547
499 898
499 1247
499 1121
499 1546
500 1138
500 1139
500 1018
500 1225
500 1035
500 1344
501 700
501 1230
501 615
501 616
501 1621
501 1143
502 916
502 503
502 827
502 1467
503 825
503 916
503 1145
503 827
504 828
504 1256
504 1689
504 1147
504 1351
505 1040
505 1353
506 508
506 1356
506 1550
506 1042
506 621
506 1692
507 921
507 1151
508 922
508 1692
509 1685
509 1043
509 1541
510 1551
510 832
510 1357
510 1259
510 1153
511 1360
511 719
511 1695
511 1049
512 1633
512 1555
512 1157
512 724
513 1271
513 1069
513 1068
513 643
513 644
513 839
514 1560
514 1483
514 918
514 1558
515 731
515 1272
515 1369
515 839
515 938
515 1056
516 1274
516 1373
516 1489
516 1059
516 1487
516 632
516 735
517 519
517 736
518 940
518 633
519 736
520 623
520 1282
520 1060
521 1565
521 1642
521 1564
521 945
521 1281
522 1170
522 1377
522 641
522 1493
522 843
523 1494
523 1379
523 739
524 1064
524 1379
525 844
525 1492
525 1063
526 1637
526 954
526 1175
526 1173
527 1065
527 1289
527 1176
529 648
529 1648
529 1381
529 1067
529 1497
530 1181
530 1384
531 1180
531 848
531 1498
532 651
533 1500
533 1079
533 534
533 1058
533 963
534 963
534 1500
534 1079
535 743
536 964
537 539
537 1574
537 745
537 1570
538 745
538 1572
538 1389
538 744
539 1574
539 1391
539 745
540 1082
541 748
541 968
542 752
542 1296
543 977
543 859
543 753
543 1399
543 658
543 1086
543 974
543 1660
543 976
544 857
544 1708
544 668
545 1579
545 1659
545 1084
545 650
546 755
546 861
547 863
547 862
548 1193
548 1661
549 981
549 759
549 758
549 1402
549 1401
549 864
550 1090
550 758
550 1297
550 980
551 1508
551 1099
551 763
551 1583
552 764
552 1584
552 554
553 766
553 670
553 1665
553 555
554 1202
554 675
555 1407
555 559
556 986
557 988
557 1408
557 989
558 1409
559 1407
559 1101
560 561
560 663
560 1103
561 1103
562 1104
562 770
562 873
562 563
564 1100
564 669
564 1514
564 994
564 771
564 876
565 994
565 995
565 1304
565 1305
565 1515
566 675
566 1302
566 1105
567 997
567 676
568 804
568 1603
568 698
568 1107
569 1111
569 1110
569 1205
569 1418
570 680
570 1002
570 1204
570 1000
571 1109
571 1309
571 678
571 1001
571 776
572 1419
572 778
572 680
572 1203
572 1588
572 1020
573 881
573 1004
573 683
573 1310
574 1311
574 576
574 1007
574 1425
574 1005
574 1210
575 1519
575 886
575 1312
575 783
575 1114
575 888
575 685
576 1210
576 577
577 883
577 578
578 1006
578 883
579 1524
579 1523
579 1426
580 1313
580 1431
580 788
580 889
580 1523
580 1009
580 1012
581 585
581 1011
582 687
582 1432
582 1013
582 1429
583 1316
584 891
584 1117
584 1433
584 1118
584 791
585 1011
585 1592
586 1595
586 1530
587 1530
587 690
588 896
588 1014
588 1435
588 693
588 1015
588 1436
589 1318
589 1317
589 1222
589 695
589 694
589 1437
589 1438
590 1597
590 1221
590 794
590 795
590 1219
591 1319
591 1441
591 1016
591 1015
591 592
592 1441
592 1319
592 1016
592 1440
593 1228
593 1227
593 805
594 1605
594 900
595 1209
595 1229
595 808
596 1672
596 1327
596 810
596 1232
596 887
596 1422
597 1026
597 1537
598 701
598 601
598 1326
598 812
598 1329
598 1538
599 1539
599 1324
600 904
601 812
601 701
602 909
602 1127
603 1609
603 1333
604 1031
604 1453
604 1454
604 815
605 704
605 703
605 1454
605 1241
605 1240
605 1030
606 1241
606 1541
606 1457
606 1685
606 1542
607 705
607 1243
607 1358
608 895
608 1244
608 708
609 1612
609 1134
609 818
610 1249
611 1347
611 614
611 1466
611 712
611 1465
612 820
612 1464
612 1250
612 822
613 1142
613 1346
613 823
613 1348
613 1251
613 628
614 1144
614 712
614 1621
614 1347
614 1466
614 616
615 616
615 1143
615 1254
615 1469
615 1467
615 917
616 1143
616 1469
616 1144
616 1621
617 1257
617 713
617 1039
617 828
618 1258
618 1040
619 1683
619 1475
619 1474
619 1150
619 1149
620 1356
620 1152
620 1042
620 621
620 1691
621 1550
621 1356
621 1042
622 623
622 1259
623 1060
624 945
624 1477
624 1554
624 1263
624 924
624 1047
625 1358
625 1261
627 727
627 836
627 1171
627 1051
628 933
628 1635
628 1054
628 1346
629 728
629 1368
629 729
629 1699
629 1556
629 1366
630 933
630 726
631 1484
631 1055
631 730
632 1274
632 633
632 1487
632 636
633 940
633 1279
633 1280
634 1370
634 734
634 1562
634 1057
634 939
634 635
634 1275
635 1276
635 1562
635 939
635 937
635 1275
635 734
635 1700
636 1274
636 1059
636 840
636 1490
637 1061
637 943
638 1185
638 737
639 1645
640 947
640 1167
640 1062
640 851
640 1503
641 843
641 1287
641 1377
642 953
642 955
642 1647
642 1174
642 740
643 839
643 1056
643 1382
643 731
643 644
643 1069
644 1069
644 1382
644 1068
645 1497
645 1179
645 647
645 1177
645 956
645 1070
646 936
646 1639
646 1482
646 847
646 1173
647 956
647 1497
647 957
647 1177
647 1381
647 1179
648 1568
648 1067
649 742
649 1278
649 1071
649 1072
649 959
650 1084
650 1498
650 1073
650 1580
650 1076
650 1579
651 1498
652 1075
652 754
652 1705
652 1076
653 1387
653 964
654 1292
654 1080
654 852
654 966
655 1707
655 972
655 1395
655 1504
655 750
656 1578
657 754
657 1075
658 1399
658 1660
658 977
658 859
658 976
659 765
659 756
660 757
660 1192
661 1094
661 758
661 1194
661 662
662 1093
662 865
662 1195
662 1297
663 759
664 866
664 1710
664 1404
664 1098
665 1664
665 1298
665 1196
666 869
666 1583
666 1201
666 1507
666 984
667 986
667 669
667 1510
668 1708
668 985
668 857
669 1585
669 1100
670 766
670 989
670 1665
670 1409
671 1667
671 1668
671 991
672 1513
672 1410
673 768
673 1411
673 1668
673 871
673 1512
673 1513
674 1412
674 1669
674 1301
675 1202
677 800
677 1442
677 1307
677 777
678 1415
678 1414
678 776
678 1109
679 775
679 1413
680 1002
680 1204
680 1308
681 1111
681 1207
681 1205
681 1208
682 1209
682 1211
682 1206
683 1003
683 781
683 1004
683 1112
683 1420
683 1670
684 1422
684 686
684 1427
684 1675
684 887
685 1521
685 1114
685 888
685 1522
685 785
685 1312
685 886
685 1008
686 1422
686 1675
686 1008
686 1010
686 1676
686 887
686 786
687 1432
687 689
687 1013
687 890
687 1429
688 1212
688 1011
688 1430
688 689
689 1430
689 890
689 1432
689 1013
690 1217
691 817
691 1129
692 1593
692 1434
692 1528
693 1014
693 1436
693 1221
693 1015
693 796
694 1222
694 1317
694 695
694 1437
694 1220
694 794
695 1317
695 1437
695 1438
695 1222
696 804
696 801
696 1444
696 1017
696 1603
696 698
696 1678
697 803
697 801
697 1224
698 804
698 1223
698 1444
698 1017
698 1517
698 1603
698 800
699 1227
699 1123
700 1230
700 1469
700 1681
700 917
700 1024
701 1538
701 812
701 1326
701 1329
701 1328
702 1424
702 1536
702 1673
702 1113
702 1231
703 704
703 1240
704 1454
704 1030
705 1358
705 1243
705 1339
706 1543
706 1130
706 1455
707 1340
707 709
708 1244
708 895
709 913
709 1340
709 1458
709 1459
710 1136
710 1342
710 1135
710 912
710 1614
710 1613
710 711
710 1247
711 1034
711 1341
711 1135
711 912
711 1136
711 819
711 1545
712 1347
712 1466
713 1039
713 1147
713 732
714 1623
714 1255
714 1038
714 1257
715 1149
716 924
716 1375
716 1047
716 717
716 1477
718 1264
718 1626
719 1360
719 1048
719 1695
719 925
719 720
720 1048
720 1479
720 1360
720 925
721 1265
721 948
722 1155
722 1361
722 1629
722 1630
723 1480
723 1627
724 1555
724 1633
724 1157
725 1364
725 1161
725 1636
725 1268
725 1365
725 1162
726 1267
726 1268
727 1051
727 1171
727 836
728 1556
728 1270
728 1366
728 729
729 1556
729 1366
730 1055
730 1272
730 1557
730 1271
731 1382
731 1369
731 1056
731 839
731 1638
731 1271
733 1278
733 1371
733 1486
734 1370
734 735
734 1275
734 939
734 1041
735 1487
735 1274
735 939
735 1276
736 840
737 1643
738 1286
738 1375
738 946
739 1494
739 1172
739 1495
739 950
739 1378
739 1288
740 955
740 1647
740 1380
740 1175
740 953
740 954
741 1568
741 1181
741 1074
741 959
741 1384
741 1072
742 1278
742 1072
742 959
743 1501
744 1389
745 1570
745 1574
746 1653
747 1662
747 1094
747 863
748 968
748 967
748 1393
749 967
749 968
749 1294
749 1295
749 1187
749 855
749 1394
750 971
750 1707
750 1655
750 1654
750 1395
751 1396
751 1504
751 856
751 1083
752 1296
752 1188
752 1577
753 974
753 1656
753 1086
754 1076
754 1075
755 861
756 765
757 1192
757 979
757 1089
758 1402
758 1401
758 1194
759 1402
759 1401
760 1663
760 1662
760 1194
760 1193
760 1661
760 864
761 1411
761 982
761 1095
761 1709
761 983
761 1667
762 1583
762 869
762 1197
762 1099
763 1300
763 1406
763 870
764 1097
764 1198
765 1511
766 1409
766 1585
766 1665
767 768
767 872
768 1200
768 872
768 1513
769 1669
769 1301
769 1201
770 993
770 992
770 1104
770 873
770 1301
771 772
771 1514
771 994
771 1100
772 1106
772 1100
772 1514
772 994
773 1586
773 1106
773 1304
773 878
773 1306
774 998
774 775
774 879
775 1413
775 879
776 1587
776 1415
776 999
777 1517
777 800
777 1442
777 1223
777 1307
777 1108
778 1020
778 1589
779 1421
779 1005
780 901
781 1112
781 1003
781 1421
781 1670
781 1420
782 883
782 1006
782 1591
782 1423
782 1518
783 1519
783 1312
783 1518
783 885
784 785
784 888
784 1522
784 1521
784 1674
785 888
785 1522
785 1521
786 1010
786 1237
786 887
786 1607
786 1427
787 1682
788 889
788 1009
788 1314
788 1523
788 1115
789 1526
789 1213
789 1012
790 1216
790 792
791 891
791 1117
791 1118
791 1433
792 1216
792 1316
793 1218
793 893
794 1219
794 1221
794 1220
795 1529
795 893
795 897
795 1317
795 1120
796 1014
796 1597
796 1219
796 1436
796 1221
797 1596
798 1600
798 1320
798 1599
798 1439
799 1322
799 896
799 1601
799 1435
800 1223
800 1307
800 1442
801 1532
801 1224
801 1602
801 1017
801 1444
801 803
802 1602
802 1224
802 1122
802 803
803 1602
803 1224
803 1122
804 1022
804 1678
804 1444
804 1603
805 1227
805 1228
806 901
806 809
807 1681
807 1253
807 917
808 1534
808 1229
808 899
808 903
809 902
809 901
810 1327
810 1232
810 1672
811 1025
811 1329
811 1538
811 1233
811 1236
811 1027
812 1608
813 1126
813 906
813 1449
813 905
813 1540
813 1125
814 1028
814 910
814 1333
814 1452
815 1453
816 1029
816 1242
816 1336
817 1543
817 1129
818 911
818 1544
818 1612
818 1134
819 1136
819 1545
819 1034
819 912
820 1618
820 1036
820 1548
820 1250
820 1461
821 1037
821 915
821 1140
821 1139
822 1464
823 914
823 1346
823 1142
823 1345
823 1252
823 1251
824 1144
824 1348
825 1350
825 916
825 1349
825 827
825 1468
825 1622
825 826
825 1145
826 932
826 1468
826 827
826 1622
826 1349
827 1349
827 1622
827 916
827 1145
827 1468
827 1350
828 1689
828 1351
828 1147
828 1039
828 1257
829 1041
829 1370
829 1355
830 1354
830 1472
830 1147
830 1256
830 1352
831 1354
831 1041
831 1690
831 1352
832 1551
832 1043
832 1045
832 1357
833 1691
833 1356
833 1260
834 1631
834 1154
834 928
834 1628
835 1363
835 1364
835 1160
835 1162
835 1365
836 1051
836 1555
837 1159
837 1634
837 1463
837 1619
837 931
838 935
838 1053
839 1056
839 1271
839 1638
840 1490
841 942
841 943
842 1643
842 1283
843 1170
843 949
844 1391
844 1492
845 958
846 1383
846 1178
846 1567
846 1082
846 1070
846 1702
847 1177
847 958
848 1180
849 1073
849 1189
850 1704
850 1385
851 1503
851 965
851 1077
851 1185
851 1062
853 1391
854 970
854 968
855 1294
855 1295
855 1187
855 1394
855 967
856 1396
857 972
857 1708
857 985
858 1398
859 1399
859 974
859 1086
859 976
859 1101
859 977
859 1660
860 1398
861 1666
862 1390
863 1094
863 1662
864 981
864 1663
864 1194
864 1193
865 1195
865 1292
865 1093
866 1710
866 1098
866 1582
867 1299
868 1404
868 1576
868 1506
869 1197
870 1406
870 1397
871 1411
871 1200
873 1104
873 992
873 993
873 1301
874 1507
874 1201
875 1105
875 1303
876 1510
876 1202
877 878
878 1106
878 1306
878 1586
879 998
880 1416
880 1417
880 1109
880 1001
880 1204
880 1309
881 1004
881 1310
882 1231
882 1113
883 1591
883 1006
883 1520
884 1590
884 1005
884 1311
884 1007
884 1425
885 1519
885 1312
885 1518
886 1522
886 888
886 1114
886 1519
886 1312
886 1008
887 1327
887 1010
887 1422
887 1607
887 1237
887 1427
888 1114
888 1521
888 1522
889 1526
889 1009
889 1313
889 1523
889 1115
890 1430
890 1013
890 1432
891 1117
892 893
892 1218
892 1119
892 1120
892 1528
892 897
892 1529
893 1218
893 1317
893 1120
893 897
893 1119
894 1438
894 895
894 1318
895 1318
895 1438
896 1435
896 1601
897 1317
897 1529
897 1120
898 1322
898 1546
898 1121
898 1321
899 1226
899 1209
899 1534
900 1226
900 1534
900 1604
900 1680
902 1325
902 1445
903 1447
903 1229
903 1446
903 1023
904 1330
904 1684
904 1239
905 906
905 1238
905 1126
905 1125
905 1540
906 1125
906 1330
907 1427
907 1607
907 1327
907 1239
907 1237
907 1010
908 1450
909 1127
909 1449
910 1333
910 1451
910 1609
911 1612
911 1544
911 1134
912 1341
912 1245
912 1246
912 1613
912 1136
913 1614
913 1135
913 1459
913 1458
914 1345
914 1141
915 1037
915 1140
916 1349
916 1145
916 1350
916 1622
916 1468
917 1467
917 1254
917 1469
917 1681
918 1560
918 1471
918 1148
918 1483
918 1473
921 1550
921 1476
922 941
922 1488
923 927
923 1625
924 1047
924 1375
924 1477
924 945
925 1478
925 1360
925 1479
925 926
926 1266
926 1478
926 1359
928 1266
928 1694
928 1631
929 1646
929 1158
930 1159
931 1634
932 1349
932 1052
932 1697
933 1054
934 1481
934 1053
934 935
934 1270
935 1053
935 1481
936 1639
936 1482
936 1561
937 1275
937 1700
937 1276
938 1277
938 1640
938 1273
938 1272
939 1041
939 1275
939 1370
940 1279
941 1165
941 1488
942 1166
942 1372
943 1061
944 1565
944 1281
944 1564
944 1374
945 1565
945 1564
945 1286
945 1642
946 1375
947 1285
947 1062
947 1167
947 1283
948 1265
948 1168
949 1170
949 1646
950 1495
950 1288
950 1494
950 1378
951 1288
951 1566
951 1495
951 1293
951 1172
952 1064
952 1376
952 1169
953 1175
953 955
953 1647
954 1175
954 1173
954 1380
955 1647
955 1174
956 1179
956 1497
956 1381
957 1068
957 1069
957 1177
959 1568
959 1072
959 1074
960 1499
960 961
960 1183
961 1569
962 1499
962 1182
963 1079
963 1500
964 1387
965 1185
965 1062
965 1077
966 1080
966 1292
967 1393
967 1394
967 968
968 1295
968 970
970 1295
971 1655
971 1577
971 1395
973 1189
973 1650
974 976
974 977
974 1660
974 1101
974 1399
974 1086
975 1085
975 1658
976 977
976 1101
976 1086
976 1660
976 1399
977 1399
977 1101
977 1660
978 979
978 1191
979 1089
980 1195
980 1090
980 1297
981 1401
981 1402
982 1095
982 983
982 1709
983 1411
983 1709
983 1667
983 1095
984 1711
984 1405
984 1097
984 1507
985 1708
986 1510
987 1407
987 1199
987 1509
988 989
988 1408
991 1668
991 1512
992 993
992 1301
992 1104
993 1104
993 1301
994 1514
995 996
995 1712
995 1305
995 1515
995 1304
996 1712
996 1515
996 1305
998 1414
999 1587
999 1107
999 1516
1000 1203
1000 1588
1000 1002
1001 1309
1001 1416
1001 1417
1001 1109
1002 1588
1002 1418
1003 1421
1003 1004
1003 1670
1003 1420
1003 1112
1004 1420
1004 1310
1005 1425
1005 1590
1005 1210
1005 1311
1005 1007
1006 1423
1006 1424
1006 1591
1006 1671
1007 1590
1007 1425
1007 1210
1007 1311
1008 1522
1008 1676
1008 1675
1008 1114
1009 1313
1009 1431
1009 1115
1009 1523
1010 1607
1010 1427
1010 1237
1010 1422
1011 1212
1012 1431
1012 1313
1012 1213
1013 1432
1013 1430
1014 1015
1014 1597
1014 1677
1014 1436
1014 1221
1015 1677
1015 1436
1016 1441
1016 1319
1017 1223
1017 1444
1018 1225
1018 1035
1019 1249
1019 1615
1019 1616
1020 1203
1020 1588
1020 1226
1020 1419
1021 1123
1021 1532
1021 1533
1022 1603
1022 1589
1022 1679
1022 1678
1023 1446
1023 1447
1023 1448
1024 1230
1024 1681
1025 1236
1025 1233
1026 1537
1026 1536
1027 1329
1027 1233
1027 1538
1027 1688
1027 1236
1027 1146
1028 1331
1029 1336
1030 1240
1030 1241
1030 1454
1031 1334
1031 1335
1031 1453
1031 1610
1032 1132
1033 1338
1033 1131
1033 1133
1034 1545
1034 1343
1034 1248
1034 1136
1035 1139
1035 1344
1035 1617
1035 1225
1035 1138
1036 1618
1036 1250
1036 1463
1036 1462
1037 1140
1037 1687
1037 1465
1038 1623
1038 1255
1039 1473
1039 1257
1040 1258
1041 1355
1041 1370
1041 1690
1041 1354
1042 1356
1042 1550
1043 1357
1043 1045
1043 1626
1044 1624
1044 1046
1044 1242
1045 1551
1045 1264
1045 1626
1046 1624
1046 1242
1047 1263
1047 1477
1047 1553
1047 1262
1048 1360
1049 1359
1049 1695
1050 1267
1050 1252
1051 1633
1052 1697
1052 1269
1053 1481
1054 1367
1055 1484
1055 1368
1055 1561
1056 1369
1056 1382
1056 1071
1057 1164
1057 1562
1057 1273
1058 1641
1058 1079
1059 1490
1059 1489
1060 1282
1062 1077
1062 1503
1062 1185
1063 1169
1063 1493
1063 1377
1064 1171
1065 1289
1065 1496
1066 1567
1067 1497
1067 1648
1067 1381
1068 1069
1068 1639
1070 1179
1070 1178
1070 1703
1070 1383
1071 1369
1072 1074
1073 1189
1073 1084
1073 1580
1074 1568
1075 1705
1077 1185
1079 1500
1080 1292
1081 1392
1082 1188
1082 1702
1083 1504
1084 1498
1084 1580
1084 1579
1085 1190
1085 1658
1086 1660
1086 1399
1087 1581
1087 1400
1089 1192
1090 1403
1090 1297
1090 1091
1091 1403
1092 1403
1092 1200
1093 1195
1093 1292
1094 1662
1095 1411
1095 1299
1095 1667
1095 1709
1096 1196
1097 1508
1097 1405
1098 1710
1099 1508
1099 1583
1100 1514
1102 1103
1105 1302
1106 1304
1106 1306
1106 1586
1107 1108
1107 1516
1107 1587
1107 1517
1108 1517
1109 1417
1109 1309
1110 1416
1110 1205
1110 1418
1111 1208
1111 1205
1112 1670
1112 1207
1112 1420
1113 1231
1113 1673
1114 1522
1114 1676
1115 1314
1115 1523
1116 1214
1116 1525
1117 1118
1117 1433
1118 1433
1119 1528
1119 1218
1120 1529
1120 1317
1121 1531
1121 1321
1121 1546
1121 1322
1122 1224
1122 1602
1123 1227
1123 1533
1124 1535
1125 1540
1125 1330
1125 1126
1126 1540
1126 1238
1127 1449
1127 1540
1128 1452
1129 1456
1129 1543
1129 1611
1130 1455
1131 1338
1131 1544
1131 1133
1131 1611
1132 1337
1132 1339
1134 1544
1134 1244
1134 1612
1135 1614
1135 1136
1135 1342
1135 1545
1136 1342
1136 1341
1136 1613
1136 1545
1137 1459
1137 1248
1138 1225
1138 1686
1138 1139
1138 1344
1139 1225
1140 1465
1140 1687
1141 1464
1141 1620
1142 1346
1142 1345
1142 1251
1142 1348
1143 1467
1143 1621
1143 1144
1143 1469
1143 1254
1144 1251
1145 1470
1145 1471
1146 1688
1147 1689
1147 1472
1147 1351
1147 1256
1148 1470
1148 1560
1148 1471
1149 1683
1149 1150
1150 1475
1150 1474
1150 1683
1151 1563
1152 1691
1152 1260
1152 1336
1153 1551
1153 1552
1153 1259
1153 1693
1154 1628
1154 1631
1155 1629
1155 1547
1156 1362
1156 1158
1156 1632
1158 1362
1159 1463
1159 1619
1160 1636
1160 1363
1160 1364
1160 1634
1161 1364
1161 1365
1161 1636
1161 1162
1161 1268
1162 1696
1162 1636
1162 1364
1162 1365
1163 1482
1163 1270
1164 1273
1165 1488
1166 1488
1166 1372
1167 1283
1167 1285
1167 1284
1167 1491
1168 1265
1169 1493
1169 1376
1170 1493
1171 1376
1172 1566
1172 1495
1172 1288
1172 1494
1173 1482
1174 1647
1175 1637
1175 1380
1177 1179
1178 1702
1178 1567
1178 1383
1179 1703
1180 1498
1181 1384
1182 1499
1183 1386
1183 1385
1184 1191
1184 1502
1186 1390
1186 1571
1186 1570
1187 1394
1187 1294
1188 1505
1190 1657
1191 1502
1193 1663
1193 1661
1194 1401
1194 1663
1194 1402
1195 1297
1197 1582
1199 1509
1201 1669
1201 1507
1202 1510
1203 1226
1203 1588
1203 1419
1204 1417
1204 1308
1204 1416
1206 1211
1207 1208
1209 1211
1214 1215
1214 1525
1215 1525
1215 1526
1215 1527
1216 1316
1218 1528
1219 1597
1219 1221
1221 1436
1221 1597
1222 1437
1222 1438
1222 1318
1223 1442
1223 1444
1223 1517
1224 1602
1226 1534
1226 1680
1226 1604
1226 1419
1227 1228
1229 1446
1230 1681
1231 1673
1231 1323
1232 1672
1232 1671
1232 1327
1233 1538
1233 1329
1233 1326
1234 1537
1234 1536
1235 1328
1235 1537
1237 1427
1237 1607
1238 1606
1239 1330
1239 1684
1239 1608
1240 1241
1241 1457
1241 1685
1241 1541
1242 1624
1243 1339
1244 1612
1245 1246
1245 1613
1245 1341
1246 1613
1246 1341
1247 1614
1247 1342
1247 1546
1247 1613
1248 1547
1248 1545
1248 1343
1249 1616
1249 1615
1250 1461
1250 1618
1250 1548
1251 1348
1251 1346
1252 1345
1252 1635
1254 1467
1254 1469
1255 1623
1256 1472
1256 1351
1256 1689
1256 1549
1259 1551
1259 1357
1260 1336
1260 1691
1261 1358
1262 1553
1263 1554
1263 1553
1263 1693
1263 1477
1264 1626
1266 1478
1266 1694
1267 1268
1267 1635
1268 1365
1268 1636
1269 1481
1269 1697
1270 1481
1271 1638
1271 1272
1272 1557
1273 1640
1273 1562
1273 1371
1274 1487
1274 1489
1274 1490
1275 1700
1275 1276
1275 1562
1276 1700
1277 1371
1277 1640
1277 1486
1278 1280
1279 1280
1280 1291
1281 1565
1281 1642
1281 1374
1281 1286
1281 1564
1283 1284
1284 1644
1284 1491
1285 1491
1286 1564
1287 1377
1288 1495
1288 1494
1288 1566
1288 1378
1289 1496
1290 1649
1293 1495
1293 1566
1293 1573
1294 1394
1294 1506
1295 1576
1295 1394
1296 1576
1298 1664
1299 1709
1300 1406
1301 1669
1302 1584
1303 1412
1304 1305
1304 1306
1304 1586
1305 1515
1305 1712
1306 1586
1307 1442
1309 1416
1309 1417
1311 1425
1311 1520
1311 1590
1312 1519
1312 1518
1313 1431
1313 1526
1313 1523
1314 1523
1317 1437
1318 1438
1319 1440
1319 1441
1320 1600
1321 1531
1322 1601
1322 1546
1323 1445
1323 1324
1324 1325
1324 1445
1324 1539
1325 1445
1326 1329
1326 1538
1327 1427
1327 1607
1327 1672
1328 1608
1329 1538
1330 1684
1330 1608
1332 1451
1333 1609
1333 1451
1334 1335
1334 1453
1335 1453
1337 1455
1338 1544
1338 1611
1341 1613
1342 1614
1342 1613
1343 1547
1343 1545
1344 1686
1344 1461
1344 1460
1344 1617
1345 1346
1346 1635
1346 1348
1347 1465
1347 1621
1347 1466
1347 1687
1349 1468
1349 1622
1349 1350
1350 1622
1350 1468
1350 1367
1351 1689
1352 1472
1352 1690
1352 1354
1353 1690
1353 1549
1354 1690
1355 1370
1356 1691
1357 1551
1359 1478
1360 1695
1361 1630
1363 1634
1364 1636
1364 1365
1364 1696
1365 1636
1365 1696
1366 1556
1368 1558
1368 1484
1368 1699
1368 1561
1369 1382
1371 1640
1371 1486
1371 1562
1373 1489
1373 1485
1374 1565
1377 1493
1378 1495
1378 1494
1380 1647
1381 1648
1381 1497
1383 1567
1383 1702
1383 1703
1384 1568
1385 1386
1388 1572
1389 1701
1390 1571
1391 1492
1391 1574
1392 1575
1395 1654
1395 1655
1395 1707
1396 1505
1397 1577
1397 1406
1399 1660
1400 1581
1401 1402
1404 1506
1404 1710
1405 1507
1405 1711
1405 1584
1411 1512
1411 1709
1411 1668
1411 1667
1414 1415
1415 1587
1416 1417
1419 1588
1420 1670
1420 1421
1421 1670
1422 1675
1422 1427
1423 1424
1423 1671
1423 1591
1424 1673
1425 1590
1426 1428
1426 1524
1426 1674
1427 1607
1428 1674
1429 1432
1430 1432
1433 1592
1435 1601
1436 1677
1437 1438
1439 1598
1439 1599
1440 1441
1441 1600
1444 1678
1444 1603
1446 1447
1447 1448
1449 1540
1456 1543
1456 1611
1457 1542
1457 1685
1457 1541
1458 1459
1460 1617
1460 1615
1460 1686
1460 1616
1461 1548
1461 1618
1461 1686
1462 1463
1462 1619
1463 1619
1464 1620
1465 1687
1467 1469
1468 1622
1470 1471
1474 1549
1475 1683
1477 1554
1477 1553
1480 1627
1482 1639
1483 1558
1483 1560
1484 1699
1484 1561
1484 1559
1484 1558
1487 1489
1487 1490
1491 1644
1492 1701
1495 1566
1495 1573
1497 1648
1498 1580
1501 1502
1506 1576
1507 1711
1508 1583
1512 1668
1512 1513
1513 1668
1515 1712
1516 1587
1518 1591
1521 1522
1522 1676
1524 1674
1526 1527
1527 1682
1528 1593
1528 1594
1530 1595
1532 1533
1534 1680
1534 1604
1536 1537
1541 1685
1541 1542
1542 1685
1544 1612
1547 1629
1548 1686
1548 1618
1550 1692
1551 1693
1552 1693
1553 1554
1554 1693
1555 1633
1556 1697
1557 1698
1558 1699
1558 1559
1561 1699
1564 1642
1564 1565
1565 1642
1567 1702
1570 1571
1574 1652
1579 1659
1579 1580
1584 1711
1589 1679
1598 1599
1599 1600
1603 1679
1603 1678
1604 1680
1608 1684
1615 1616
1615 1617
1616 1617
1617 1686
1627 1631
1628 1631
1652 1706
1653 1706
1654 1655
1654 1707
1655 1707
1656 1658
1662 1663
1667 1668
1667 1709
1671 1672
1675 1676
1678 1679
