0 1305
0 1141
1 359
1 5
1 4
1 233
1 235
2 976
2 360
2 3
2 1456
2 680
3 1456
3 976
3 360
3 680
4 5
4 6
4 510
4 359
4 1457
5 235
5 510
5 1457
6 359
6 7
6 233
6 234
7 1943
7 8
7 234
7 832
8 832
8 234
8 236
8 9
8 1943
9 236
9 832
10 1143
10 1771
10 1144
10 676
10 1945
10 11
10 836
10 1458
11 836
11 835
11 1458
11 1945
11 1771
11 12
12 834
12 835
12 1772
12 1770
12 1945
13 1147
13 1594
13 362
14 516
14 508
14 1307
14 512
14 839
14 1593
14 678
14 1145
14 513
15 523
15 522
15 520
15 515
15 1596
15 979
15 978
16 521
16 841
16 2113
16 1309
17 1778
17 521
17 1471
18 1308
18 983
18 984
18 523
19 1150
19 679
19 1310
20 1311
20 1779
20 524
20 21
21 987
21 1311
21 524
21 1779
22 987
22 1781
22 363
22 986
22 1314
22 1148
22 241
23 241
23 1780
23 363
24 1598
24 1951
24 845
25 242
25 844
25 369
25 1599
25 527
25 243
26 682
27 541
27 245
27 1152
27 682
28 1019
28 248
28 65
29 251
29 850
29 1317
29 532
29 372
29 1602
29 248
29 373
30 531
30 373
30 684
30 683
31 33
31 533
31 852
31 849
31 1156
31 36
31 35
31 1470
32 252
32 1784
32 1157
32 375
32 852
32 705
32 35
32 1158
32 851
32 1159
33 1020
33 852
33 35
33 1157
33 69
33 249
33 395
33 1797
34 996
34 1957
34 1159
34 252
34 685
34 851
34 375
34 399
34 1971
35 1470
35 1785
35 252
35 1784
35 1157
35 1156
35 1956
35 1158
35 852
35 533
36 1469
36 1470
36 374
36 1604
36 250
36 849
36 1156
37 1318
37 379
37 538
37 690
38 1959
38 402
38 1027
38 688
38 691
38 997
38 998
38 84
39 1000
39 1024
39 853
39 997
40 534
40 538
40 690
40 1472
40 689
40 1787
40 381
41 1162
41 988
41 44
41 695
41 694
42 1002
42 1476
42 2122
42 2121
42 1605
43 1320
43 714
43 1475
43 565
43 1177
43 1984
43 89
44 694
44 1312
44 1782
44 1162
44 855
45 855
45 694
46 256
46 1962
46 1001
46 1789
46 693
46 692
47 696
47 1323
48 57
48 1164
48 384
48 52
49 1607
49 260
49 1478
50 1322
50 697
50 1497
50 539
50 411
50 90
51 388
51 1165
51 58
51 56
51 53
52 57
52 1164
52 384
52 1964
52 261
53 1165
53 700
53 58
53 388
53 857
54 55
54 1003
54 700
55 106
55 1340
55 1003
56 989
56 699
56 1479
56 1004
56 385
57 1164
57 261
58 857
58 858
58 388
58 700
59 2123
59 540
59 1003
59 386
59 1791
60 861
60 701
60 1167
61 860
61 857
61 542
62 64
62 1007
62 1792
62 1324
63 1481
63 1008
63 882
63 573
63 416
64 1990
64 1005
64 575
64 1610
64 413
64 1007
64 1324
64 542
65 248
65 1019
66 1330
66 1966
66 1327
66 549
66 67
66 863
66 1484
66 1011
66 391
66 1012
66 702
66 546
67 1330
67 1485
67 702
67 73
67 546
67 545
67 885
67 863
67 418
67 1012
67 1011
67 1615
68 395
68 1797
68 1467
68 264
68 1016
68 551
68 552
68 2127
68 1970
68 249
68 1014
68 1332
69 1972
69 395
69 1334
69 2128
69 1020
69 83
69 1016
69 706
69 1797
69 872
70 1014
70 1619
70 552
70 868
70 78
70 396
70 397
70 1018
71 548
71 547
71 1488
71 703
71 702
71 73
71 72
71 262
71 1333
71 1015
72 1333
72 870
72 397
72 74
72 1015
72 1489
72 393
73 74
73 1485
73 1488
73 704
73 870
73 545
74 870
74 554
74 424
74 1017
74 1044
74 1620
74 130
74 585
74 1800
75 1648
75 729
75 558
75 131
75 587
75 292
75 2007
75 1799
76 869
76 867
76 1019
76 994
76 1317
76 1602
76 1616
76 531
76 392
77 552
77 553
77 706
77 1801
77 1021
77 868
78 1801
78 396
78 1617
78 1619
78 1014
78 552
78 868
78 869
78 1018
78 1332
79 1976
79 1170
79 377
79 1979
79 871
79 559
79 1627
80 1803
80 2131
80 1622
80 1807
80 400
80 401
81 558
81 557
81 1621
81 398
81 1490
81 707
81 400
81 1974
81 1802
81 1623
81 1978
82 1171
82 1624
82 1806
82 1335
82 1973
83 556
83 1020
83 872
83 265
83 706
83 705
83 1334
84 86
84 874
84 1027
84 688
84 380
84 873
84 378
84 1023
84 402
85 709
85 708
85 1174
85 1027
85 1024
85 1022
85 87
86 1023
86 1027
86 708
86 1980
86 87
86 1338
87 1982
87 403
87 1174
87 1022
87 88
87 709
87 708
87 1028
87 1172
88 403
88 1493
88 711
88 708
88 1172
88 709
88 1628
89 268
89 1984
89 1339
89 91
89 712
89 714
90 268
90 539
90 1633
90 406
90 712
90 1030
91 714
91 712
91 1985
91 1984
91 268
91 1339
91 565
92 1812
92 713
92 1178
92 1025
92 407
92 1631
92 405
92 1810
92 93
92 94
93 407
93 1175
93 1178
93 876
93 1631
93 713
93 715
93 96
94 95
94 97
94 560
94 1176
94 405
94 1025
94 1491
94 1812
94 1810
95 1491
95 1176
95 875
95 1812
95 405
95 560
95 1631
95 271
95 266
95 97
96 270
96 715
96 1175
96 1496
96 876
96 98
97 271
97 1813
97 560
97 1495
97 405
97 1176
97 266
97 875
98 1659
98 748
98 1811
98 1517
98 1029
98 99
98 715
98 752
98 564
99 877
99 562
99 1029
99 566
99 748
99 564
99 1811
99 1659
99 1182
99 752
100 2132
100 406
100 269
101 879
101 411
102 1180
102 1181
102 2135
102 103
102 410
102 567
103 105
103 410
103 567
103 1181
103 1180
103 2135
103 2134
104 1371
104 898
104 105
104 111
104 755
104 1181
104 1378
104 275
105 1181
105 898
105 275
105 567
105 1371
106 1341
106 570
106 880
106 1034
107 1988
107 568
107 1186
107 571
107 108
107 1183
108 568
108 1183
108 1499
108 1186
108 1035
108 109
108 112
109 1183
109 274
109 273
109 1818
109 1186
109 1035
110 1635
110 1184
110 1185
110 572
110 273
110 274
110 276
110 412
110 1818
110 1819
111 1035
111 1986
111 275
111 112
111 755
111 1378
112 568
112 1183
112 275
112 1035
112 1499
113 114
113 716
113 413
113 414
113 883
114 883
114 277
114 1500
114 413
114 576
114 716
115 1343
115 1820
115 719
115 718
115 414
116 1190
116 1500
116 719
116 717
116 117
116 2136
117 906
117 574
117 168
117 717
117 1190
117 1187
118 167
118 1989
118 415
118 1523
118 1191
118 1668
119 120
119 278
120 1993
120 278
120 1346
120 577
120 720
121 1502
121 417
121 279
121 280
122 885
122 585
122 1195
122 418
122 1194
122 727
122 1355
122 425
122 580
122 422
122 287
122 731
122 889
122 1358
122 704
123 721
123 722
123 281
123 419
123 283
123 420
123 421
123 1350
123 124
123 578
123 125
123 1643
123 1822
123 1504
124 722
124 721
124 578
124 1504
124 283
124 1822
124 421
124 125
124 1823
125 1506
125 283
125 1504
125 1642
125 722
125 1194
125 1998
125 723
125 721
125 580
125 578
125 421
125 422
125 1040
126 1823
126 423
126 1352
126 283
126 724
126 726
126 1644
126 1999
126 128
126 1646
126 127
127 724
127 725
127 1644
127 1645
127 423
127 1351
127 1646
127 284
128 1353
128 1352
128 1041
128 1999
128 726
129 1349
129 617
129 1857
129 1073
129 1357
129 1192
130 732
130 585
130 554
130 424
130 1196
130 1017
130 2003
130 1044
131 1648
131 1196
131 288
131 729
131 733
131 554
131 2130
131 1507
132 289
132 288
132 286
132 583
132 134
132 1197
132 1649
132 735
132 733
132 887
132 2004
133 134
133 1197
133 1508
133 289
133 2006
133 730
133 2004
133 2002
133 583
133 584
133 286
133 888
134 138
134 286
134 888
134 289
134 2004
134 584
134 583
134 2006
134 730
134 426
135 285
135 426
135 736
135 139
135 1046
135 317
135 1231
135 137
135 138
135 1045
136 181
136 185
136 1361
136 1359
136 1868
136 909
136 1041
136 582
137 1045
137 1046
137 1231
137 589
137 317
137 318
137 138
137 139
137 736
137 426
137 285
138 426
138 1045
138 316
138 1231
138 139
138 317
139 730
139 2005
139 426
139 1045
139 1231
139 316
140 742
140 741
140 1200
140 141
140 428
140 1363
140 1362
140 1828
140 432
141 739
141 1047
141 1828
141 1200
141 428
141 1363
141 742
141 741
142 437
142 893
142 740
142 1514
142 293
142 295
142 1198
142 1050
142 432
143 1367
143 1653
143 267
143 593
143 144
144 1367
145 1516
145 297
145 1201
145 1368
145 436
145 149
145 594
145 1202
146 301
146 1833
146 747
146 437
146 294
146 596
146 1654
146 595
146 1198
146 592
146 894
146 300
147 1368
147 296
147 297
147 298
147 299
147 1201
147 594
147 1655
147 746
148 1658
148 1051
148 1244
149 1204
149 1202
149 1663
149 754
149 599
149 593
149 436
150 749
150 748
150 600
150 1835
150 151
150 1656
150 753
150 752
150 1370
151 1656
151 748
151 749
151 600
151 1835
151 1836
151 438
151 1054
151 1370
151 752
151 753
152 1206
152 302
152 153
152 897
152 1370
153 302
153 1664
153 1662
153 2147
153 1837
153 750
153 155
153 1519
153 598
153 1053
154 303
154 1052
154 271
154 599
154 1369
154 1495
155 598
155 1205
155 1053
155 1657
155 2147
155 1836
155 1054
155 1837
155 438
155 749
155 1518
155 1519
155 302
155 1664
156 303
156 438
156 1518
156 1054
156 2146
156 896
156 599
157 602
157 1521
157 1055
157 1209
157 1666
158 410
158 159
158 601
158 604
158 306
158 1667
158 442
159 898
159 756
159 603
159 1371
159 2148
159 1667
159 306
159 1373
160 1525
160 161
160 443
160 609
160 1185
160 273
160 1636
161 759
161 1057
161 609
161 904
161 1379
161 443
162 605
162 1842
162 607
162 443
162 1058
162 760
162 1380
162 1525
163 1213
163 904
163 757
163 603
163 1208
163 1372
164 761
164 760
164 1673
164 1843
164 170
165 1381
165 605
165 309
165 1380
165 1377
165 1842
165 760
165 903
165 758
166 608
166 206
166 1059
166 1211
166 207
166 1214
166 445
166 1376
167 1191
167 1382
167 1528
168 906
168 1845
169 1187
169 2016
169 1672
169 762
169 1064
169 172
169 1063
169 906
170 761
170 1843
170 1061
170 611
170 1673
171 448
171 449
171 1216
171 1383
171 1063
172 762
172 1385
172 1064
172 1063
172 448
173 174
173 1672
173 767
173 1345
173 763
174 1846
174 1847
174 1069
174 763
174 765
174 767
175 1384
175 450
175 766
175 176
175 2152
175 2017
175 1065
175 1066
176 1215
176 905
176 1066
176 1065
176 450
176 1674
177 490
177 1068
177 907
177 1559
177 489
177 216
178 651
178 1386
178 1388
178 1387
178 934
178 613
178 1423
179 313
179 2036
179 1076
179 456
179 457
179 1398
179 2029
179 1078
179 1232
179 184
179 621
179 773
179 918
179 1680
180 1396
180 1395
180 617
180 771
180 770
180 1225
180 1228
181 1509
181 1510
181 909
181 582
181 1686
181 185
182 2033
182 316
182 319
182 183
182 628
182 625
182 1681
183 775
183 916
183 1538
183 624
183 1681
183 625
183 2035
183 1687
184 313
184 1076
184 1398
184 2029
184 2039
184 621
184 2036
184 1232
184 457
184 456
185 909
185 619
185 1361
185 913
185 1041
185 582
185 1868
186 190
186 892
186 1233
186 1399
186 2046
186 780
186 458
186 427
186 434
186 630
186 192
187 738
187 320
187 1084
187 1365
188 779
188 637
188 1234
188 1240
188 2043
188 320
188 1402
188 1403
188 1092
188 631
189 321
189 1691
189 1087
189 2044
189 1694
189 193
189 781
189 777
189 919
189 920
190 780
190 458
190 777
190 2165
190 323
190 1870
190 630
191 628
191 458
191 459
191 1399
191 1082
191 322
191 319
191 1693
191 776
191 192
191 780
192 459
192 458
192 1399
192 780
192 2046
192 630
192 589
192 1233
192 1652
192 434
192 1082
192 427
193 1087
193 1237
193 1539
193 1540
193 777
193 778
193 321
193 632
193 1869
193 323
193 920
193 324
193 1871
193 460
194 1238
194 196
194 634
194 465
194 2049
194 463
194 1545
194 1873
194 1093
195 464
195 196
195 635
195 1239
195 326
195 925
195 1696
195 1093
196 2048
196 1238
196 1093
196 463
196 465
196 1873
196 1544
196 634
196 1545
196 2049
196 1239
196 1242
197 198
197 470
197 469
197 1098
197 1099
197 1547
197 1881
197 2054
197 1096
197 787
197 634
198 1096
198 1248
198 1881
198 787
198 1879
198 470
198 469
198 1099
198 1098
199 1702
199 473
199 202
199 1097
199 1253
199 2059
199 791
199 928
200 1883
200 645
200 208
200 201
200 475
200 1549
200 1103
201 1549
201 1550
201 474
201 475
201 1256
201 927
202 1884
202 1412
202 333
202 473
202 791
202 789
202 929
202 1254
202 928
202 2060
202 1251
203 476
203 816
203 1704
203 1703
203 640
203 1254
203 1411
203 1408
204 352
204 790
204 1887
204 792
204 1409
204 668
204 643
204 642
204 335
204 334
204 1100
205 1102
205 209
205 336
205 1210
205 1841
205 444
205 488
205 1060
206 208
206 207
206 1255
206 1840
206 441
206 475
207 208
207 608
207 1103
207 483
207 1707
207 1552
207 1211
208 475
208 1707
208 1840
208 1883
208 1255
209 210
209 1705
209 478
209 480
209 931
209 932
209 336
209 337
210 214
210 213
210 932
210 1705
210 1551
210 2064
210 2065
210 477
210 337
210 336
210 480
210 339
210 488
210 1108
211 1416
211 1708
211 1890
211 1891
211 646
211 1104
211 479
211 1889
212 1415
212 1417
212 1101
212 1258
212 2063
212 225
212 1706
213 2065
213 477
213 1417
213 339
213 337
213 1889
213 931
213 1709
213 2064
213 480
214 486
214 1108
214 341
214 339
214 1555
214 477
214 2065
214 1551
214 932
214 797
214 215
215 1421
215 1422
215 649
215 797
215 1110
215 1555
215 341
215 342
215 339
216 1068
216 490
216 1264
216 220
216 219
216 1559
216 1111
216 489
217 491
217 798
217 799
217 218
217 220
217 221
217 2072
217 1113
217 1718
218 799
218 1112
218 650
218 221
219 1424
219 798
219 1265
219 1264
219 220
219 490
219 1899
220 798
220 1718
220 1111
220 221
220 489
220 491
221 1904
221 491
221 2072
221 1718
221 1113
221 799
222 654
222 1267
222 494
222 1905
222 223
222 652
222 346
223 800
223 652
223 1905
223 1267
223 937
223 654
223 346
224 1117
224 493
224 675
224 829
224 939
225 226
225 482
225 671
226 1760
226 355
226 671
226 821
226 485
226 228
226 482
227 1297
227 968
227 1759
227 1584
227 1932
227 822
227 500
228 504
228 355
228 671
228 1760
228 821
229 1300
229 2106
229 826
229 827
230 1301
230 1303
230 1939
230 1938
230 2108
230 1302
231 232
231 509
232 1455
232 1941
233 359
233 361
233 974
234 359
235 1457
235 510
235 975
236 832
237 838
237 1774
237 515
237 1307
237 979
237 513
237 514
237 1947
237 1145
237 677
237 837
237 978
238 982
238 1595
238 1949
238 518
238 517
238 980
239 981
239 517
239 518
239 519
239 984
239 1597
240 988
240 981
240 525
240 254
240 519
240 1149
240 2114
241 1313
241 986
241 1781
241 363
241 1780
242 1951
242 845
242 847
242 243
242 1598
243 1598
243 367
243 1951
244 1950
244 364
244 527
244 1151
244 366
244 846
245 990
245 1600
245 1152
246 385
246 529
246 989
247 250
247 849
248 1019
248 994
248 251
248 532
249 683
249 264
249 1797
249 551
249 395
249 1467
249 1016
250 683
250 849
251 372
251 1602
251 1466
251 373
251 850
251 1317
251 532
252 851
252 1159
252 1158
252 1157
252 1785
252 1784
252 533
252 375
252 852
253 686
254 255
254 988
254 841
254 985
254 519
254 537
255 689
255 985
255 537
255 381
255 1473
255 1319
256 692
256 1001
256 1962
256 1961
257 1321
257 383
257 259
258 856
258 383
258 1608
259 681
259 1462
259 1321
260 1790
260 1607
260 1478
261 541
261 1963
262 1333
262 1798
262 1015
262 1329
262 703
262 548
262 547
263 1969
263 2129
263 2130
263 1618
263 394
264 551
264 684
264 1970
264 395
264 1797
264 1467
264 1016
264 2127
265 872
265 1803
265 1020
265 705
265 556
266 404
266 1026
266 1176
266 560
266 875
266 1492
267 1653
267 1173
267 710
267 1367
267 1026
267 1494
268 1339
268 1030
268 712
268 1985
269 562
269 566
269 878
269 1182
270 1496
270 271
270 563
270 1814
270 1631
270 876
271 1369
271 1495
271 1496
271 563
271 1052
271 875
271 1813
271 1814
271 303
272 1180
272 1179
272 1816
273 1818
273 1636
273 1635
273 274
273 1185
274 1819
274 1818
274 1342
275 898
275 1371
275 1499
275 1035
275 1378
275 755
275 1986
276 1523
276 1989
276 572
276 881
276 1635
276 1524
276 1184
277 575
277 576
277 413
277 1990
277 1638
277 883
277 1188
277 1637
278 1037
279 1996
279 2139
279 417
279 1036
279 280
280 417
280 1009
281 1194
281 420
281 1643
281 578
281 885
281 418
281 1011
281 1330
281 421
281 419
282 1013
282 1350
282 1042
282 728
282 1168
282 579
282 544
282 1647
282 419
282 1968
283 721
283 722
283 578
283 1823
283 2141
283 421
283 1822
283 1504
283 724
284 1997
284 2141
284 1354
284 1823
284 1351
284 1646
284 1645
284 725
284 1644
284 724
285 744
285 427
285 434
285 431
285 1082
285 317
285 589
285 736
285 2143
285 1652
285 1513
286 888
286 887
286 583
286 735
286 1197
286 2006
286 1649
286 289
286 2004
287 585
287 889
287 1355
287 581
287 727
287 422
287 425
287 704
287 418
287 1826
287 1358
287 1195
287 731
288 729
288 735
288 733
288 732
288 1196
288 1649
288 1507
289 1197
289 888
289 1508
289 887
289 2004
289 2002
289 583
289 584
289 581
289 730
290 738
290 320
290 1366
290 592
290 596
291 1049
291 1831
291 433
291 891
291 739
291 1364
291 1650
291 1043
292 558
292 557
292 891
292 737
292 1364
292 2007
292 433
292 1975
292 587
292 430
293 295
293 745
293 2009
293 597
293 2144
293 893
293 1050
293 1832
293 1514
293 437
294 298
294 894
294 1515
294 747
294 595
294 300
294 437
294 301
294 1833
295 2144
295 893
295 2145
295 1514
295 597
295 1050
295 437
295 745
296 1655
296 297
296 299
296 1203
297 1201
297 746
297 1051
297 1368
297 594
297 1202
297 1834
298 435
298 300
298 299
298 1655
298 1203
298 301
298 595
298 1515
298 895
298 894
298 2008
298 747
298 746
299 1655
299 746
299 1203
300 1833
300 437
300 301
300 747
300 596
300 595
300 592
300 894
300 1515
300 1654
301 435
301 2008
301 1833
301 894
301 1515
301 595
301 1654
301 596
301 747
302 598
302 749
302 1053
302 1370
302 1657
302 1836
302 1519
302 2147
302 1054
302 1664
303 1517
303 563
303 1052
303 1369
303 599
303 2011
304 440
304 1838
304 598
304 751
304 1700
304 1661
304 784
304 1660
304 1658
305 1666
305 900
305 901
305 1209
305 1207
305 472
305 1522
305 602
305 1521
305 1410
306 601
306 604
306 2148
306 442
306 2013
306 1667
307 1207
307 1209
307 601
307 602
307 1375
307 900
307 2014
307 902
307 442
307 1520
308 1059
308 904
308 1844
308 1670
308 758
308 1379
308 1376
308 1214
308 1213
308 2149
308 445
309 1381
309 605
309 903
309 758
309 1380
309 1377
309 1671
309 1060
309 1212
309 1210
310 2026
310 618
310 616
310 1353
310 423
310 1075
310 1825
310 1864
310 771
311 454
311 455
311 2027
311 1226
311 1227
311 2031
311 772
311 620
311 622
311 2159
311 915
311 2158
312 2028
312 1866
312 806
312 911
312 1079
312 314
312 455
312 1679
313 1076
313 457
313 914
313 2029
313 1866
313 621
313 1078
313 1079
313 911
313 773
314 1679
314 455
314 806
314 773
314 1121
314 911
314 1079
315 1534
315 772
315 914
315 911
315 1866
315 2028
315 621
315 1227
315 2024
316 1681
316 628
316 1045
316 625
316 2034
316 2033
316 319
316 318
316 317
316 1231
317 1045
317 736
317 1082
317 2033
317 318
317 426
317 2041
317 589
317 628
317 1231
318 1652
318 628
318 459
318 2033
318 2041
318 1082
318 589
318 319
318 1231
318 1045
319 776
319 2041
319 625
319 628
319 1082
319 459
320 1084
320 738
320 1234
320 1365
320 779
321 1087
321 1869
321 1691
321 919
321 322
321 2045
321 781
321 2044
321 777
322 781
322 780
322 919
322 2045
322 629
322 1693
322 459
322 458
322 776
323 1872
323 1869
323 460
323 1236
323 1539
323 777
323 1540
323 778
323 2047
323 324
324 1689
324 1872
324 1869
324 778
324 777
324 2047
324 1540
324 1539
324 632
324 1237
324 1236
324 460
325 637
325 1876
325 1092
325 1246
325 328
325 923
325 332
325 1695
325 1403
326 1088
326 329
326 1874
326 1239
326 925
326 924
326 466
326 635
326 1091
326 1093
326 464
326 2053
326 1247
327 1697
327 636
327 1542
327 782
327 1089
327 1546
327 1085
327 924
327 783
327 1243
327 921
327 1245
327 1094
327 330
327 1404
328 1544
328 1696
328 1876
328 1695
328 332
328 462
328 1242
328 1241
328 1246
328 2048
329 1091
329 464
329 1088
329 635
329 1874
329 1406
329 466
329 2053
329 925
329 1090
330 636
330 1874
330 1094
330 1574
330 1573
330 2167
330 1247
330 497
330 783
330 1088
330 1091
330 1404
330 464
330 1546
330 2186
330 924
331 2008
331 1403
331 1405
331 1246
331 637
331 1240
331 1234
331 895
331 779
331 596
331 332
331 435
332 1403
332 1092
332 1203
332 1876
332 637
332 1246
332 462
332 1695
332 1242
332 1241
333 2170
333 1251
333 2060
333 1412
333 786
333 785
333 1878
333 929
333 789
334 642
334 1294
334 790
334 966
334 962
334 352
334 1755
334 1409
334 335
334 668
335 1548
335 642
335 1704
335 1882
335 930
335 1409
335 1885
335 1887
335 790
335 476
336 932
336 1705
336 1102
336 488
336 337
337 932
337 931
337 480
337 478
337 1551
337 477
337 1709
337 2064
337 1705
338 647
338 648
338 2173
338 1259
338 1556
338 1419
338 484
338 1894
338 1526
339 1108
339 2065
339 649
339 480
339 1417
339 477
339 341
339 1551
340 1260
340 1557
340 1109
340 1263
340 341
340 796
340 1715
340 1421
341 1108
341 797
341 1421
341 1260
341 1555
341 2067
342 487
342 1422
342 1110
342 482
342 485
342 2068
342 649
342 794
343 1716
343 1424
343 1717
343 1425
343 798
343 1903
343 1114
344 935
344 1712
344 1558
344 1115
344 1897
344 2071
344 2175
344 1106
345 652
345 937
346 654
346 937
346 1905
346 652
346 494
346 800
346 1267
347 810
347 1095
347 811
347 1090
347 957
347 2052
347 1698
347 1543
347 351
347 1250
348 2093
348 2092
348 1406
348 2091
348 1091
348 1090
348 1743
348 1442
349 1578
349 350
349 664
349 665
349 813
349 471
349 1291
349 1750
349 959
350 1291
350 664
350 471
350 2169
350 467
350 1747
350 813
351 957
351 810
351 787
351 2058
351 815
351 1749
351 2052
351 1250
352 2101
352 668
352 667
352 792
352 1294
352 642
352 1409
352 1757
352 962
352 790
352 2102
352 966
353 966
353 965
353 962
353 963
353 1580
353 819
353 816
353 1755
353 1451
353 669
353 2189
354 1896
354 503
354 2196
354 969
354 2069
354 357
355 1758
355 1760
355 1298
355 504
355 673
355 1933
355 821
356 970
356 506
356 1765
356 505
356 936
356 971
357 827
357 2105
357 1766
357 503
357 2196
358 1117
358 507
358 506
358 1767
358 830
358 970
358 2110
360 976
360 1456
361 679
361 974
362 1147
362 1594
362 1775
363 365
363 1314
363 986
364 1313
364 527
364 2115
364 1780
364 846
365 1606
365 855
365 1314
366 847
366 1151
366 1950
366 527
367 1598
367 368
367 1315
367 1461
368 526
368 1315
369 1462
369 526
369 1599
369 844
369 1783
370 1463
370 371
371 1463
371 389
372 1464
372 1468
372 850
372 1466
372 1603
373 1602
373 994
373 1317
373 850
373 531
373 532
374 686
374 1469
374 533
374 1604
374 995
375 685
375 533
375 995
375 852
375 851
375 1158
375 1784
375 1159
375 1785
375 1157
376 377
376 535
377 685
377 996
378 998
378 688
378 536
378 402
378 1474
378 1960
378 1161
378 380
378 1788
378 691
379 690
379 1160
379 854
379 1318
379 999
379 534
379 1472
379 535
380 1161
380 1474
380 874
380 402
380 536
380 873
380 1788
380 382
380 688
381 689
381 690
381 1319
381 1473
381 538
382 1161
382 1788
383 1608
384 1964
384 1609
384 1163
385 989
385 990
386 699
386 1004
386 540
386 1165
386 1791
387 857
387 1005
387 858
387 542
388 857
388 862
389 390
389 1166
389 1463
389 1611
390 1463
390 1611
390 862
391 1486
391 1011
391 1966
391 1328
391 1327
391 865
391 1484
391 1614
391 549
392 1019
392 396
392 1616
392 1798
392 867
392 994
392 869
393 870
393 397
393 1018
393 1015
393 1620
393 1618
393 1969
393 394
393 1489
394 554
394 1969
394 1018
394 397
394 2129
394 1489
394 1620
394 1618
395 1467
395 1797
395 1334
395 1020
395 2128
395 1016
396 867
396 869
396 1617
397 1620
397 1618
397 1018
397 1015
397 1489
397 1969
398 400
398 1490
398 1973
398 1974
398 707
398 557
398 1802
398 1977
398 1978
398 1621
399 1957
399 996
399 1971
399 685
400 1169
400 1977
400 1805
400 707
400 1973
400 1974
400 1490
400 401
401 1622
401 1807
401 1805
401 2131
401 1803
401 707
401 1977
402 536
402 874
402 1474
402 1161
402 691
402 688
402 1027
402 873
403 1983
403 1493
403 1172
403 1337
403 1982
403 709
403 708
404 560
404 1337
404 1026
404 1492
405 1025
405 875
405 1631
405 713
405 1812
405 1176
405 1491
406 1815
406 1633
406 2132
406 1030
406 1032
407 1630
407 1175
407 1178
407 1177
407 565
407 713
408 1632
408 571
409 1032
409 1031
409 878
409 1498
410 567
410 2135
410 604
411 879
411 1497
411 697
411 1790
412 1033
412 1818
412 1819
412 881
412 1184
413 1990
413 1324
413 883
413 576
413 575
413 1637
414 882
414 716
415 1989
415 1992
415 881
415 1634
415 1191
416 1481
416 573
416 882
417 1502
418 1195
418 1194
418 727
418 1355
418 1012
418 1615
418 1330
418 545
418 704
418 885
418 1485
418 580
419 420
419 1011
419 1643
419 885
419 1968
419 1330
420 1194
420 578
420 885
420 1643
420 1011
420 421
420 1330
421 1194
421 580
421 1504
421 578
421 1643
421 722
421 1822
421 721
422 1506
422 1355
422 425
422 1358
422 1040
422 1195
422 889
422 721
422 1194
422 586
422 723
422 727
422 731
422 578
422 580
422 1642
423 771
423 1646
423 616
423 1825
423 1644
423 1864
424 554
424 2003
424 1618
424 1196
424 732
424 1044
424 1017
425 581
425 727
425 1358
425 1040
425 889
425 1355
425 586
425 1506
425 731
425 1642
425 580
425 723
426 2006
426 1046
426 1045
426 736
426 1231
427 1048
427 1511
427 1652
427 1513
427 744
427 458
427 588
427 589
427 1399
427 591
427 431
427 434
427 1233
428 1651
428 1828
428 1200
428 1199
428 1047
428 1512
428 743
428 742
429 591
429 743
429 590
429 738
429 1512
429 1048
429 1047
429 1651
429 892
430 557
430 1362
430 433
430 1364
430 1363
430 737
430 739
430 741
431 434
431 1511
431 736
431 1830
431 2143
431 589
431 591
431 744
431 1513
431 588
432 1828
432 1200
432 1198
432 740
432 893
433 739
433 737
433 1650
433 2142
433 1831
433 891
433 1364
434 588
434 1652
434 1513
434 1511
434 1399
434 1048
434 2046
434 892
434 458
434 1233
434 589
434 591
435 595
435 747
435 596
435 1405
435 1654
435 895
435 1240
435 2008
436 1204
436 1516
436 1202
436 754
436 1368
437 1833
437 2009
437 1198
437 1050
438 1053
438 1054
438 749
438 2146
438 1205
438 896
438 1518
438 1836
438 1657
439 1662
439 897
439 1839
439 1097
439 750
439 1253
440 1700
440 1838
440 751
440 784
441 1055
441 1840
441 1255
441 1208
442 1375
442 1520
442 1665
442 604
443 1058
443 605
443 1525
443 607
443 904
443 1842
443 1379
443 1380
444 1102
444 1841
444 488
444 1060
445 1379
445 1670
445 1844
445 1376
445 1214
445 1213
445 758
445 2149
445 1059
446 1062
446 612
446 611
447 1527
447 611
447 1383
447 1062
447 1845
447 1061
448 1385
448 1063
448 765
448 1216
448 450
448 449
449 2015
449 905
449 1674
449 1216
449 1215
449 610
450 1384
450 2017
450 765
450 1216
450 1675
450 766
450 2152
450 1065
451 1392
451 1677
451 1218
451 1073
451 908
451 2019
451 1071
451 1531
451 1192
451 2022
451 453
451 1640
452 1854
452 1221
452 1222
452 1532
452 2155
452 2154
452 614
452 1860
452 769
453 908
453 1677
453 2022
453 1071
453 1218
453 1531
454 1865
454 622
454 2027
454 910
454 1227
454 772
454 770
454 620
454 1226
454 915
455 806
455 942
455 2160
455 2159
455 1394
455 772
455 2031
455 1679
455 915
456 774
456 1080
456 623
456 1398
456 1683
456 2036
456 917
456 1536
456 2039
457 1680
457 2029
457 1398
457 918
457 773
457 1078
457 1076
457 626
457 912
457 1232
457 2039
457 1688
457 2036
458 1652
458 780
458 630
458 1399
458 2046
458 1233
458 459
458 589
458 1693
459 1399
459 589
459 2041
459 628
459 1693
459 776
459 1082
460 1871
460 632
460 778
460 920
460 1237
460 1541
460 1087
460 1689
460 1539
460 1540
461 1089
461 1569
461 1404
461 1690
461 783
461 1245
461 1401
461 921
461 2090
461 1285
461 1736
461 1127
462 1876
462 1246
462 1203
462 637
462 1241
462 1544
462 1242
463 1093
463 1873
463 2049
463 1238
463 1239
463 634
463 466
464 2167
464 1247
464 1546
464 1094
464 924
464 1874
464 636
464 925
464 2050
464 635
464 1696
464 1088
465 1875
465 922
465 1544
465 1545
465 1244
466 1095
466 1543
466 1698
466 1239
466 1873
466 1090
466 1093
466 2051
466 1406
466 1238
466 2166
466 634
466 635
467 2097
467 471
467 2057
467 664
467 1249
467 787
467 815
467 2169
468 1407
468 926
468 470
468 1700
469 470
469 1881
469 1096
469 1099
469 1098
469 634
470 1096
470 638
470 926
470 1248
470 1879
470 1881
470 1407
470 1098
470 1099
471 813
471 2055
471 639
471 2169
471 664
471 2057
471 1249
472 2061
472 2062
472 1253
472 1410
472 901
472 473
473 2062
473 2061
473 2171
473 2059
473 1253
473 1410
473 1702
473 791
473 928
474 1550
474 927
474 930
474 2171
474 1256
475 1840
475 641
475 1255
475 1883
475 1549
476 1411
476 1254
476 2172
476 1885
476 1704
476 930
476 1703
476 1548
477 1108
477 1705
477 1709
477 480
477 1551
477 2065
477 932
477 2064
478 1888
478 931
478 483
479 1890
479 1708
479 1416
479 646
479 1257
479 1104
479 1891
480 1709
480 1551
480 931
480 2065
480 2064
481 1414
481 1708
481 1893
481 1553
482 794
482 485
482 1422
482 649
482 671
483 1552
483 608
483 931
483 1211
483 1888
484 1420
484 1107
484 610
484 1894
484 2173
484 1711
484 933
484 1261
484 1556
484 1259
484 1419
485 1422
485 794
485 1110
485 487
485 671
485 672
485 1760
485 649
486 1705
486 932
486 1108
486 1551
486 1262
486 647
486 488
487 794
487 2195
487 2194
487 672
487 2068
487 649
487 1422
487 1105
487 1110
488 1841
488 932
488 1102
488 1262
488 1705
489 1559
489 651
489 1423
489 1111
489 490
489 934
490 1559
490 1068
490 1899
490 1264
491 1718
491 2072
491 1904
491 1113
491 799
491 798
492 1720
492 1116
492 1266
493 2176
493 939
493 940
493 494
493 675
493 1722
493 829
493 2075
494 939
494 654
494 940
494 1267
494 652
494 653
494 2074
494 2176
494 1722
494 1905
494 938
495 1119
495 1077
495 2153
495 1914
495 1862
495 1907
496 1441
496 1925
496 2185
496 1131
496 1576
496 1288
496 812
497 1404
497 1574
497 1573
497 2186
497 1091
497 1288
497 1874
497 1131
497 1247
497 1088
497 2091
498 1447
498 1579
498 1744
498 1134
498 1748
498 2096
498 663
498 960
498 1292
498 1293
499 958
499 964
499 1746
499 1752
499 670
499 1756
499 1754
500 1297
500 822
500 1759
500 1583
500 1932
500 1584
500 968
500 2192
501 1105
501 793
501 795
501 1895
501 824
501 1713
501 2194
501 1762
501 672
501 1763
501 969
502 673
502 1758
502 504
502 1452
503 969
503 2196
503 1763
504 674
504 1933
504 1758
504 1934
504 2193
504 1452
504 673
504 1298
505 971
505 1300
505 1765
506 2110
506 507
506 1767
506 830
506 970
506 2107
507 830
507 2110
507 1117
507 1937
507 1767
508 831
508 512
508 839
509 1304
509 1454
510 1457
511 1589
511 1768
511 847
512 1773
512 1593
512 1307
512 839
512 978
512 513
512 678
512 1145
512 522
513 838
513 978
513 1947
513 677
513 678
513 1145
513 837
513 979
513 514
513 515
513 1593
513 1307
513 516
514 840
514 838
514 516
514 1460
514 837
514 677
514 1947
515 978
515 837
515 979
515 520
515 677
515 1774
515 1947
515 838
515 1596
516 1592
516 678
516 677
516 840
516 1460
516 1459
516 1145
516 1593
517 518
517 980
518 980
518 984
519 988
519 985
519 1597
519 841
519 525
519 537
519 981
520 979
520 1774
520 1308
520 1596
521 1777
521 1319
521 841
521 1473
521 1471
522 523
522 1946
522 1307
522 839
522 978
522 1773
523 1308
523 983
524 987
524 842
524 1311
525 981
525 1312
525 1782
525 988
525 2114
525 1149
526 1315
526 1462
527 844
527 846
528 1461
529 530
531 1602
531 994
531 1317
531 684
532 994
532 1602
532 1317
532 850
533 1956
533 1158
533 686
533 1156
533 1785
533 1470
533 852
533 1604
533 995
534 1787
534 1318
534 690
534 999
534 1472
534 854
534 538
535 687
535 1318
535 1160
535 854
536 998
536 1788
536 1161
536 1960
536 1959
536 691
536 688
536 1474
537 988
537 1473
537 841
537 985
538 1318
538 1319
538 690
539 693
539 856
539 697
539 1322
540 699
540 1791
540 2123
541 699
541 1479
541 1152
542 1007
542 860
542 575
542 1610
542 1005
543 1483
543 1795
543 2125
543 2126
543 866
544 1484
544 1483
544 1013
544 1614
544 550
544 1168
544 1486
544 1331
544 1647
545 1488
545 1485
545 546
545 863
545 1615
545 704
545 1012
545 885
546 1966
546 1967
546 702
546 1012
546 1485
546 548
546 863
546 864
547 864
547 1326
547 1329
547 702
547 703
547 1967
547 548
548 864
548 1488
548 1326
548 863
548 703
548 702
548 1329
548 1967
549 1614
549 1327
549 1328
549 1486
549 864
549 865
549 1966
549 1613
549 1794
549 1484
550 1193
550 1331
550 1483
550 1013
550 1168
551 1467
551 1016
551 2127
551 1970
551 1332
551 684
551 1014
551 552
551 1617
551 869
552 868
552 1016
552 1801
552 1014
552 1619
552 1970
552 1018
553 556
553 706
553 1336
553 868
553 1972
553 1021
553 1169
554 1620
554 1507
554 2130
554 1044
554 2003
554 733
554 732
554 1196
554 1017
554 1618
555 871
555 561
555 1804
555 1807
555 1170
556 1972
556 872
556 1169
556 1336
556 1623
556 1021
556 707
556 706
557 1975
557 1974
557 587
557 1802
557 1490
557 1621
557 558
558 1490
558 1799
558 587
558 1623
558 1975
558 2007
559 1627
559 1170
559 1979
559 1028
559 1804
559 1024
559 1976
559 871
559 1174
559 1000
560 1026
560 1492
560 875
560 1176
561 1808
561 1028
562 564
562 566
562 877
562 1811
562 1182
562 752
563 1517
563 1369
563 1813
563 1814
563 1052
563 1495
563 1496
564 1659
564 1029
564 1811
564 752
564 748
564 600
564 1517
564 877
565 1630
565 1177
565 1984
565 714
565 1339
565 1178
566 1182
566 877
567 2134
567 2135
568 1499
568 1183
568 1988
568 571
568 1186
569 1341
569 880
569 570
570 1341
570 880
571 1186
571 1988
572 881
572 1185
572 1184
572 1524
572 1819
572 1636
572 1635
572 1989
573 716
573 2124
573 882
573 1008
574 1189
574 718
574 906
574 1064
574 1344
574 1187
575 1610
575 1637
575 1990
575 1638
575 576
575 1324
575 1005
576 1638
576 1637
576 2138
576 1188
576 883
577 1346
577 1993
577 720
578 1643
578 1642
578 580
578 1355
578 722
578 1195
578 721
578 1194
578 1504
579 728
579 1505
579 1354
579 1350
579 1042
579 1647
579 886
579 1039
579 2001
579 1824
580 1355
580 1195
580 1194
580 1642
580 1504
580 721
580 1506
580 723
580 722
580 727
581 731
581 1197
581 583
581 2002
581 732
581 1358
581 887
582 909
582 1361
582 1359
582 1868
582 1686
582 584
582 1510
582 1509
582 1508
583 1649
583 584
583 730
583 887
583 2004
583 2002
583 888
583 1197
583 2006
584 1361
584 1509
584 888
584 1508
584 1510
584 1360
584 1359
584 2005
584 2002
584 730
585 1017
585 1800
585 731
585 732
585 1826
585 1044
585 889
585 727
585 704
586 2000
586 1356
586 1040
586 723
586 1360
586 1358
586 1506
586 1642
587 737
587 2007
587 1975
587 891
588 590
588 1830
588 1511
588 1048
588 591
588 1513
588 744
589 1399
589 1652
589 1513
589 1082
589 2041
589 628
589 736
590 1049
590 1048
590 1047
590 743
590 1830
590 1829
590 892
590 1512
590 1651
590 591
591 1233
591 1830
591 1511
591 1513
591 892
591 1048
592 1199
592 1198
592 596
592 1366
592 1654
593 1367
593 1653
594 1516
594 595
594 746
594 2010
594 1201
594 1368
594 1515
595 1654
595 1833
595 1515
595 894
595 746
595 2008
595 747
596 1405
596 895
596 747
596 1654
596 1240
596 2008
597 745
597 2145
597 893
597 1050
597 1514
597 1832
597 1809
598 1205
598 2147
598 1519
598 1053
598 1664
598 1661
598 1660
598 1838
598 1837
599 1052
599 1518
599 1663
599 2146
599 754
599 896
599 2012
599 1369
600 1656
600 753
600 877
600 752
600 1665
600 899
600 1835
601 1667
601 1520
601 2013
601 2014
602 1666
602 1521
602 2014
602 1209
602 1055
603 759
603 756
603 757
603 755
603 1373
603 1372
604 1665
605 1670
605 760
605 607
605 1842
605 2149
605 903
605 1381
605 758
605 1058
605 1377
605 1380
606 1056
606 1523
606 607
606 1669
606 1668
606 1058
606 1524
607 1380
607 1056
607 1525
607 1058
607 1842
607 1669
607 760
608 1844
608 1552
608 1214
608 1211
608 1212
608 1376
609 1379
609 1057
609 904
609 759
610 905
610 2015
610 1711
610 933
610 1215
610 1674
611 612
611 761
611 1061
611 1062
611 1673
612 1526
612 647
612 648
612 1062
613 651
613 1388
613 1387
613 1386
614 1224
614 1220
614 1221
614 1222
614 2154
614 2155
614 1860
614 1861
614 615
614 1532
614 1854
614 1856
615 2023
615 1856
615 2021
615 1391
615 1532
615 768
615 1070
615 1221
615 1220
615 1863
616 2025
616 618
616 619
616 1353
616 1075
616 726
616 1229
617 1395
617 1857
617 1357
617 1225
617 1228
617 771
617 770
618 1396
618 1678
618 2026
618 1075
618 2157
618 1229
619 909
619 1229
619 1353
619 2030
619 913
619 2025
619 1868
620 1227
620 1395
620 1396
620 1678
620 2158
620 1865
620 2027
620 772
621 914
621 1534
621 1076
621 2036
621 2024
622 769
622 1855
622 910
622 915
622 1226
623 774
623 1080
623 1536
623 1683
623 917
624 2042
624 1687
624 1538
624 1682
624 2040
624 2035
624 775
624 916
625 2033
625 1538
625 775
625 628
625 1681
625 2034
626 1232
626 1688
626 2084
626 2042
626 1230
626 1398
626 2037
626 1682
626 918
626 2039
627 1080
627 2038
627 775
627 1687
627 2034
627 774
628 2033
628 776
628 2041
628 1082
628 1045
629 1081
629 2164
629 781
629 776
629 919
630 2046
630 1870
630 892
630 1399
630 1233
630 780
631 1236
631 1402
631 923
631 779
631 1092
631 1243
631 782
631 1234
631 2043
631 1403
632 920
632 1689
632 1087
632 1237
632 778
632 1541
632 1539
632 1540
632 1871
632 1401
633 1086
633 1685
633 1400
633 1692
633 1694
633 661
633 662
633 1739
633 1235
633 919
634 1543
634 1093
634 1099
634 2049
634 1873
634 1547
634 1238
635 1093
635 1091
635 1090
635 925
635 2053
635 924
635 1088
635 2051
635 1874
635 1239
635 1406
635 1247
636 923
636 1085
636 2050
636 1243
636 782
636 783
636 1094
636 2167
636 1546
636 1697
636 1247
636 924
637 1092
637 1695
637 1403
637 923
637 1405
637 1246
637 1240
637 1876
637 1234
637 2043
638 1879
638 1248
638 1880
638 1249
638 1252
638 1407
638 2056
638 2168
638 785
638 639
638 1877
639 1249
639 1248
639 2057
639 1877
639 1252
639 1880
639 1879
639 1878
639 785
639 2056
639 2168
639 2055
640 644
640 1451
640 1408
640 669
640 816
640 1703
640 2100
640 1581
640 1411
641 1055
641 1840
641 1255
642 792
642 667
642 1887
642 668
642 1409
642 2101
642 2102
642 790
642 1294
642 962
642 1757
643 1882
643 792
643 1257
643 1553
643 1887
643 1100
643 1886
643 1409
643 1413
644 964
644 669
644 1581
644 786
644 1408
644 1751
644 1928
644 959
645 1103
645 1707
645 1891
645 1554
645 646
645 1257
646 1416
646 1890
646 1891
646 1554
646 1103
646 1104
646 1257
647 1262
647 1419
647 1526
647 648
648 1894
648 2173
648 1526
648 1419
649 2068
649 794
649 1417
649 1422
649 1110
650 1112
650 935
650 1719
651 934
651 1111
651 1388
651 1387
651 1423
651 1901
652 1905
652 2073
652 2074
652 801
652 1267
652 654
653 938
653 940
653 1722
653 1560
653 1561
653 1266
653 2074
653 655
654 938
654 940
654 1905
654 1267
654 1722
654 2073
654 2074
655 1561
655 1266
655 1560
655 938
656 1909
656 1272
657 2178
657 2177
657 803
657 805
657 804
657 1269
657 1565
657 1913
657 1912
658 945
658 2081
658 1729
658 659
658 660
658 1433
658 1078
658 912
659 1277
659 807
659 2081
659 945
659 1729
659 1566
659 1121
660 918
660 912
660 1729
660 2084
660 947
660 808
661 1086
661 949
661 1692
661 2087
661 662
661 1400
661 1740
661 1739
662 1400
662 1235
662 1692
662 1739
662 1086
662 1685
662 1125
662 1437
663 1134
663 955
663 954
663 1289
663 1443
663 1579
663 1744
663 1447
663 1132
663 1742
663 1748
664 1747
664 2097
664 1291
664 815
664 813
664 2169
665 814
665 959
665 958
665 1291
665 1578
665 1750
665 1746
665 813
666 1927
666 960
666 1292
666 1446
666 1290
666 1926
666 2099
667 2102
667 2101
667 823
667 792
667 1929
667 1135
667 962
667 1757
667 668
667 1294
668 1409
668 790
668 1757
668 1294
668 2101
668 2102
668 962
668 792
668 1929
669 1580
669 1581
669 816
669 963
669 819
669 965
669 964
669 1756
669 1755
669 1928
669 2187
669 1451
669 2100
670 1752
670 1754
670 2191
670 1296
670 1448
671 794
672 2194
672 1934
672 1760
672 2068
672 824
672 2195
672 1105
673 1298
673 1452
673 674
673 1933
673 1758
674 1298
674 1933
674 1299
674 1585
675 1301
675 830
675 829
675 939
675 1939
675 1117
675 1937
676 1458
676 1143
676 1144
676 836
676 1771
677 1947
677 978
677 837
677 1593
677 838
677 1145
677 1307
678 1593
678 1145
678 840
679 1151
679 974
679 1310
680 976
681 1462
681 1321
681 1783
682 1600
682 843
682 1152
684 1467
684 2127
684 869
684 1332
685 1159
685 851
685 1957
685 996
685 1971
685 1786
686 995
688 691
688 1474
688 1161
688 998
688 1788
688 873
688 874
689 1958
690 854
690 1472
690 1318
690 1787
691 998
691 997
691 999
691 1787
691 1474
691 1959
692 1789
692 1962
692 1001
693 1789
693 856
693 1962
694 1162
694 855
694 1312
694 1606
695 1476
695 1605
695 1162
696 698
696 1323
697 1790
697 1497
697 1322
698 1607
698 1164
699 1004
699 1963
699 1479
699 1165
700 858
701 860
701 1965
701 1007
701 1167
701 1792
702 1012
702 1967
702 864
702 1794
702 863
702 1326
703 1329
703 1798
703 1015
703 1333
704 889
704 1485
704 1800
704 1195
704 1615
704 885
704 727
705 1020
705 1803
705 872
705 1971
705 851
705 1622
706 1336
706 1334
706 1021
706 1020
706 1972
706 872
706 1169
707 1974
707 1490
707 1336
707 1977
707 1169
707 1803
707 1805
707 1623
708 709
708 1174
708 1172
708 1022
708 1982
708 1983
708 1027
708 1028
708 1023
709 1983
709 1982
709 1028
709 1174
709 1172
710 711
710 1494
710 1173
710 1981
710 745
710 1832
711 1628
711 1494
711 1981
711 1173
711 1493
712 1339
712 1985
712 1984
712 714
713 1812
713 1178
713 1629
713 1631
713 1025
713 1630
713 1810
714 1984
714 1177
714 1339
715 1175
715 2133
715 876
716 882
716 1324
716 2124
717 719
717 718
717 1190
717 2136
717 1343
717 1500
718 719
718 1189
718 1820
718 1343
719 1500
719 1189
719 1343
720 1346
720 1993
721 1998
721 1506
721 1194
721 1504
721 1643
721 1642
721 1040
721 1355
721 723
721 722
722 1504
722 1999
722 1998
722 723
722 1194
722 1040
722 1642
723 1356
723 1506
723 1998
723 1642
723 2000
723 1999
723 1041
723 1040
724 1822
724 1644
724 2141
724 1645
724 1354
724 1351
724 1646
724 1997
724 725
724 1823
725 1997
725 1357
725 1646
725 1354
725 1351
725 1349
725 886
725 1645
725 884
725 2140
726 1999
726 1352
726 1353
726 1041
727 1195
727 731
727 1194
727 1358
727 889
727 885
727 1355
727 1826
728 2001
728 1350
728 1502
728 1503
728 1193
728 1013
728 1505
728 1039
728 1647
728 1042
729 1507
729 2130
729 2129
729 1648
729 733
729 2142
729 2007
730 1686
730 1510
730 1508
730 1509
730 2005
730 2006
730 2002
730 888
731 887
731 889
731 1355
731 1826
731 1358
731 1195
732 887
732 2003
732 1017
732 733
732 1826
732 1044
732 1196
733 1196
733 1043
733 1507
733 1648
733 735
733 2003
734 890
734 1046
734 1043
734 744
734 2143
734 736
735 1197
735 1507
735 1043
735 1649
735 2004
736 1046
736 744
736 2143
736 1045
736 890
736 1652
737 1650
737 1364
737 1363
737 739
737 891
737 1831
738 743
738 1084
738 1365
738 1366
738 1651
738 892
739 1364
739 1363
739 1650
739 1829
739 1831
739 1049
739 742
740 893
740 741
740 1827
740 2145
740 1362
741 1362
741 1828
741 742
741 1827
741 1363
742 1049
742 1047
742 1512
742 1200
742 1363
742 1828
742 1362
743 1512
743 1047
743 1048
743 1651
743 1199
743 1366
743 1200
744 2143
744 890
744 1511
744 1513
745 1832
745 2145
745 2144
745 1514
745 1050
745 893
745 1809
746 1201
746 1368
746 1515
746 2010
746 1655
747 895
747 894
747 1515
747 2008
747 1833
747 1654
748 752
748 1835
748 1659
748 1811
748 1029
748 2011
748 1517
749 753
749 1370
749 1054
749 1053
749 1836
749 1835
749 1657
749 1656
750 1662
750 1839
750 897
750 784
751 1700
751 1838
751 1658
751 784
752 1811
752 1517
752 1029
752 1835
752 877
752 1659
752 753
753 1835
753 1656
753 1370
753 899
754 1663
754 896
754 1204
754 1202
755 1371
755 1373
755 756
755 759
755 1378
755 1986
755 898
755 1372
756 1371
756 1372
756 1378
756 759
756 1373
756 2148
756 898
757 1372
757 1208
758 1381
758 2149
758 903
758 1670
758 1059
758 1214
758 1379
758 1380
758 1377
758 1844
759 1057
759 898
759 1378
759 1373
759 1372
760 1058
760 1377
760 1380
760 903
760 1842
760 1381
760 1843
761 1669
761 1673
761 1382
761 2150
761 1843
761 1061
761 1528
762 1385
762 1672
762 767
762 1063
762 2016
762 1344
762 1064
763 1345
764 1069
764 1675
764 1846
764 1067
765 1385
765 766
765 1069
765 1847
765 1846
765 1216
765 2017
766 1384
766 2152
766 2017
766 1065
766 1675
766 1069
766 907
767 2016
767 1345
767 1672
767 1344
768 2021
768 1217
768 1863
768 1852
768 1389
768 1391
768 1070
768 1072
768 1074
768 1223
769 1861
769 1859
769 1222
769 1862
769 1855
769 2153
769 1077
769 1226
769 1224
770 1865
770 1395
770 1225
770 910
770 1219
771 1395
771 2026
771 1228
771 1075
771 1864
771 1825
771 1396
772 2031
772 2027
772 2028
772 1227
772 2158
772 915
772 1226
772 2159
773 2029
773 1866
773 1079
773 1078
773 1680
773 912
773 911
773 1076
774 1080
774 1687
774 917
774 1683
774 775
774 1536
775 2034
775 2035
775 1538
775 1687
775 1080
775 2038
776 1693
776 1081
776 919
777 2044
777 781
777 780
777 2047
777 1869
777 2045
777 2165
777 1872
777 1540
777 1870
778 1237
778 1236
778 1689
778 1085
778 1872
778 1871
778 782
778 1542
778 1539
778 1540
779 1234
779 1402
779 1092
779 2043
779 1403
779 1240
780 1693
780 2045
780 2046
780 1233
780 1399
780 1870
780 2165
781 2044
781 1869
781 1694
781 1691
781 919
781 2164
781 2045
782 1237
782 1085
782 783
782 923
782 1689
782 921
782 1243
782 1697
782 1542
783 1697
783 2090
783 1085
783 1404
783 1245
783 1690
783 1089
783 1546
783 1542
783 921
783 1094
783 1401
784 1838
785 1252
785 2056
785 1251
785 1877
785 1880
785 1878
785 789
785 2170
786 1251
786 2060
786 929
786 1408
786 789
786 1878
787 1881
787 1250
787 2054
787 1096
787 2058
787 1098
787 1543
787 1547
788 1699
788 1097
789 2170
789 2060
789 1412
789 1880
789 929
789 1878
789 1252
789 1251
790 1704
790 930
790 1409
790 1887
790 962
791 929
791 928
791 1702
791 1254
791 1412
791 2171
791 1884
791 2060
792 1413
792 1886
792 1887
792 1409
792 1892
792 2101
792 2102
792 1294
792 1100
793 1898
793 2069
793 1762
793 1713
793 1105
793 1109
793 795
793 1557
793 1895
794 1110
794 2068
794 1422
795 2069
795 969
795 1762
795 1898
795 1557
795 1713
795 824
795 1895
795 1105
795 1109
796 1263
796 1259
796 1260
796 1714
796 1261
796 1715
796 1420
796 1556
796 1418
796 1107
796 2070
797 1260
797 1421
797 1555
797 1108
797 2067
798 799
798 2072
798 1716
798 1717
798 1899
798 1424
798 1114
799 1114
799 1113
799 1717
799 2072
800 1905
800 1267
800 1721
800 1427
801 938
801 2074
801 2073
801 1426
802 2076
802 1431
802 1429
802 1564
802 1268
802 1723
803 1911
803 1912
803 1269
803 1725
803 2077
803 1119
803 2178
804 2178
804 1912
804 1270
804 1913
804 1565
804 1727
804 1271
805 1565
805 1120
805 1271
805 2178
805 2177
806 807
806 1121
806 1679
806 2080
806 1394
806 2160
806 1273
806 944
806 942
806 1917
807 1277
807 942
807 944
807 1273
807 2080
807 1915
807 1917
807 1121
808 948
808 2082
808 2084
808 1434
808 1919
808 947
809 1734
809 2183
809 1435
809 2083
809 1125
809 946
809 1128
809 2181
810 2166
810 1095
810 1406
810 2052
810 1250
810 1698
810 1443
810 811
810 1090
810 2093
810 1543
810 957
811 2094
811 954
811 957
811 1742
811 1744
811 1743
811 1443
811 1442
811 1132
812 1130
812 953
812 1575
812 1577
812 1738
812 1925
812 1441
813 1750
813 1747
813 1578
813 1291
813 959
814 1746
814 956
814 958
814 1291
814 1578
814 2099
814 1750
814 1445
814 2098
814 1926
815 1133
815 1749
815 2097
815 1250
815 957
815 2058
815 1747
815 2169
816 1451
816 2187
816 819
816 1580
816 1581
816 963
816 1755
816 2100
816 964
816 1756
816 965
817 818
817 1448
817 961
817 1136
817 1450
818 1450
818 1448
818 2190
818 961
818 1295
819 1451
819 2100
819 1755
819 963
819 962
819 965
819 966
819 1580
820 822
820 823
820 1582
820 1757
821 2103
821 1758
822 823
822 1584
822 1759
822 968
822 1297
822 1582
823 1582
823 2101
823 1757
823 1753
824 1105
824 2194
824 1895
824 1762
824 1763
824 1713
824 969
825 2104
825 2105
825 1761
825 1138
826 1300
826 827
826 2106
827 2106
827 1300
827 1766
828 1935
828 1453
829 1427
829 2075
829 1721
830 1117
830 2110
830 1767
830 1937
832 1589
832 1943
833 1768
833 1142
834 1590
834 1770
834 1772
834 2111
834 1306
834 835
835 1772
835 1945
836 1945
836 1458
836 1144
837 1947
837 979
837 978
837 1307
837 1145
837 838
837 1774
838 1947
839 1145
839 978
839 1773
839 1946
839 1307
840 1592
840 977
840 1459
840 1460
841 1473
841 1597
841 985
842 987
842 1311
842 1312
842 1148
842 1149
842 1782
843 1477
844 1783
844 1599
845 847
845 1768
845 1951
845 1598
846 1780
846 1599
846 2115
847 1589
847 1950
848 1952
848 2118
848 1601
849 1604
849 1469
850 1466
850 1317
851 1159
851 1784
851 1158
851 1157
851 1971
851 852
852 1156
852 1157
852 1470
852 1158
852 1159
852 1956
852 995
852 1784
852 1785
853 1024
853 1979
853 1000
854 1160
854 1318
854 1472
854 999
855 1606
855 1162
857 858
859 1166
859 862
859 1480
859 1611
859 1006
860 1007
860 1610
860 1480
860 1792
861 1167
861 1166
861 1006
861 1480
862 1480
862 1611
862 1006
862 1166
863 1488
863 1485
863 1615
863 1012
863 1011
863 1966
863 1330
864 1327
864 1326
864 1613
864 1794
864 1967
865 1794
865 1328
865 1484
865 1327
865 1483
865 866
865 2125
865 2126
865 1613
865 1614
865 1486
866 1328
866 2125
866 1486
866 2126
866 1613
866 1795
866 1483
867 1019
867 1616
867 1798
867 869
867 1602
867 994
868 1018
868 1801
868 1014
868 1619
869 1332
869 1014
869 1617
869 2127
869 1616
870 1800
870 1015
870 1017
870 1333
870 1488
870 1620
870 1489
871 1979
871 1170
871 1804
871 1627
871 1976
872 1334
872 1972
872 2128
872 1020
873 1161
873 1788
873 1629
873 874
874 1629
874 1788
874 1161
875 1369
875 1052
875 1813
875 1176
875 1495
876 1496
876 1175
876 1631
876 1814
876 2133
877 1659
877 1811
877 1182
878 1498
878 1031
879 1817
879 1632
880 1034
880 1341
881 1184
881 1989
881 1992
881 1634
881 1033
882 1008
882 2124
883 2138
883 1500
884 1349
884 1354
884 886
884 1997
885 1615
885 1643
885 1012
885 1011
885 1485
885 1330
885 1195
885 1194
886 2001
886 1997
886 1039
886 1505
886 1502
886 1354
887 1197
887 2004
887 1649
888 2005
888 2006
888 1508
888 1509
888 2002
888 2004
889 1195
889 1017
889 1358
889 1826
889 1355
889 1800
890 1046
890 2143
890 1043
891 1364
891 1043
891 1650
891 2142
891 1831
891 2007
892 1048
892 1233
892 1830
892 1365
893 1514
893 1809
893 1050
893 2145
894 2008
894 1833
894 1654
894 1515
895 1240
895 1246
895 1654
895 2008
895 1405
896 2146
896 2012
896 1518
896 1663
896 1205
897 1374
897 1206
897 1522
897 900
897 1839
897 1662
898 1378
898 1371
898 1372
898 1373
899 902
899 1656
899 1374
899 1375
899 1206
899 1665
900 1206
900 1207
900 1374
900 1209
900 1375
900 1522
900 902
901 1253
901 1522
901 2061
901 1410
902 2014
902 1209
902 1206
902 1375
902 1207
902 1520
902 1374
903 1842
903 1671
903 1210
903 1377
903 1380
903 1060
903 1381
904 1213
904 2149
904 1670
904 1379
904 1059
904 1057
905 1216
905 1215
905 2015
905 1710
905 933
905 1066
905 1674
906 1187
906 1064
907 1384
907 1675
907 1068
908 1857
908 1073
908 1071
908 1392
908 1219
908 1218
908 1531
908 2022
909 913
909 2025
909 2030
909 1868
910 1225
910 1219
910 1865
911 2028
911 1534
911 1076
911 1866
911 1679
911 914
911 1079
912 918
912 947
912 1078
912 1079
912 2081
912 1076
912 1680
912 1729
913 1868
913 2030
913 1536
913 2025
913 917
913 1229
914 1534
914 1227
914 2157
914 1076
914 1866
914 2024
914 2028
915 1533
915 1077
915 1227
915 1394
915 2159
915 2158
915 2032
915 1226
915 2031
916 2162
916 1684
916 1682
916 1230
916 2040
916 2037
916 2035
916 1867
916 1083
916 1538
916 2042
917 2030
917 1536
917 1080
917 1683
918 1398
918 947
918 1680
918 2029
918 2084
918 1078
918 1688
918 1232
918 2039
919 1081
919 2164
919 1694
919 1691
919 1235
920 1087
920 1871
920 1541
920 1539
920 1540
920 1237
921 1245
921 1871
921 1690
921 1085
921 1689
921 1089
921 1542
921 1697
921 1401
921 1237
921 1243
922 1701
922 1875
922 1244
923 1243
923 1695
923 1403
923 1092
923 2050
924 1247
924 2167
924 1874
924 2050
924 925
924 1094
924 1546
924 1088
925 1247
925 1088
925 1874
925 2050
925 1093
925 2167
925 1239
925 1696
926 1407
926 1700
927 2171
927 1550
927 1256
927 928
927 2062
928 1410
928 2062
928 2171
928 1702
929 1884
929 2060
929 1251
929 1254
929 1408
929 1412
929 1703
930 2172
930 1411
930 1885
930 1548
930 1704
931 1889
931 1709
931 1416
932 1108
932 1102
932 1705
932 1551
932 1262
933 1894
933 1674
933 1215
933 1711
933 1710
933 1107
934 1387
934 1423
934 1111
934 1901
935 2175
935 1764
935 1115
936 1719
936 1112
936 1765
936 971
938 2074
938 1722
938 940
938 2176
938 1561
939 2176
939 1266
939 1722
939 940
940 2074
940 1905
940 2176
940 1722
940 1267
941 1270
941 1727
941 1908
941 1910
941 1913
942 944
942 1394
942 1273
942 1533
942 2078
942 2160
942 1121
942 2080
942 1679
942 1914
943 2086
943 1433
943 1283
943 1282
943 1280
943 1279
943 1916
943 1568
943 1122
944 1394
944 1121
944 1273
944 1917
944 1914
944 1277
944 1915
944 1276
944 2080
944 2179
944 2078
945 1278
945 1277
945 1433
945 2081
945 1566
945 1279
946 2083
946 1567
946 2089
946 1733
946 2181
946 2182
946 950
947 1680
947 1078
947 1688
947 2084
947 1729
948 2082
948 1920
948 1919
948 1730
948 1434
949 1440
949 2087
949 1740
949 1739
950 2083
950 952
950 2181
950 1741
950 2182
950 2089
950 1733
951 2088
951 1924
951 1440
951 1923
951 1286
951 1285
951 1571
951 1127
952 1128
952 1129
952 1737
952 1741
952 1287
952 2083
952 1570
953 1575
953 1441
953 1745
953 2095
954 957
954 1134
954 1289
954 1742
954 1743
954 1442
954 1744
954 1443
954 1447
954 1579
954 2094
954 1132
954 955
955 1289
955 1744
955 1742
955 2095
955 1444
955 1442
955 1132
956 2098
956 1290
956 1445
956 2099
957 1749
957 1744
957 1133
957 1132
957 1443
957 2094
957 2096
957 1134
958 2098
958 1291
958 1746
958 1754
958 1578
958 1750
959 1928
959 1578
959 1751
959 1750
959 1746
959 1581
959 964
960 1134
960 1927
960 1579
960 1133
960 2096
960 1744
960 1447
960 1293
960 1748
960 1292
961 2189
961 1295
961 1136
961 1450
961 1448
961 2188
962 1755
962 963
962 1135
962 966
962 1929
962 1580
962 1294
963 1451
963 2100
963 965
963 1580
963 2189
963 2187
963 966
963 1755
963 1136
964 1581
964 2187
964 1928
964 1756
964 1451
964 1751
964 1752
964 965
965 2100
965 1451
965 1756
965 1755
965 1580
965 2187
965 1581
965 1136
966 1580
966 1929
966 2188
966 2189
966 1294
966 1755
966 1135
967 1583
967 2192
967 1137
968 1297
968 1893
968 1582
968 1932
968 1759
968 1584
969 1762
969 1763
969 1713
969 2069
970 2107
970 2110
970 1936
970 1765
970 1767
971 1112
971 1719
971 1765
972 1721
973 1304
973 1949
973 982
973 1587
973 1454
975 1305
975 1456
975 1588
977 1776
977 1592
977 1459
977 1460
977 1146
978 1145
978 1307
978 1774
978 1773
978 979
979 1596
979 1774
980 1949
980 1595
980 982
981 1597
981 1149
982 1587
982 1595
982 1949
984 1309
984 2113
985 1473
985 988
986 1780
986 1781
986 1314
986 1313
986 1148
987 1148
987 1311
987 1779
987 1781
988 2114
988 1782
988 1149
988 1312
989 990
989 1479
991 2111
991 1952
991 1155
992 1954
992 2118
992 2116
993 1601
993 1953
993 1316
993 2117
994 1616
994 1317
994 1019
994 1602
995 1785
995 1158
995 1156
995 1604
995 1470
995 1956
996 1957
996 1971
996 1786
997 1959
997 1022
997 999
998 1787
998 1474
998 999
998 1959
998 1161
999 1959
999 1472
999 1787
1000 1627
1000 1174
1000 1024
1000 1979
1000 1022
1001 1961
1001 1962
1002 1961
1002 2121
1002 1605
1002 2122
1002 1476
1004 1479
1004 1165
1005 1637
1005 1610
1006 1167
1006 1166
1006 1480
1006 1611
1007 1965
1007 1610
1007 1324
1007 1792
1008 2124
1008 1965
1009 1995
1009 1325
1010 1487
1010 1482
1011 1966
1011 1012
1011 1968
1011 1615
1011 1330
1011 1643
1012 1966
1012 1485
1012 1330
1012 1615
1013 1647
1013 1168
1013 1042
1013 1503
1013 1331
1013 1193
1014 1018
1014 1801
1014 1619
1014 1332
1014 1617
1014 1970
1014 2127
1015 1489
1015 1333
1016 2127
1016 1970
1016 2128
1016 1797
1016 1467
1017 1826
1017 1044
1017 2003
1017 1800
1017 1620
1018 1619
1018 1489
1018 1969
1018 1801
1019 1317
1019 1616
1019 1602
1019 1798
1020 1972
1020 2128
1020 1797
1020 1334
1020 1157
1021 1169
1021 1336
1021 1799
1021 1623
1022 1027
1022 1024
1022 1174
1023 1027
1023 1337
1023 1338
1023 1626
1023 1980
1023 1983
1024 1627
1024 1174
1025 1491
1025 1812
1025 1176
1025 1810
1025 1629
1025 1626
1025 1338
1026 1492
1026 1176
1027 1980
1028 1982
1028 1174
1028 1172
1028 1804
1028 1627
1029 1811
1029 1814
1029 1517
1029 1659
1030 1633
1030 1032
1030 1985
1030 1815
1030 2132
1031 1032
1031 1817
1031 1498
1032 1498
1032 2132
1032 1633
1032 1815
1033 1639
1033 1634
1033 1184
1033 2138
1034 1987
1034 1342
1034 1341
1035 1183
1035 1499
1035 1986
1036 1995
1036 1996
1036 2139
1036 1641
1036 1821
1036 1347
1037 1501
1037 1994
1037 1348
1038 1994
1038 1348
1038 1501
1039 1350
1039 1824
1039 1354
1039 1997
1039 1505
1039 2001
1040 1506
1040 1642
1040 1356
1040 1999
1040 2000
1040 1998
1040 1360
1041 1353
1041 1356
1041 1359
1041 2000
1041 1999
1041 1361
1041 1352
1041 2025
1042 1968
1042 1168
1042 1505
1042 1647
1042 1350
1042 1503
1042 1193
1042 1824
1043 2142
1044 1800
1044 1620
1044 1618
1044 1196
1044 2003
1044 1826
1045 2033
1045 1231
1045 2041
1045 1082
1046 2006
1046 2143
1047 1200
1047 1366
1047 1199
1047 1651
1047 1828
1047 1512
1048 1511
1048 1830
1048 1512
1048 1513
1049 1831
1049 1364
1049 1512
1049 1650
1049 1830
1049 1829
1050 1832
1050 1514
1050 2144
1050 2145
1050 2009
1051 1368
1051 1834
1051 1204
1051 1202
1052 1813
1052 1495
1052 1369
1053 1205
1053 1054
1053 1519
1053 1664
1053 1836
1053 1661
1053 2147
1053 1837
1053 1657
1054 1205
1054 2146
1054 2011
1054 1835
1054 1836
1054 1370
1054 1518
1054 1657
1055 1666
1055 1840
1055 1521
1056 1525
1056 1523
1056 1668
1056 1669
1056 1058
1056 1524
1057 1379
1057 1372
1058 1842
1058 1380
1058 1525
1059 1844
1059 1670
1059 1214
1059 1213
1059 1379
1059 1376
1059 2149
1060 1377
1060 1210
1060 1671
1060 1102
1060 1841
1060 1381
1061 1062
1061 1673
1061 1528
1061 1845
1061 2150
1061 1527
1062 2151
1062 1527
1062 1383
1063 1383
1063 1385
1063 1216
1064 1672
1064 1344
1064 2016
1064 1187
1065 1215
1065 1066
1065 2152
1065 2017
1066 1265
1066 1264
1066 2152
1066 2174
1066 1674
1066 1215
1066 1710
1066 1900
1068 1384
1068 1559
1069 1675
1069 2017
1069 1846
1069 1847
1070 1223
1070 1389
1070 2021
1070 1391
1070 2023
1070 2156
1070 1072
1070 1074
1070 1863
1070 1856
1071 1677
1071 1640
1071 1218
1071 2022
1071 1392
1071 1531
1072 1852
1072 1074
1072 1851
1072 1848
1072 1849
1072 1223
1072 1391
1072 1389
1072 1390
1072 1217
1072 1676
1072 1563
1073 1392
1073 2019
1073 1857
1073 1192
1073 1218
1073 1531
1074 1849
1074 1217
1074 1223
1074 1676
1074 1863
1074 1851
1074 1852
1074 1391
1074 2021
1074 1389
1074 1390
1075 1864
1075 1825
1075 1396
1075 1229
1075 2026
1075 1678
1076 2036
1076 1866
1076 1078
1076 1079
1076 1680
1076 2029
1077 1859
1077 1855
1077 2153
1077 2078
1077 1533
1077 1914
1077 2032
1077 1226
1077 1862
1078 1729
1078 2029
1078 1680
1078 1079
1079 2081
1079 1866
1079 1680
1080 1683
1080 2038
1080 1536
1080 1687
1081 2161
1081 1537
1081 1685
1081 1235
1081 1867
1082 1652
1082 2041
1082 2033
1082 1399
1083 2035
1083 1684
1083 1397
1083 1867
1083 1537
1083 1535
1083 2163
1083 2162
1083 2040
1083 2037
1084 1365
1084 1236
1085 1401
1085 1243
1085 1871
1085 1689
1085 1542
1085 1089
1085 1697
1085 1237
1086 1739
1086 1685
1086 1400
1086 1235
1086 1692
1086 1437
1087 1541
1087 1540
1087 1539
1087 1691
1087 2044
1087 1869
1087 1871
1087 1694
1088 2053
1088 2167
1088 1546
1088 1874
1088 1094
1088 1247
1088 1573
1088 1574
1088 1091
1089 1736
1089 1573
1089 1542
1089 1094
1089 1401
1089 1404
1089 1127
1089 1690
1089 1546
1089 2090
1089 1697
1089 1245
1090 2051
1090 1406
1090 1091
1090 1095
1090 2093
1090 1698
1090 2166
1090 2053
1091 1247
1091 1574
1091 2093
1091 1131
1091 2091
1091 1874
1091 1406
1091 2053
1092 1234
1092 1243
1092 1402
1092 2043
1092 1695
1092 1403
1093 1873
1093 1545
1093 2049
1093 1239
1093 1238
1093 2051
1094 1697
1094 1546
1094 1573
1094 1874
1094 2050
1094 2167
1094 1404
1094 1245
1094 1247
1095 1547
1095 1250
1095 2166
1095 2052
1095 2051
1095 1406
1095 2054
1095 1698
1095 2093
1095 1543
1096 1547
1096 1098
1096 2054
1096 1099
1096 1248
1096 1881
1096 1879
1097 1699
1097 2059
1097 2170
1098 1099
1098 1879
1098 1881
1098 2054
1098 1248
1098 1547
1099 1881
1099 2054
1099 1873
1099 1547
1100 1413
1100 1409
1100 1882
1100 1892
1100 1886
1100 1887
1100 1553
1100 1257
1101 1890
1101 1414
1101 1104
1101 1930
1101 1258
1101 1706
1101 1708
1101 1889
1101 1415
1102 1262
1102 1705
1102 1841
1103 1554
1103 1552
1103 1707
1104 1708
1104 1416
1104 1889
1104 1890
1104 1891
1105 1109
1105 1713
1105 1895
1105 1762
1105 2068
1105 2194
1106 1897
1106 1418
1106 1115
1106 1557
1106 1558
1106 1425
1106 1714
1106 2070
1106 2071
1106 1712
1107 1261
1107 1420
1107 1259
1107 2066
1107 1418
1107 1714
1107 1902
1107 1711
1107 1710
1107 1900
1107 1556
1108 1262
1108 2065
1108 2064
1108 1555
1108 1705
1108 1551
1109 1898
1109 1895
1109 2070
1109 1557
1109 1263
1109 1715
1109 1713
1110 1422
1110 2068
1111 1559
1111 1718
1111 1901
1111 1423
1112 1720
1112 1719
1113 1718
1113 1720
1113 1904
1113 2072
1114 1716
1114 1717
1114 1424
1114 1903
1114 1425
1115 2071
1115 1897
1115 1717
1115 1712
1115 2175
1115 1558
1115 1425
1116 1266
1116 1720
1117 1266
1117 1937
1117 2110
1117 1767
1118 1268
1118 1906
1118 2076
1119 1269
1119 2077
1119 1907
1119 1725
1119 1911
1120 2177
1121 1273
1121 1277
1121 2080
1121 1679
1121 2081
1121 1394
1121 1917
1121 2160
1122 1280
1122 1282
1122 1433
1122 1920
1122 1916
1122 2086
1122 1568
1122 1283
1122 1279
1123 1918
1123 1915
1123 1275
1123 1274
1123 2180
1123 1432
1123 2179
1124 1126
1124 2085
1124 1284
1124 1731
1124 1732
1124 1730
1124 1921
1124 1438
1124 1919
1124 1439
1125 1435
1125 1437
1125 2183
1125 1128
1125 1281
1125 1734
1126 1284
1126 1567
1126 1731
1126 1732
1126 2085
1126 1921
1126 1439
1127 1736
1127 1285
1127 2090
1127 1690
1127 1569
1127 1245
1127 1923
1128 2083
1128 1287
1128 2183
1128 1737
1129 1741
1129 1922
1129 1737
1129 1287
1129 1570
1129 2184
1130 1577
1130 1286
1130 1572
1130 1738
1130 1735
1131 2186
1131 2185
1131 1288
1131 1576
1131 2091
1131 1574
1131 1573
1132 1442
1132 1443
1132 1289
1132 1447
1132 2094
1132 1744
1132 1134
1132 1742
1132 1748
1132 1579
1133 2096
1133 1292
1133 1749
1133 1927
1133 2097
1134 1443
1134 1293
1134 1447
1134 1579
1134 2094
1134 2096
1134 1742
1134 1744
1134 1748
1134 1289
1135 1929
1135 1295
1135 1753
1135 2189
1135 1294
1135 2188
1135 1757
1135 1450
1136 2187
1136 1752
1136 1448
1136 2189
1136 1756
1137 1583
1137 2192
1138 1299
1138 2104
1138 1761
1139 1140
1139 1586
1139 2109
1139 1940
1140 2109
1140 1586
1141 1305
1141 1304
1141 1454
1143 1458
1143 1144
1143 1771
1143 2112
1144 1771
1144 1945
1144 1458
1145 1593
1145 1307
1145 1773
1146 1592
1146 1948
1146 1459
1146 1776
1146 1147
1147 1948
1147 1594
1147 1460
1147 1592
1148 1314
1148 1312
1148 1782
1149 1782
1149 1312
1149 2114
1150 1310
1150 1779
1150 1313
1151 1950
1152 1477
1152 1600
1153 1482
1153 1953
1153 1465
1154 1955
1154 2112
1155 1603
1155 1955
1155 1770
1155 2119
1156 1604
1156 1158
1156 1784
1156 1785
1156 1956
1156 1469
1156 1470
1157 1785
1157 1784
1157 1159
1157 1158
1158 1784
1158 1785
1158 1159
1158 1470
1158 1956
1159 1957
1159 1971
1159 1786
1159 1785
1159 1784
1160 1318
1161 1788
1161 1474
1161 1960
1162 1605
1163 1609
1163 1607
1163 1164
1163 1964
1164 1964
1166 1480
1166 1167
1166 1611
1167 1480
1168 1614
1168 1483
1168 1484
1168 1193
1168 1647
1168 1486
1168 1331
1168 1503
1169 1490
1169 1977
1169 1623
1169 1336
1170 1627
1170 1979
1170 1804
1170 1976
1171 1806
1171 1625
1171 1624
1171 1335
1171 1808
1172 1983
1172 1174
1172 1982
1172 1493
1173 1494
1173 1493
1173 1981
1174 1627
1174 1982
1175 2133
1175 1631
1175 1178
1176 1491
1176 1492
1176 1812
1177 1178
1177 1630
1177 1984
1178 1339
1178 1630
1179 2134
1179 1181
1179 1180
1179 1817
1179 1816
1180 1181
1180 2134
1180 1816
1181 2134
1181 1816
1183 1342
1183 1186
1183 1499
1183 1988
1184 1819
1184 1989
1184 1634
1185 1635
1185 1636
1185 1819
1186 1987
1186 1988
1186 1342
1187 1189
1187 2016
1187 1344
1188 1637
1188 1638
1188 1639
1188 2138
1189 1344
1189 1343
1190 2136
1190 2137
1191 2137
1191 1992
1192 1392
1192 2019
1192 1857
1192 1218
1192 1349
1192 1640
1192 1357
1193 1331
1193 1505
1193 1503
1193 1647
1194 1195
1194 1642
1194 1643
1194 1355
1195 1642
1195 1615
1195 1355
1196 2129
1196 2003
1196 1620
1196 1618
1196 1507
1196 2130
1197 1649
1197 2002
1197 2004
1197 2006
1198 1199
1198 1366
1198 1200
1199 1366
1199 1200
1199 1651
1199 1512
1199 1828
1200 1651
1200 1828
1200 1366
1201 1834
1201 1202
1201 1368
1201 1516
1201 2010
1201 1515
1202 1834
1202 1368
1202 1204
1202 1516
1203 1241
1203 1246
1203 1655
1203 1405
1204 1834
1204 1663
1204 2012
1205 1660
1205 1836
1205 1837
1205 2012
1205 1519
1205 1518
1205 1664
1205 2147
1205 1657
1205 1661
1206 1207
1206 1522
1206 1374
1207 1209
1207 1375
1207 1374
1207 2014
1207 1520
1208 1213
1209 1521
1209 1520
1209 1666
1209 2014
1210 1377
1210 1888
1210 1841
1210 1671
1210 1212
1211 1212
1211 1552
1211 1376
1211 1214
1211 1888
1211 1844
1212 1671
1212 1214
1212 1888
1212 1844
1213 2149
1213 1670
1213 1379
1214 1670
1214 1376
1214 1844
1215 1216
1215 1710
1215 1674
1216 1385
1216 1674
1217 1391
1217 1223
1217 1389
1217 1390
1217 1852
1217 1851
1217 1676
1217 1529
1217 1848
1217 1849
1218 1857
1218 1531
1218 1392
1218 2019
1218 1219
1218 2022
1219 1857
1219 1225
1220 1532
1220 2023
1220 1530
1220 2021
1220 1858
1220 1393
1220 1221
1221 1222
1221 2155
1221 1532
1221 2023
1221 1860
1221 1856
1221 1861
1221 1858
1221 1854
1221 2154
1222 2155
1222 1855
1222 1224
1222 1854
1222 2154
1222 1859
1222 1861
1222 1860
1222 1532
1223 1389
1223 2021
1223 1390
1223 1391
1223 1851
1223 1852
1223 1676
1223 1848
1223 1849
1224 2155
1224 1861
1224 1860
1224 1859
1224 1907
1224 1862
1224 1855
1224 2153
1225 1395
1225 1865
1225 1857
1226 1855
1226 2032
1226 2031
1226 1533
1227 2027
1227 1865
1227 2028
1227 2158
1227 2031
1227 1678
1227 2159
1228 1825
1228 1864
1228 1396
1228 1395
1228 2026
1229 2025
1229 2030
1229 2024
1229 2157
1230 1398
1230 2162
1230 1688
1230 1232
1230 2042
1230 1682
1230 2037
1230 2039
1231 2033
1231 2034
1232 1398
1232 1688
1232 1680
1232 2036
1232 2029
1232 1682
1232 2039
1233 1652
1233 1513
1233 2046
1233 1399
1234 1402
1234 2043
1234 1403
1234 1240
1235 1694
1235 2163
1235 2164
1235 1685
1235 1400
1235 1692
1235 1537
1236 2043
1236 1539
1236 1872
1236 1402
1236 2047
1237 1871
1237 1401
1237 1541
1237 1542
1237 1689
1237 1539
1237 1540
1238 1239
1238 1545
1238 2049
1238 1873
1238 1547
1239 1696
1239 1873
1239 2049
1240 2043
1240 1405
1240 1403
1240 2008
1240 1246
1241 2048
1241 1246
1241 1242
1241 1544
1241 1876
1242 1246
1242 1544
1242 1545
1242 2048
1242 1876
1243 1697
1243 1542
1243 1689
1243 1402
1243 2050
1244 1875
1244 1701
1245 1736
1245 2186
1245 1573
1245 1401
1245 1697
1245 2090
1245 1690
1245 1404
1246 1403
1246 1405
1246 1695
1246 1876
1247 2050
1247 1404
1247 2167
1247 1546
1247 2053
1247 1573
1247 1874
1247 2186
1248 1407
1248 2056
1248 1249
1248 1252
1248 2057
1248 2168
1248 1877
1248 1879
1249 2057
1249 1880
1249 2168
1249 1879
1249 1877
1249 1252
1249 2055
1249 2056
1250 2058
1250 1543
1250 2052
1250 1749
1250 2054
1250 2097
1250 1547
1251 1412
1251 1884
1251 1878
1251 2170
1251 2060
1252 1880
1252 1879
1252 1878
1252 1877
1252 2057
1252 2168
1252 2056
1252 2055
1253 2061
1253 1522
1253 1702
1253 1410
1253 2059
1254 2172
1254 1884
1254 1548
1254 2060
1254 1412
1254 1703
1254 1411
1254 1704
1254 1408
1255 1883
1255 1840
1255 1549
1256 1550
1256 1549
1256 1885
1257 1413
1257 1553
1257 1554
1257 1891
1258 1706
1258 1415
1258 2063
1258 1417
1258 1930
1259 1556
1259 1711
1259 1261
1259 1894
1259 2173
1259 1419
1259 1420
1260 1555
1260 1263
1260 2067
1260 1715
1260 1421
1261 1420
1261 2066
1261 1711
1261 1714
1261 1418
1261 1894
1261 1556
1262 1551
1262 1705
1263 1557
1263 1418
1263 1420
1263 1421
1263 1715
1263 2070
1264 1899
1264 2174
1264 1424
1264 2152
1264 1265
1265 1902
1265 1716
1265 1900
1265 1899
1265 2174
1265 1424
1265 1710
1266 2176
1266 1722
1267 1427
1267 1905
1268 1564
1268 1429
1268 2076
1268 1723
1268 1431
1269 1725
1269 1272
1269 2077
1269 1912
1269 2178
1269 1911
1270 1271
1270 1565
1270 1910
1270 1913
1270 1727
1270 1908
1271 1565
1272 2156
1272 1726
1272 1725
1272 1912
1273 2080
1273 2160
1273 2078
1273 1276
1273 1917
1273 1914
1273 1533
1273 1394
1274 2180
1274 1432
1274 1918
1275 1915
1275 1278
1275 1728
1275 2079
1276 2078
1276 2179
1276 1432
1276 1917
1276 1915
1276 1914
1277 1917
1277 1566
1277 1915
1278 2079
1278 1566
1278 1728
1278 1279
1279 1283
1279 1916
1279 1433
1279 1568
1279 2086
1279 1280
1280 1916
1280 1283
1280 1282
1280 2086
1280 1568
1281 2183
1281 1437
1281 1435
1281 1734
1281 1535
1281 1692
1281 1685
1281 1400
1281 1397
1281 2163
1282 1921
1282 1730
1282 1920
1282 1732
1282 1731
1282 2086
1282 2085
1282 1284
1282 1283
1282 1568
1282 1916
1283 1568
1283 2086
1283 1920
1283 1916
1283 1433
1284 1921
1284 1567
1284 1439
1284 2085
1284 1732
1284 1731
1284 1730
1285 1923
1285 1541
1285 1401
1285 1690
1285 1440
1285 1736
1285 2088
1286 1569
1286 1738
1286 1572
1286 1923
1286 1924
1286 1735
1287 1737
1287 1922
1287 2087
1287 1571
1287 2184
1288 1574
1288 1573
1288 1925
1288 2090
1288 1576
1288 1404
1288 2186
1288 2185
1289 1744
1289 1742
1289 1447
1289 1579
1290 1927
1290 1926
1290 2099
1290 1446
1290 1292
1291 1578
1291 1750
1291 1926
1291 1746
1291 1747
1292 1927
1292 1926
1292 2096
1292 1748
1292 1446
1292 1293
1293 1748
1293 1579
1293 1446
1293 1447
1293 2096
1293 1744
1294 2102
1294 1929
1294 2101
1294 1757
1295 1929
1295 1753
1295 1449
1295 1450
1295 2188
1295 2189
1295 2190
1296 2191
1296 1752
1296 1754
1296 1445
1297 2192
1297 1759
1297 1583
1297 1584
1297 1932
1298 1452
1298 1933
1298 1934
1298 2193
1298 1760
1299 2193
1299 2104
1299 1585
1300 1766
1300 2106
1301 1938
1301 1939
1301 1302
1301 1303
1301 1937
1301 2108
1302 1303
1302 1939
1302 1938
1302 2108
1303 1938
1303 2108
1304 1454
1304 1587
1306 1590
1306 2111
1306 1772
1307 1773
1307 1593
1308 1596
1309 1778
1309 2113
1311 1779
1312 1782
1312 2114
1313 1781
1313 1780
1313 2115
1314 1781
1314 1606
1315 1598
1315 1461
1316 1953
1316 1482
1316 1465
1316 2117
1317 1616
1317 1602
1318 1472
1319 1473
1319 1471
1319 1777
1320 1475
1322 1497
1323 1477
1324 2124
1324 1792
1324 1990
1326 1794
1326 1613
1326 1967
1326 1329
1327 1486
1327 1328
1327 1613
1327 1794
1327 1966
1327 1484
1327 1614
1328 1483
1328 1613
1328 2125
1328 2126
1328 1486
1328 1794
1328 1614
1328 1484
1329 1967
1329 1798
1330 1485
1330 1615
1330 1643
1330 1968
1330 1966
1331 1483
1331 1503
1331 2126
1332 1970
1332 1617
1332 2127
1333 1488
1334 1972
1334 2128
1334 1797
1335 1624
1335 1625
1335 1973
1335 1806
1335 1805
1336 1623
1336 1972
1336 1490
1337 1983
1337 1626
1337 1493
1337 1338
1338 1983
1338 1626
1338 1980
1339 1984
1339 1985
1342 1987
1343 1820
1344 2016
1344 1345
1344 1672
1345 1672
1345 2016
1346 1993
1347 1641
1347 1501
1347 1821
1347 2139
1348 1994
1348 1501
1349 1357
1349 2140
1350 1824
1350 2001
1350 1647
1350 1822
1350 1505
1351 1644
1351 1645
1351 1354
1351 1823
1351 1997
1351 2140
1351 2141
1351 1646
1352 1353
1352 1998
1352 2000
1352 1999
1352 1644
1353 2025
1354 2001
1354 1997
1354 1505
1354 1645
1355 1506
1355 1642
1355 1358
1356 1360
1356 1359
1356 1998
1356 1642
1356 1506
1356 2000
1356 1361
1356 1999
1357 2140
1358 1642
1358 1506
1358 1826
1359 1361
1359 1360
1359 2000
1359 1510
1359 1508
1359 1509
1359 2002
1360 1361
1360 1508
1360 2000
1360 2002
1360 1506
1361 2000
1361 1868
1361 1508
1361 1509
1361 1510
1362 1363
1362 1828
1362 1827
1363 1827
1363 1828
1363 1364
1364 1831
1364 1650
1364 1829
1366 1651
1367 1653
1368 1516
1368 1834
1368 2010
1369 1495
1369 1813
1370 1657
1370 1836
1370 1656
1370 1835
1371 1373
1371 1378
1372 1373
1373 1378
1373 2148
1374 1375
1374 1522
1375 1520
1375 2014
1376 1844
1376 1670
1377 1380
1377 1381
1377 1842
1378 1986
1379 2149
1379 1670
1380 2149
1380 1842
1380 1381
1381 1842
1382 1673
1382 2150
1382 1669
1382 1668
1382 1528
1383 1527
1383 2151
1383 1845
1384 2152
1384 1675
1384 2017
1385 1847
1385 1846
1386 1388
1386 1387
1387 1901
1387 1423
1387 1388
1389 1390
1389 2021
1389 1852
1389 1851
1389 1676
1389 1391
1389 1848
1389 1849
1390 2018
1390 1676
1390 1851
1390 1850
1390 1529
1390 1852
1390 1563
1390 1849
1390 1848
1391 1851
1391 1852
1391 1849
1391 2021
1391 2023
1391 1863
1391 1676
1392 2022
1392 2019
1392 1857
1392 1640
1392 1531
1393 1858
1393 2023
1393 1530
1394 1914
1394 1533
1394 2032
1394 2031
1394 2078
1394 2080
1394 1679
1394 2160
1395 1678
1395 1864
1395 2026
1395 1865
1395 2027
1395 1396
1396 2027
1396 2026
1396 1865
1396 1864
1396 1678
1397 1537
1397 1535
1397 1867
1397 1692
1397 1437
1397 2163
1397 1400
1397 1684
1397 1685
1397 2040
1398 2039
1398 2042
1398 1688
1398 1683
1398 1682
1398 2029
1398 2036
1399 1513
1399 1652
1399 2046
1399 1693
1400 1537
1400 2163
1400 1437
1400 1692
1400 1685
1401 1541
1401 1542
1401 1689
1401 1871
1401 1690
1402 2043
1403 2043
1403 1695
1403 1405
1404 1546
1404 2090
1404 2186
1404 1574
1404 1573
1404 1690
1404 1697
1405 2008
1406 1874
1406 2166
1406 1698
1406 2051
1406 2093
1406 2053
1408 1703
1408 1884
1408 2060
1408 1411
1409 1882
1409 1413
1409 1892
1409 1886
1409 1887
1410 1702
1410 2062
1410 2061
1411 1703
1411 1704
1411 1885
1411 1548
1411 2172
1412 2060
1412 2170
1412 1884
1413 1553
1413 1892
1413 1886
1413 1887
1413 1891
1413 1882
1414 1890
1414 1893
1414 1553
1414 1708
1415 1893
1415 1930
1415 1932
1415 1706
1416 1889
1416 1890
1417 2063
1417 1706
1417 1422
1417 2065
1418 1425
1418 1420
1418 1712
1418 2070
1418 2066
1418 1903
1418 1714
1418 1897
1419 2173
1419 1556
1419 1526
1419 1894
1420 1711
1420 2070
1420 1714
1420 1556
1421 1715
1421 1555
1421 2067
1422 2068
1423 1901
1424 1899
1424 2174
1424 1717
1424 1716
1424 1903
1424 1902
1425 2070
1425 1902
1425 1903
1425 1712
1425 1716
1425 1717
1425 1897
1425 1714
1426 2073
1427 2075
1427 1905
1427 1721
1428 1564
1428 1563
1428 1431
1429 1562
1429 1564
1429 1431
1429 1723
1430 1724
1430 1906
1431 2076
1431 1564
1431 1723
1432 1918
1432 2179
1432 2180
1433 1920
1433 1916
1433 1566
1434 2082
1434 2084
1434 1435
1434 1436
1434 1919
1435 1436
1435 1734
1435 1438
1436 2082
1436 1438
1436 1919
1436 1734
1437 1685
1437 1692
1437 1535
1437 2163
1437 1537
1437 2183
1437 1734
1438 1919
1438 1734
1438 1732
1439 2085
1439 1567
1439 1732
1439 1731
1439 1921
1440 2184
1440 1924
1440 1922
1440 1571
1440 1740
1440 2087
1440 2088
1441 1925
1441 1575
1441 1577
1441 1745
1442 1742
1442 1743
1442 1443
1442 1444
1442 2092
1442 2093
1442 2094
1443 1744
1443 1742
1443 2094
1444 1745
1444 2095
1444 1743
1444 1742
1444 1576
1445 2098
1445 2099
1446 2099
1447 1748
1447 2096
1447 1744
1447 1579
1448 1752
1449 2190
1449 1931
1449 1753
1450 2188
1450 2189
1450 2190
1450 1753
1451 1581
1451 1580
1451 2100
1451 1928
1451 1756
1451 1755
1451 2187
1452 1758
1453 1935
1453 1936
1454 1587
1455 1941
1456 1588
1458 1945
1458 1771
1459 1776
1459 1592
1459 1460
1460 1592
1460 1594
1461 1598
1462 1783
1463 1611
1464 1603
1464 1466
1464 2116
1465 1482
1465 1953
1465 2117
1466 1603
1466 1468
1466 2119
1467 1797
1467 1970
1467 2127
1468 1603
1468 2119
1469 1604
1469 1956
1469 1470
1470 1604
1470 1785
1470 1784
1470 1956
1471 1777
1471 1778
1471 1473
1472 1787
1473 1777
1474 1788
1474 1960
1474 1959
1476 1605
1476 1958
1476 1960
1476 2121
1478 1607
1478 1632
1478 1790
1480 1611
1483 1486
1483 2126
1483 2125
1483 1614
1483 1484
1484 1614
1484 1486
1484 1966
1484 1968
1485 1615
1485 1488
1486 1966
1486 1614
1486 2126
1487 1796
1489 1969
1489 1618
1489 1620
1490 1977
1490 1802
1490 1623
1490 1621
1490 1975
1490 1974
1490 1978
1491 1812
1491 1810
1491 1626
1491 1492
1492 1626
1493 1981
1493 1494
1493 1983
1493 1628
1494 1981
1494 1628
1494 1832
1495 1813
1496 1631
1496 1813
1496 1814
1497 1633
1497 1815
1499 1988
1500 2136
1501 1994
1501 1821
1502 1505
1502 2001
1503 1505
1503 1647
1504 1642
1504 1644
1504 2141
1504 1823
1504 1822
1504 1998
1504 1999
1505 1824
1505 2001
1505 1647
1506 1642
1506 2000
1506 1998
1507 2130
1507 2003
1507 1648
1508 1509
1508 1510
1508 2002
1508 2005
1508 1686
1509 1686
1509 2005
1509 1510
1510 2005
1510 1686
1511 1513
1511 2143
1511 1830
1512 1829
1512 1830
1512 1651
1513 1652
1513 1830
1514 1809
1514 1832
1514 2144
1514 2145
1515 1833
1515 2010
1516 2010
1517 1814
1517 1811
1517 2011
1517 1659
1518 1836
1518 2011
1518 1657
1518 2012
1518 2146
1519 1657
1519 1661
1519 1660
1519 1664
1519 1838
1519 1837
1519 2147
1520 1521
1520 2013
1520 2014
1521 2014
1521 2013
1521 1666
1523 1524
1523 1668
1523 1989
1524 1668
1524 1636
1525 1636
1526 2173
1526 1894
1527 1845
1527 1528
1528 2150
1528 1845
1529 1852
1529 1850
1529 1563
1529 2018
1529 1676
1529 1849
1530 1858
1530 2023
1531 1677
1531 2019
1531 2022
1531 1640
1532 1860
1532 1858
1532 1856
1532 1854
1532 2154
1532 2023
1532 2155
1533 2080
1533 2078
1533 2160
1533 2153
1533 1914
1533 1862
1533 1855
1533 2031
1533 2032
1534 1866
1534 2157
1534 2024
1534 2028
1535 1537
1535 2163
1535 1684
1535 2162
1535 1685
1535 1867
1535 2040
1536 2030
1536 1683
1537 2040
1537 1684
1537 1685
1537 1867
1537 2161
1537 2163
1537 1692
1538 2035
1538 1687
1538 1681
1538 2040
1539 1689
1539 1540
1539 1869
1539 1871
1539 1872
1539 2047
1540 1541
1540 2047
1540 1689
1540 1869
1540 1872
1540 1871
1541 1871
1542 1689
1542 1871
1542 1697
1543 2058
1543 2054
1543 2051
1543 2052
1543 1873
1543 1698
1543 2166
1543 1547
1544 2049
1544 2048
1544 1876
1544 1545
1545 1873
1545 2048
1545 2049
1546 2050
1546 1697
1546 2167
1547 2051
1547 2052
1547 1873
1547 1881
1547 2054
1547 2058
1547 1698
1548 1885
1548 2172
1548 1704
1548 1703
1549 1883
1550 2062
1550 2171
1551 2065
1551 1705
1551 2064
1552 1707
1553 1892
1553 1891
1553 1886
1553 1708
1554 1707
1554 1891
1555 2067
1556 1711
1556 2173
1556 1894
1557 1895
1557 2071
1557 2069
1557 2070
1557 1898
1557 1715
1557 1713
1557 1897
1558 2175
1558 1897
1558 1896
1558 1712
1558 1898
1558 2071
1560 1561
1562 1723
1562 1564
1563 1850
1563 1852
1563 1676
1563 2018
1564 1723
1565 1727
1565 1913
1565 2177
1566 2081
1566 2079
1567 1733
1567 2182
1568 1921
1568 1920
1568 1732
1568 1731
1568 1730
1568 1916
1568 2086
1568 2085
1569 1924
1569 1923
1569 2090
1569 1736
1570 1741
1570 1737
1571 1922
1571 1924
1571 2184
1571 2087
1571 2088
1572 1577
1572 1735
1572 1738
1573 2186
1573 2090
1573 1574
1574 2091
1574 1576
1574 2186
1574 2185
1574 1874
1575 1925
1575 1745
1575 1577
1576 1745
1576 2092
1576 2091
1576 1743
1576 1925
1576 2185
1577 1738
1577 1925
1578 1750
1578 2098
1578 1746
1579 1742
1579 1744
1579 2094
1579 2096
1579 1748
1580 2100
1580 2189
1580 2187
1580 1755
1581 2187
1581 1928
1581 2100
1581 1756
1581 1751
1582 1584
1582 1931
1583 1584
1583 2192
1584 1759
1584 2192
1584 1932
1585 2193
1586 2108
1587 1949
1589 1768
1590 2111
1591 1944
1591 1769
1592 1776
1592 1594
1592 1948
1594 1948
1595 1949
1596 1774
1598 1951
1599 2115
1599 1783
1601 1953
1602 1616
1603 2119
1604 1956
1605 1958
1605 2121
1609 1964
1609 2123
1610 1792
1612 1795
1612 1793
1613 1794
1614 1966
1614 1968
1616 1798
1617 1970
1617 2127
1618 2003
1618 1969
1618 1620
1618 2129
1619 1801
1620 1969
1621 1624
1621 1802
1621 1974
1621 1973
1621 1978
1621 1977
1622 1805
1622 1807
1622 1803
1622 2131
1623 1799
1623 1975
1623 1974
1624 1978
1624 1973
1624 1827
1624 1806
1624 1625
1625 1806
1625 1809
1625 1808
1625 2145
1626 1810
1626 1980
1627 1979
1627 1804
1627 1976
1628 1808
1628 1809
1628 1981
1629 1810
1631 1812
1633 1815
1634 1639
1634 1989
1634 1991
1634 1992
1635 1636
1635 1819
1635 1818
1637 1990
1637 1638
1638 2138
1639 1991
1639 2138
1640 1853
1640 1677
1640 2019
1641 1995
1641 2139
1641 1821
1642 1998
1644 1999
1644 1645
1644 2141
1644 1822
1644 1825
1644 1646
1644 1823
1645 1822
1645 1997
1645 2141
1645 1646
1645 1823
1646 1822
1646 1823
1646 1997
1646 2141
1647 1968
1648 2130
1648 2129
1648 2142
1648 2007
1649 2004
1649 2006
1650 1831
1650 1829
1652 2041
1652 2046
1654 2008
1654 1833
1656 1835
1656 1836
1657 1664
1657 1836
1657 1837
1657 2147
1658 1660
1659 1811
1659 2011
1659 1835
1660 1837
1660 1838
1660 1661
1660 2012
1661 1664
1661 2147
1661 1838
1661 1837
1662 1664
1662 1839
1663 2012
1664 1838
1664 2147
1664 1837
1666 2014
1667 2013
1667 2148
1668 1669
1669 1843
1669 1673
1669 2150
1670 1844
1670 2149
1671 1888
1672 2016
1673 1843
1673 2150
1674 2015
1675 1847
1675 1846
1675 2017
1676 1848
1676 1849
1676 2018
1676 1852
1676 1850
1676 1851
1677 1853
1677 2022
1678 2157
1678 2024
1678 2026
1678 2027
1679 2028
1679 2031
1679 2080
1679 2160
1679 2159
1680 2029
1680 1729
1680 2036
1680 1688
1681 1687
1682 2042
1682 2037
1682 2039
1682 2035
1682 1688
1683 2039
1683 2036
1683 2030
1684 2163
1684 2040
1684 2037
1684 1867
1684 2162
1685 1692
1685 2163
1686 2034
1686 2038
1686 2005
1687 2038
1687 2035
1687 2034
1688 2029
1688 2084
1688 2042
1688 2039
1688 2037
1688 2036
1689 1871
1690 2090
1690 1736
1690 1923
1691 2044
1691 2164
1691 1694
1691 1869
1692 2163
1692 1739
1693 1870
1693 2046
1693 2165
1693 2045
1694 2164
1695 1876
1695 2050
1695 1696
1696 1876
1696 2050
1697 2050
1698 2051
1698 2052
1698 2166
1698 2093
1699 1839
1700 1701
1701 1875
1702 2059
1702 2061
1702 2062
1702 2171
1703 1704
1703 2100
1703 1884
1704 2172
1704 1885
1705 2064
1706 1930
1706 1889
1706 1890
1706 2063
1707 1883
1708 1893
1708 1890
1708 1891
1709 2065
1709 2064
1709 1889
1710 2174
1710 1900
1710 1711
1710 1902
1710 2066
1710 1716
1711 1894
1711 2066
1712 1897
1712 2175
1712 2071
1712 1903
1712 2070
1712 1714
1713 1898
1713 1762
1713 1763
1713 2069
1713 1895
1713 1896
1714 1897
1714 2070
1714 2071
1714 1903
1714 2066
1715 2067
1716 2174
1716 1900
1716 1899
1716 2066
1716 1902
1716 1903
1717 1903
1718 1904
1718 2072
1720 1904
1721 2075
1722 2074
1722 2176
1724 1906
1725 2178
1725 1911
1725 1912
1725 2077
1726 1863
1726 2156
1726 1856
1727 1913
1727 1910
1727 1908
1727 1909
1728 2079
1729 2081
1730 1921
1730 1920
1730 1919
1730 1732
1730 1731
1730 2085
1731 1732
1731 2085
1731 1921
1732 2085
1732 1919
1732 1921
1733 2089
1733 2181
1733 2083
1733 2182
1734 2183
1735 1924
1736 2090
1736 1923
1737 1741
1737 2181
1737 2183
1737 2083
1739 2087
1739 1740
1740 1922
1740 2087
1741 2089
1741 2181
1742 1744
1742 1743
1742 2094
1743 2093
1743 2091
1743 2092
1744 2094
1744 2096
1744 1748
1745 1925
1745 2185
1745 2095
1746 1754
1746 1750
1746 2098
1747 1926
1747 1927
1747 2169
1747 2097
1748 2096
1749 2097
1749 2058
1749 2052
1751 1756
1751 1928
1752 2187
1752 1754
1752 2191
1752 1756
1753 1929
1753 1757
1753 2102
1753 2188
1754 2098
1754 2191
1755 2100
1756 2100
1756 1928
1756 2187
1757 2101
1757 2102
1757 1929
1758 2103
1759 2192
1759 1893
1759 1932
1759 1930
1760 2193
1760 2195
1760 1933
1760 1934
1761 2105
1761 2104
1762 1895
1762 2194
1762 2069
1762 1763
1762 1898
1763 2069
1764 2196
1764 2175
1764 1896
1765 1936
1765 2107
1766 2196
1766 2106
1766 2105
1767 2110
1767 1937
1768 1951
1769 1944
1770 1945
1770 1772
1770 1771
1770 1955
1771 1945
1772 2111
1772 1945
1773 1946
1774 1947
1776 1948
1777 1778
1778 2113
1780 1781
1780 2115
1782 2114
1784 1956
1784 1785
1785 1956
1786 2120
1786 1957
1787 1959
1788 1960
1789 1962
1791 2123
1791 1964
1791 1963
1792 1965
1793 1795
1794 1967
1794 1966
1795 2125
1795 2126
1797 2127
1797 1970
1797 2128
1799 1975
1800 1826
1802 1978
1802 1975
1802 1974
1803 1805
1803 2131
1804 1807
1804 1976
1805 1973
1805 1977
1805 2131
1805 1974
1806 1973
1807 2131
1808 1809
1809 2145
1810 1812
1813 1814
1815 2132
1816 1817
1818 1819
1821 1995
1821 2139
1822 2141
1822 1824
1822 1823
1823 2141
1825 1864
1825 2026
1827 1828
1829 1831
1829 1830
1831 2142
1832 2144
1833 2009
1835 1836
1836 1837
1837 1838
1837 2147
1838 2147
1840 1883
1843 2150
1844 2149
1846 1847
1847 2017
1848 1849
1848 1852
1848 1851
1849 1851
1849 1852
1849 2018
1850 2018
1851 1852
1851 2021
1853 2020
1854 1858
1854 1860
1854 2022
1854 2155
1854 2154
1855 1862
1855 1861
1855 1859
1855 2153
1855 2032
1856 2155
1856 2023
1856 2156
1856 2021
1856 1863
1856 1860
1857 2019
1858 2023
1858 2154
1858 2155
1859 2154
1859 1907
1859 2153
1859 1861
1859 1860
1859 1862
1860 2155
1860 2154
1860 1861
1861 2154
1861 2153
1861 1862
1861 2155
1861 1907
1862 1907
1862 1914
1862 2153
1862 2032
1863 2156
1863 2021
1864 2026
1865 2027
1865 2158
1866 2024
1866 2028
1867 2162
1867 2161
1867 2163
1867 2035
1867 2040
1868 2030
1868 2025
1869 1870
1869 1872
1869 2044
1869 2165
1869 2045
1869 2047
1870 2165
1870 2045
1870 2046
1870 2047
1870 1872
1870 2044
1872 2047
1872 2165
1873 2049
1873 2051
1874 2091
1874 2167
1874 2053
1876 2048
1877 1879
1877 2056
1877 1878
1877 2168
1877 2055
1877 1880
1877 2057
1878 2170
1878 1880
1878 2055
1879 1880
1879 2057
1879 2168
1879 2056
1880 2168
1880 2057
1880 2055
1880 2056
1881 2054
1882 1886
1882 1887
1884 2060
1885 2172
1886 1892
1886 1887
1887 1892
1889 1890
1890 1891
1892 2101
1893 1932
1894 2173
1895 1898
1895 2194
1895 2069
1896 2175
1896 2071
1896 2069
1896 1898
1897 1898
1897 2070
1897 2071
1897 2175
1898 2069
1898 2071
1899 2174
1899 1900
1900 2174
1900 1902
1900 1903
1900 2066
1902 2066
1902 2174
1902 1903
1903 2066
1904 2072
1906 2076
1907 2153
1907 1911
1908 2076
1908 1910
1909 1910
1909 1913
1910 2076
1911 1912
1911 2178
1911 2077
1912 2077
1912 2178
1912 1913
1913 2178
1914 2078
1914 2080
1914 2032
1915 2179
1915 1917
1915 2079
1916 2086
1916 1920
1917 2078
1917 2080
1917 2179
1918 2180
1919 2082
1920 2085
1920 2086
1921 2086
1921 2085
1922 2184
1922 2087
1922 2088
1923 1924
1923 2090
1923 2088
1924 2088
1925 2185
1926 1927
1926 2099
1927 2096
1929 2188
1929 2102
1929 2101
1929 2189
1930 1932
1933 2193
1933 1934
1934 2193
1934 2194
1934 2195
1935 1936
1935 2107
1936 2107
1937 2110
1937 1939
1938 2108
1942 1943
1944 2112
1952 2116
1953 2117
1955 2119
1957 1971
1958 1960
1961 2122
1964 2123
1965 2124
1966 1968
1969 2129
1970 2127
1972 2128
1973 1977
1973 1978
1973 1974
1974 1975
1974 1978
1974 1977
1975 2007
1976 1979
1977 1978
1980 1983
1982 1983
1989 1992
1991 1992
1991 2138
1995 2139
1996 2139
1997 2001
1998 2000
1998 1999
1999 2000
2002 2004
2003 2130
2004 2006
2007 2142
2009 2144
2011 2146
2012 2146
2013 2014
2015 2151
2017 2152
2021 2023
2024 2157
2025 2030
2027 2159
2027 2158
2028 2158
2028 2159
2029 2039
2029 2036
2030 2157
2031 2032
2031 2158
2031 2159
2031 2160
2032 2153
2032 2078
2033 2041
2033 2034
2034 2038
2035 2042
2035 2040
2035 2037
2036 2039
2037 2040
2037 2084
2037 2042
2037 2162
2039 2042
2040 2162
2040 2042
2040 2161
2042 2162
2044 2045
2044 2047
2044 2164
2044 2165
2045 2164
2045 2165
2047 2165
2048 2049
2050 2167
2051 2166
2051 2093
2052 2058
2052 2166
2052 2054
2053 2167
2053 2093
2053 2091
2053 2166
2054 2058
2055 2168
2055 2057
2056 2168
2056 2057
2057 2168
2057 2169
2058 2097
2059 2062
2059 2061
2060 2170
2061 2062
2062 2171
2064 2065
2068 2194
2068 2195
2069 2071
2070 2071
2071 2175
2073 2074
2074 2176
2077 2178
2078 2179
2078 2080
2080 2160
2082 2084
2082 2162
2083 2181
2083 2182
2083 2089
2085 2086
2087 2184
2088 2184
2089 2181
2089 2182
2090 2186
2091 2093
2091 2092
2091 2185
2092 2093
2093 2166
2094 2096
2097 2169
2098 2099
2100 2187
2101 2102
2105 2106
2107 2110
2116 2118
2121 2122
2125 2126
2129 2130
2152 2174
2154 2155
2158 2159
2159 2160
2177 2178
2181 2182
2188 2189
2193 2195
2194 2195
