0 397
0 326
1 1120
1 836
1 680
2 678
2 401
2 235
2 1039
2 479
3 243
3 329
3 1194
3 764
3 763
3 239
3 838
4 1195
4 484
4 1359
4 328
4 579
5 689
5 158
6 685
6 579
6 11
6 1196
6 327
6 240
6 242
6 331
7 770
7 1041
7 768
7 246
7 162
7 11
7 244
7 242
8 159
8 240
8 331
8 606
8 686
8 37
9 837
9 838
9 485
9 10
9 1194
9 580
9 239
10 580
10 330
10 1356
10 485
10 239
10 1121
11 327
11 579
11 240
11 1196
11 244
11 1197
11 242
12 490
12 839
12 163
12 582
12 584
12 765
12 487
12 1124
13 495
13 846
13 772
13 406
14 1048
14 589
14 15
14 17
15 695
15 590
15 589
16 610
16 775
17 409
17 19
17 589
17 590
18 1270
18 168
18 498
18 411
19 1133
19 413
19 61
19 497
20 696
20 1132
21 22
21 595
21 499
22 698
22 700
22 1212
23 776
23 1054
23 335
23 1275
24 26
25 254
25 702
26 415
27 170
27 595
27 596
27 777
28 175
28 29
28 599
28 1136
28 417
28 504
28 779
28 859
28 30
28 781
29 340
29 781
29 780
29 30
29 1136
29 703
29 341
30 504
30 1136
30 1137
30 175
30 340
30 344
30 781
31 507
31 325
31 33
31 1059
32 508
32 965
32 865
33 782
33 507
33 509
33 966
33 784
33 600
34 1060
34 601
34 785
34 864
34 705
35 967
35 535
35 418
36 536
36 601
36 725
36 1218
37 421
37 710
37 159
37 420
37 1139
37 331
37 686
37 606
38 511
38 512
38 1146
38 604
38 43
38 423
39 180
39 786
39 1285
39 183
39 40
39 182
40 45
40 182
40 516
40 900
40 786
41 607
41 74
41 706
41 709
41 257
41 506
41 605
42 1141
42 710
42 347
42 421
42 969
42 419
42 510
42 420
43 715
43 1222
43 1146
43 423
43 512
43 489
44 1064
44 715
44 712
45 186
45 1065
45 900
45 516
45 260
46 789
46 514
46 261
46 515
47 353
47 263
47 1409
47 973
48 426
48 718
48 518
48 1147
49 51
49 1413
49 609
49 355
50 189
51 609
51 352
52 1294
52 356
52 1153
52 522
52 519
53 358
53 268
54 520
54 369
54 1069
54 792
55 523
55 98
55 427
55 640
56 57
56 524
56 62
57 794
57 60
57 612
57 272
58 194
58 982
58 433
58 720
58 884
59 981
59 882
59 432
59 611
60 272
60 883
60 612
60 433
60 1226
61 497
61 1131
61 881
62 794
62 524
62 1073
63 1077
63 1154
63 795
63 359
64 888
64 615
64 65
64 528
65 528
65 273
65 886
66 887
66 796
66 68
66 529
66 1078
67 434
67 71
67 614
67 796
67 723
68 529
68 530
68 984
69 254
69 253
69 598
69 279
69 962
69 70
70 254
70 436
70 891
70 892
70 598
71 723
71 617
71 434
72 216
72 550
72 1079
72 297
72 360
72 799
73 988
73 1157
73 724
73 199
73 620
73 621
73 533
74 75
74 625
74 607
74 862
74 257
74 706
74 506
75 257
75 625
76 622
76 197
76 362
77 112
78 441
78 440
78 1444
78 895
79 259
79 280
79 994
79 627
80 537
80 802
80 625
81 803
81 282
82 204
83 996
83 626
83 86
83 1082
83 444
83 204
84 443
84 205
84 626
84 85
85 443
85 304
85 203
85 205
86 205
86 996
86 806
86 443
86 626
86 1085
86 1082
87 730
87 630
87 1163
87 731
87 445
87 283
87 287
87 285
88 899
88 285
88 365
88 287
88 364
88 286
88 905
88 903
88 90
88 91
89 811
89 901
89 1308
89 364
89 91
89 810
89 1310
89 206
89 628
89 286
89 732
89 733
89 538
90 1237
90 729
90 903
90 287
90 206
90 904
90 810
90 364
91 732
91 733
91 811
91 364
91 1310
91 901
91 286
92 906
92 634
92 1238
92 207
92 289
93 635
93 910
93 541
94 210
94 1003
94 1004
94 818
94 636
94 291
94 543
94 641
94 448
95 209
95 642
95 636
95 448
95 291
95 818
95 96
96 642
96 816
97 816
97 815
97 1166
97 543
97 368
97 639
97 637
97 734
97 636
98 270
98 640
98 1071
98 523
98 817
99 1167
99 1169
99 912
99 734
99 367
99 542
99 368
99 638
99 641
100 450
100 1091
100 643
101 292
101 452
101 1090
101 449
101 544
102 213
102 370
102 644
103 1005
103 293
103 105
103 214
104 820
104 821
104 647
105 372
105 915
105 1005
105 214
106 1245
106 455
106 647
106 108
107 646
107 215
107 295
107 1248
107 1171
107 471
108 647
108 1245
109 649
109 1009
109 217
109 822
109 298
110 738
110 1094
110 299
110 1010
110 650
111 739
111 300
111 117
111 651
111 825
111 196
112 114
112 656
112 1020
113 220
113 1081
113 651
113 652
113 654
113 1252
113 300
113 1019
113 301
113 378
114 1020
114 1012
114 301
114 1097
114 826
114 464
114 656
114 379
115 461
115 377
115 743
115 919
115 552
115 116
115 1016
115 381
115 1015
116 919
116 1099
116 830
116 226
116 381
116 385
116 746
117 653
117 459
117 300
117 1098
117 739
117 1018
117 825
117 1327
117 655
118 1101
118 1179
118 222
118 555
118 306
118 745
118 119
118 384
118 744
118 658
119 222
119 657
119 1100
119 745
119 660
119 465
119 221
120 383
120 1177
120 1021
120 460
120 306
120 555
121 570
121 1180
121 557
121 467
121 1102
121 313
121 227
121 385
121 752
122 123
122 559
122 307
123 307
123 143
124 662
124 749
124 308
124 925
124 223
124 560
125 126
125 127
125 470
125 645
126 127
126 562
126 470
127 470
127 546
127 224
127 645
128 1109
128 129
128 226
128 830
128 388
128 751
128 566
128 312
128 665
128 664
128 567
129 312
129 567
129 664
129 665
130 473
130 1108
130 929
130 392
130 389
131 387
131 831
131 931
131 475
131 392
131 389
132 941
132 754
132 133
132 934
132 667
132 229
132 568
132 313
132 315
133 315
133 754
133 228
133 229
133 230
133 1259
134 142
134 1183
134 569
134 753
134 942
134 138
135 225
135 666
135 137
135 314
135 1111
135 390
135 1027
135 474
135 671
135 668
136 230
136 667
136 755
136 137
136 1186
136 1185
136 316
136 315
136 939
136 941
136 1338
136 229
137 1027
137 667
137 390
137 1111
137 139
137 474
137 755
137 141
137 668
138 1261
138 1113
138 140
138 938
138 142
138 670
138 669
138 1486
138 316
139 141
139 390
139 755
139 668
140 391
140 669
140 142
140 670
140 938
140 937
140 672
140 1113
141 477
141 940
142 1184
142 939
142 938
142 316
142 230
142 669
143 144
145 944
145 943
145 475
145 393
145 573
145 150
146 572
146 232
146 673
146 147
146 1030
147 1030
147 572
147 232
147 673
148 756
148 231
148 394
148 674
148 1114
148 574
148 945
149 674
149 675
149 394
149 945
150 1489
150 475
150 944
150 234
150 393
151 946
151 756
151 319
152 395
152 317
152 676
152 477
152 476
152 234
152 153
153 676
153 478
153 477
153 476
153 318
153 1031
153 317
153 1188
153 395
154 684
154 680
154 760
154 949
154 157
155 1193
155 683
155 761
155 834
156 235
156 578
156 1192
156 761
156 1345
156 681
157 680
157 949
158 1040
158 762
158 952
158 159
158 689
158 403
159 1361
159 1040
159 331
159 686
159 606
160 684
160 399
160 243
160 760
160 687
161 246
161 162
161 164
161 769
161 1198
161 768
161 770
161 484
161 404
162 244
162 770
162 768
162 246
162 489
163 839
163 840
163 584
163 490
163 765
163 581
164 769
164 486
164 404
164 841
165 493
165 692
165 691
165 773
165 353
165 1204
166 697
166 333
167 1130
167 848
167 250
167 410
167 591
168 410
168 849
168 412
168 592
169 251
169 1050
169 851
170 415
170 854
170 596
171 1214
171 174
171 172
171 855
172 278
172 501
172 436
172 891
173 338
173 416
173 503
173 1215
173 414
173 1276
174 1216
174 597
174 1055
174 415
175 859
175 860
175 324
175 779
175 417
175 504
176 437
176 1058
176 343
176 342
176 704
176 1158
177 968
177 1281
177 708
177 783
177 600
177 866
177 255
178 603
178 179
178 418
178 505
178 1389
179 418
179 256
179 861
179 603
180 511
181 403
181 1220
181 866
181 869
181 708
181 606
181 762
181 238
181 970
182 1283
182 787
182 786
182 1404
183 713
183 1063
183 184
183 186
183 516
184 1065
184 186
184 972
184 713
184 1145
184 1063
184 516
184 351
185 349
185 1062
185 714
185 608
185 874
185 872
185 513
186 351
186 1063
186 1065
186 516
186 972
186 713
186 872
187 289
187 446
187 716
187 878
187 354
187 907
187 264
188 718
188 262
189 978
190 355
190 1292
191 1075
191 525
191 721
191 794
191 193
191 1074
192 531
192 720
192 435
192 1076
192 194
193 1076
193 1075
193 194
193 721
193 274
194 982
194 884
194 1076
194 720
195 278
195 1229
195 722
195 436
195 891
196 1080
196 741
196 739
196 991
197 1442
197 991
197 199
197 200
197 534
197 438
197 620
197 362
198 619
198 1095
198 741
198 374
198 438
198 1251
199 534
199 621
199 620
199 1157
200 534
200 991
200 1302
200 438
200 1080
201 1233
201 624
201 439
201 726
202 284
202 727
202 808
202 206
202 282
203 304
204 444
204 728
204 809
204 995
205 443
205 626
205 1083
206 808
206 904
206 1237
206 810
206 727
206 364
206 903
206 1454
207 290
207 717
207 288
207 354
207 813
207 906
207 1239
207 366
208 1240
208 540
208 997
208 447
208 908
209 911
209 291
209 448
210 291
210 1168
210 1003
210 369
211 545
211 451
211 212
211 819
211 737
211 371
212 644
212 545
212 737
212 913
212 371
212 819
213 370
214 456
214 295
214 646
214 1321
214 915
214 1247
215 456
215 646
215 1171
215 1248
215 471
215 310
215 295
216 1092
216 1473
216 550
216 217
216 296
216 297
217 1093
217 822
217 296
217 297
218 379
218 378
218 301
218 826
218 303
218 302
218 1012
218 917
218 220
218 219
218 654
219 917
219 302
219 303
219 220
219 464
219 826
219 378
219 654
219 379
219 1174
219 1175
220 378
220 826
220 917
220 1476
220 653
220 652
220 655
220 303
220 654
220 302
220 301
221 657
221 465
221 222
221 1100
221 745
222 1100
222 657
222 306
222 745
222 383
222 554
222 660
223 750
223 662
223 559
223 560
223 561
223 386
223 925
224 561
224 470
224 562
224 469
225 671
225 666
225 312
225 930
225 567
225 751
225 388
226 566
226 1099
226 664
226 381
226 751
226 830
226 1109
227 752
227 388
227 1336
227 933
227 314
227 313
227 570
227 1112
227 932
227 566
228 229
228 1184
228 1028
228 569
228 753
228 754
228 1337
229 934
229 315
229 1259
229 939
229 754
229 941
229 230
229 667
229 1186
230 754
230 315
230 316
230 1186
230 1184
230 941
230 939
231 945
231 1114
231 319
231 394
231 674
231 756
231 574
232 675
233 1031
233 478
233 672
233 391
233 320
233 318
233 576
233 937
234 476
234 477
234 317
235 1345
235 401
235 1039
235 578
236 952
236 947
236 834
236 482
236 682
236 238
236 1352
237 507
237 1348
237 683
237 834
237 783
238 403
238 762
238 682
238 970
239 580
239 1194
239 764
239 485
239 1121
239 329
239 838
239 837
240 331
240 1196
240 1351
240 242
240 686
240 685
240 579
240 327
241 330
241 1355
241 483
242 327
242 1360
242 579
242 1197
242 244
243 687
243 838
243 837
243 764
243 689
244 327
244 1041
244 770
244 768
244 246
244 1360
244 1197
245 1363
245 491
245 1144
245 1366
245 247
245 690
245 788
245 842
246 770
246 404
246 484
246 768
246 1198
247 788
247 842
247 690
247 1366
247 1363
247 1144
247 953
248 847
248 694
248 693
248 1047
248 588
249 1046
249 694
249 408
250 699
250 1130
250 591
250 848
251 851
251 1050
252 776
252 853
253 1433
253 1381
253 888
254 892
254 962
254 598
255 711
255 708
255 866
255 600
255 1281
255 1282
255 968
256 344
256 865
256 707
256 1393
256 861
256 863
257 506
257 862
257 705
257 706
257 607
258 868
258 605
258 1143
258 1138
259 709
259 280
259 1140
259 787
259 868
260 1312
260 632
260 284
260 513
260 516
260 900
260 1065
260 872
260 1162
261 1145
261 971
261 1286
261 972
261 871
261 351
261 789
261 514
262 974
262 517
262 975
263 1066
263 426
263 1288
264 716
264 878
264 718
264 1223
264 425
265 1428
265 1072
265 429
265 356
265 271
265 881
266 269
266 980
266 719
266 431
267 522
267 880
267 431
267 980
267 521
267 1070
267 519
268 1414
268 358
270 1071
270 817
270 791
270 523
271 1072
271 356
271 1428
271 881
271 429
272 1226
272 612
272 433
273 528
273 1295
273 984
274 985
274 527
274 721
274 359
275 435
275 453
275 549
276 530
276 1227
276 890
276 1296
276 435
276 529
277 987
277 1155
277 894
278 501
278 722
278 893
279 1155
280 1447
280 801
280 627
280 787
281 304
281 659
281 827
281 382
282 1085
282 727
282 808
282 805
282 806
282 1235
283 1236
283 1087
283 729
283 730
283 630
283 445
284 900
284 804
284 1162
284 632
285 365
285 445
285 731
285 287
285 730
285 630
285 1307
285 1163
285 1455
285 899
286 363
286 1308
286 811
286 902
286 903
286 1456
286 905
286 732
286 287
286 1310
286 364
286 365
287 729
287 630
287 905
287 365
287 904
287 364
287 1307
287 903
287 899
288 1239
288 813
288 366
288 290
288 1315
289 907
289 906
289 446
289 634
290 1068
290 366
290 1239
290 428
290 717
291 636
291 911
291 1004
291 448
292 1090
292 793
292 452
292 544
292 449
293 1466
293 370
294 455
294 454
294 1007
294 915
294 547
295 1171
295 456
295 646
295 471
296 1093
296 297
297 1092
297 1093
298 649
298 373
298 1009
299 738
299 373
299 472
299 823
299 1094
299 650
300 651
300 825
300 739
300 1327
301 378
301 826
301 652
301 1012
301 654
301 917
301 379
301 1019
301 1476
302 303
302 378
302 917
302 1328
302 654
302 655
302 1323
302 653
302 920
302 380
302 1014
303 654
303 920
303 1175
303 917
303 378
303 1323
303 1325
303 380
303 1014
303 1328
304 382
304 659
304 384
305 1178
305 570
305 568
305 832
305 1022
305 828
305 558
305 1254
305 1103
305 556
305 467
305 466
306 383
306 554
306 660
306 557
306 555
306 1101
306 1021
307 559
307 386
307 750
308 560
308 925
308 749
309 469
309 735
309 736
310 471
311 829
311 926
311 1334
311 563
312 930
312 665
312 751
312 666
312 388
312 671
312 566
312 567
313 1336
313 568
313 570
313 752
313 933
313 934
313 314
313 1112
314 1112
314 1336
314 388
314 474
314 752
314 1027
314 934
314 933
314 932
315 939
315 941
315 1186
315 667
315 754
315 1259
315 934
316 1184
316 1186
316 1185
316 669
316 941
316 938
316 939
317 476
317 676
317 395
317 477
317 1188
317 575
318 478
318 395
318 676
318 576
318 1031
319 574
319 756
319 1488
319 393
319 946
319 943
320 391
320 672
320 937
321 398
321 396
321 1034
321 758
321 1117
321 677
322 577
322 757
322 324
322 1033
322 323
322 1191
322 1035
322 679
323 1115
323 1032
323 1033
323 1191
323 1035
323 1341
323 757
323 577
323 679
324 859
324 757
324 479
324 1036
325 1059
325 1264
325 1265
325 835
325 1119
325 1192
326 1118
326 1038
326 397
326 400
327 1197
327 1196
327 579
327 1350
328 330
328 1195
328 484
328 483
328 1358
328 1043
329 764
329 763
329 685
329 688
329 838
329 1121
329 1194
330 485
330 1357
330 1354
330 483
330 1121
331 606
331 686
331 1351
331 1361
331 1362
332 486
332 1123
332 1202
332 767
332 1122
332 841
333 697
333 1271
334 498
334 1373
334 697
334 412
334 1052
334 1271
334 1270
335 699
335 848
335 1375
336 594
336 500
336 776
336 1378
336 701
336 853
337 502
337 414
337 416
338 416
338 414
338 857
338 1276
338 1056
338 1380
339 778
339 1134
339 1057
339 855
339 856
339 857
340 1136
340 703
340 780
340 781
340 341
340 1385
340 963
341 505
341 963
341 781
341 780
342 1217
342 858
342 800
342 1387
342 1158
342 704
343 704
343 1058
343 603
343 963
344 860
344 965
344 1137
344 504
344 1280
344 1279
344 1393
344 865
345 1284
345 711
345 602
345 1396
345 506
345 346
346 1219
346 602
347 420
347 419
347 421
347 510
347 867
347 969
347 348
348 867
348 511
348 420
349 714
349 871
349 350
349 608
349 971
349 874
350 873
350 971
350 871
351 514
351 1063
351 1145
351 713
351 972
352 877
352 790
352 1148
353 773
353 691
353 973
354 716
354 717
354 878
355 609
355 1293
356 1423
356 1294
356 1072
357 792
357 791
357 1152
357 430
358 791
358 719
358 430
358 1224
359 795
359 1427
359 1077
359 889
359 525
360 1435
360 1232
360 1079
360 799
360 616
360 532
361 616
361 797
361 1299
361 798
361 722
362 534
362 622
362 1446
362 991
363 905
363 732
363 902
363 365
363 922
363 1457
363 812
363 1023
364 1310
364 810
364 903
364 811
364 904
364 905
364 365
364 1308
365 899
365 905
365 1456
365 1455
365 731
366 717
366 1239
366 813
367 735
367 451
367 1169
367 542
367 638
367 814
367 914
368 641
368 638
368 639
368 543
368 815
368 734
368 1167
369 1069
369 1168
371 737
371 1091
371 545
371 819
371 913
372 549
372 548
372 453
372 1006
373 738
373 823
373 1009
373 650
374 1251
374 741
374 1095
374 742
374 1011
374 1080
374 619
374 375
375 1011
375 458
375 1173
375 741
375 742
375 1095
375 1475
375 1096
376 380
376 920
376 1253
376 1014
377 461
377 462
377 1016
377 1017
377 743
377 552
378 652
378 1476
378 1252
378 1012
378 917
378 826
378 655
378 654
379 1097
379 463
379 464
379 826
379 1020
379 656
379 1174
379 1012
379 1013
380 1014
380 653
380 1253
380 655
380 920
380 1329
380 459
380 1328
380 551
380 917
381 664
381 830
381 1099
381 1016
381 746
381 1109
381 919
382 921
382 827
382 659
382 384
383 1102
383 555
383 557
383 660
383 385
383 746
383 1021
383 1177
383 554
383 1101
384 744
384 1179
384 659
384 658
385 1102
385 919
385 1099
385 1180
385 557
385 467
385 746
385 1021
385 554
386 559
386 561
386 662
386 750
387 931
387 1110
387 389
387 475
387 392
387 1258
387 831
388 932
388 666
388 930
388 567
388 566
388 1112
388 751
388 671
389 831
389 473
389 929
389 1258
389 1110
390 755
390 1027
390 668
390 671
390 666
390 1111
390 474
391 395
391 670
391 1031
391 478
391 936
391 672
391 937
391 1262
391 1263
392 929
392 931
392 1108
392 1029
393 946
393 573
393 943
393 944
393 756
394 756
394 945
394 1114
394 674
394 574
395 1188
395 476
395 1031
395 477
395 478
395 676
396 1117
396 1116
396 677
396 758
397 759
398 758
398 1117
398 1034
398 678
398 677
399 760
399 684
399 482
399 947
399 687
400 578
400 1343
400 401
400 1038
401 1344
401 1039
401 578
402 479
402 508
402 1037
402 1036
402 1347
402 948
403 1352
403 869
403 970
403 762
403 952
403 1040
404 768
404 486
404 770
404 1198
404 841
404 769
405 583
405 494
405 1266
405 844
405 772
405 1042
405 771
406 495
406 1367
406 846
406 1045
407 845
407 843
407 1045
407 1127
408 1267
408 586
408 954
409 695
409 1049
409 429
409 881
409 590
410 591
411 1272
411 498
411 1052
411 1270
412 1373
412 849
412 413
412 592
412 1270
413 960
413 1133
414 1215
414 416
414 503
414 502
414 961
414 1276
415 854
415 702
415 1277
416 1276
416 502
417 599
417 1033
417 779
417 859
417 964
418 967
418 603
418 1389
419 1141
419 1142
419 969
420 710
420 510
420 606
420 867
420 421
420 1139
421 1220
421 510
421 710
422 870
422 1061
422 875
422 426
423 489
423 512
423 511
423 1041
423 604
423 1222
424 491
424 876
424 1200
425 1223
426 1066
426 518
426 875
426 1288
427 640
428 1164
428 1068
429 1049
429 590
429 1072
429 881
430 791
430 1225
430 1224
430 431
430 1152
431 1225
431 521
431 719
431 980
432 883
432 981
432 882
433 612
433 983
433 982
433 884
433 793
433 1226
434 723
434 796
434 1078
434 617
434 614
435 1227
435 1431
435 530
435 531
436 892
436 891
436 1229
437 1158
437 621
437 1301
437 895
438 741
438 619
438 1302
438 1080
438 991
438 1443
438 534
439 441
439 726
439 896
440 726
440 535
440 967
440 895
440 1304
441 1303
441 895
442 628
442 1305
442 733
442 901
442 993
442 538
442 1083
443 626
444 995
444 809
444 728
445 1163
445 731
445 1307
445 730
445 630
446 907
447 998
447 540
447 1314
447 909
447 908
448 1004
448 818
448 642
448 1166
448 911
448 636
448 543
449 884
449 1090
449 720
449 544
449 793
450 1464
450 1091
450 643
451 914
451 814
451 638
451 546
452 643
452 913
452 1463
452 1090
452 544
452 1318
452 526
453 549
453 1006
453 548
454 1007
454 548
454 455
454 821
455 547
455 647
455 1470
455 1007
455 821
456 1466
456 1246
456 646
456 1247
456 1321
457 547
458 1173
458 1475
458 1172
458 1250
458 740
458 1096
458 1011
459 1018
459 655
459 653
459 1098
459 1329
459 551
459 1172
460 918
460 919
460 1477
460 1324
460 743
460 1177
460 461
460 1015
460 553
461 1174
461 743
461 1326
461 1015
461 1016
461 553
462 552
462 1016
462 1017
463 555
463 553
463 1324
463 1176
463 1013
463 656
463 464
463 1097
463 921
463 1020
463 918
464 1174
464 918
464 1013
464 1020
464 1324
464 1097
464 826
464 553
465 745
465 658
466 660
466 556
466 1178
466 558
466 657
466 828
466 1103
466 1022
466 1100
467 1178
467 554
467 832
467 570
467 752
467 568
467 1103
467 1102
467 1022
467 660
467 1254
467 557
467 1180
467 556
468 631
468 1481
468 1181
468 661
469 736
469 735
470 562
471 1248
471 1171
472 928
472 1107
472 1094
472 738
472 1024
473 1108
473 1110
473 1258
473 929
474 671
474 668
474 1027
474 755
474 666
474 667
474 1112
474 1111
475 944
475 931
476 676
476 1188
476 477
476 940
476 1187
477 1188
477 940
477 936
477 1187
478 937
478 1188
478 576
478 1031
478 676
478 1263
479 948
479 1036
479 1039
479 1347
480 759
480 1339
481 950
481 1342
482 947
482 1193
482 682
483 1355
484 1359
484 1195
484 1198
484 1199
484 1043
484 579
485 580
485 1121
485 1357
485 1356
485 1354
485 838
486 1122
486 953
486 769
486 1202
486 841
487 490
487 582
487 1364
488 581
488 583
488 1044
489 1222
489 1041
490 584
490 582
490 765
490 1124
490 766
490 839
491 767
491 876
491 1363
491 788
491 1200
491 842
491 690
491 1126
491 1125
492 956
492 586
492 1268
492 954
493 773
493 692
493 691
493 1204
494 495
494 844
494 1042
494 1266
494 583
494 772
494 771
495 771
495 772
495 1367
495 844
495 846
496 1269
496 693
496 1369
496 774
496 955
497 881
497 1131
497 1273
497 1426
498 1270
498 697
498 1052
499 852
499 698
500 776
500 1053
501 893
501 778
503 1215
503 961
503 1276
503 1382
504 1137
504 1136
504 1279
504 860
505 1137
505 1058
505 1389
505 603
506 862
506 607
506 706
506 1396
506 605
507 783
507 782
507 1059
507 1265
507 1264
507 784
508 865
508 1349
508 965
508 1037
508 1280
509 1392
509 782
509 784
509 707
509 966
509 863
510 969
510 710
510 1141
511 867
511 1146
511 604
512 715
512 1221
512 1222
512 1146
513 714
513 1312
513 632
513 1065
513 1408
513 1062
513 872
513 608
513 1407
514 972
514 1405
514 1286
514 1145
514 1064
515 870
515 875
515 873
515 789
515 1406
516 1400
516 872
516 900
516 1063
516 786
516 1065
517 974
517 1067
517 976
517 975
518 1147
519 1422
519 1070
519 1153
519 522
519 521
520 1069
520 1425
520 792
520 1244
521 610
521 880
521 980
521 1070
522 1070
522 1072
522 1422
522 1423
523 817
523 1071
523 640
524 1073
524 1426
525 1074
525 1075
525 794
526 643
526 885
526 613
526 983
526 793
526 1318
527 721
527 1228
527 985
528 1295
529 530
529 1296
529 614
530 890
530 1296
530 1227
531 1076
531 1431
531 720
532 894
532 1232
533 1159
533 988
533 621
533 1156
533 724
533 800
533 990
534 991
534 620
534 1442
535 967
535 1304
535 624
536 601
536 1218
536 725
536 624
537 994
537 802
537 607
537 625
537 1306
538 1310
538 733
538 628
538 993
538 811
538 1083
538 901
538 1305
538 806
539 812
539 631
539 1309
539 1086
540 908
540 997
540 1314
541 910
541 1313
541 1316
541 635
542 1167
542 1170
542 1169
542 1089
542 638
542 912
542 641
543 1004
543 641
543 636
543 818
543 734
543 815
543 1166
543 1462
544 643
544 793
544 1463
544 1090
545 819
545 737
545 1170
546 645
546 914
546 814
547 1470
548 1006
548 549
549 1006
550 1092
550 648
550 1473
550 1472
550 1079
550 799
551 1014
551 655
551 1172
551 653
551 1098
551 1329
551 1018
552 1109
552 664
552 1017
552 1016
553 1015
553 918
553 743
553 1324
553 1174
554 746
554 1021
554 1102
554 557
554 660
555 921
555 1021
555 1101
555 1478
555 1330
555 1176
555 744
556 1103
556 570
556 832
556 568
556 1022
556 558
556 1254
556 1178
556 828
557 570
557 746
557 1021
557 1102
557 1180
557 1177
558 571
558 828
558 832
558 1103
558 1022
558 1178
559 662
559 750
560 662
560 749
560 925
561 750
561 562
563 829
563 926
564 565
564 1106
564 1335
565 1182
565 1335
565 663
566 930
566 932
566 830
566 664
566 751
566 1099
567 751
567 930
567 665
568 1178
568 1022
568 570
568 1254
568 828
568 752
568 832
568 571
569 1183
569 1184
569 753
570 832
570 1254
570 752
570 1336
570 1102
570 933
570 1178
570 1180
571 1028
571 1337
571 828
571 1022
572 673
572 1029
572 1030
573 943
573 1487
573 1029
573 673
574 674
574 1114
574 945
574 756
575 1490
575 1189
576 833
576 1031
577 679
577 1190
577 677
577 1191
577 1032
577 1035
577 1115
578 681
578 1343
578 1344
578 1345
578 761
579 685
579 1350
579 1359
579 1196
579 688
579 1195
580 1356
580 837
581 1042
581 1044
581 583
581 584
582 765
582 1124
582 584
582 839
583 844
583 1044
583 772
584 765
584 839
584 1042
584 1124
584 840
585 1268
585 1127
586 954
586 956
587 1047
587 1369
587 693
587 847
588 1129
588 1046
588 694
588 959
589 695
589 1048
590 775
590 695
590 1049
591 1130
591 848
592 1051
592 849
593 698
593 852
593 1213
594 701
594 1377
594 1378
595 596
595 777
595 1374
596 1374
596 777
597 1379
597 1055
597 1216
597 857
598 962
598 892
599 779
599 1383
599 964
599 1033
600 966
600 968
600 784
600 1390
600 783
600 708
600 1281
600 866
601 1218
601 725
601 785
602 1396
602 1398
602 1284
602 711
603 1058
603 1389
604 1360
604 1041
604 1401
605 1403
605 709
605 1138
605 607
605 868
605 1143
606 686
606 1139
606 710
606 869
606 1220
606 1361
606 1362
607 709
607 625
607 706
608 871
608 872
608 972
608 874
608 1408
608 1062
608 1407
608 714
609 1413
609 1067
609 1149
609 1411
609 1293
610 1049
610 775
610 1070
610 880
610 1420
610 1421
611 981
611 882
611 792
612 982
612 883
612 1226
613 885
613 882
613 981
615 888
615 1433
615 1430
616 1435
616 1432
616 1231
616 798
616 797
617 1436
617 723
618 1435
618 1298
618 1432
618 1231
619 1080
619 1095
619 1302
619 1251
619 1300
619 741
619 1443
619 742
620 1157
620 1442
621 1159
621 1301
621 988
622 1446
622 1161
622 1160
623 992
623 1160
623 897
623 896
623 1161
623 898
624 1233
624 726
625 802
626 806
626 996
626 1085
626 1082
627 801
627 1448
627 807
627 1447
627 1449
627 803
627 787
628 806
628 901
628 808
628 1310
628 810
628 993
628 1305
628 733
628 811
628 1083
629 874
629 1236
630 730
630 731
630 729
630 1087
630 1455
630 1307
630 1163
631 1309
631 1181
631 812
632 1312
632 1087
632 1162
633 999
633 1242
633 634
633 1241
634 906
634 1458
634 1238
634 1242
635 1001
635 1317
635 1316
635 910
635 1002
636 642
636 1004
636 1166
636 815
636 818
636 734
636 1462
637 736
637 639
638 735
638 914
638 1169
638 814
638 1167
639 735
639 734
639 736
639 815
640 817
640 911
641 1089
641 1167
641 1462
641 912
641 734
642 1166
642 1004
642 818
642 816
643 885
643 1318
643 1091
644 737
644 645
646 1321
646 1171
646 1246
646 1247
647 1468
647 821
647 1320
647 1245
648 1249
649 1009
649 824
649 1471
650 738
650 1009
650 1010
650 1094
651 1019
651 1161
651 825
651 739
651 1081
651 1252
651 652
651 1327
652 1252
652 1081
652 1476
652 1012
652 654
652 1019
653 1014
653 1329
653 655
653 1328
653 654
653 1018
653 1098
653 917
654 917
654 1476
654 1252
654 1323
654 1014
654 1012
654 826
654 655
655 1328
655 1098
655 1014
655 1327
655 1476
655 1252
655 1018
655 917
656 1013
656 1020
656 827
656 1097
657 1100
657 660
657 1103
658 744
658 745
658 1179
658 1479
658 1101
659 827
660 1102
660 1100
660 745
660 1021
660 1103
661 1331
661 1181
661 1481
662 925
662 749
662 750
663 1484
663 1182
663 928
664 1017
664 751
664 665
664 830
664 1109
665 751
666 671
666 930
667 755
667 1185
667 1027
667 1111
667 934
667 939
667 941
667 1338
667 1186
668 755
668 1111
668 1027
669 1262
669 1260
669 1185
669 670
669 936
669 935
669 938
670 672
670 937
670 938
670 1113
670 936
670 1263
670 1262
671 930
671 751
671 1112
672 1113
672 1263
672 937
673 675
673 1030
673 1029
674 1114
674 945
674 675
675 945
676 1188
676 1031
677 758
677 1117
677 1190
677 679
677 1034
678 1340
678 1034
678 1039
679 1115
679 1190
679 1191
679 757
679 1032
679 1035
680 1120
680 684
680 949
680 760
680 836
681 951
681 836
681 1346
681 761
681 1120
682 1352
682 1348
682 952
682 683
682 947
682 834
682 762
683 1264
683 1265
683 834
683 1193
683 1348
684 687
684 760
685 763
685 1350
685 688
685 1196
686 1361
686 1139
686 1351
686 1362
687 947
687 689
687 760
688 838
688 764
688 763
689 952
689 1040
689 947
690 1200
690 1126
690 1125
690 1366
690 1363
690 842
690 788
690 767
691 973
691 692
691 1204
691 773
692 1204
692 973
692 1205
693 955
693 1047
693 847
693 1369
694 959
694 1046
695 1049
695 775
696 850
697 1052
697 1271
698 1053
698 852
699 1130
699 1375
699 848
700 1212
701 1378
701 853
702 1277
703 781
703 780
703 1135
703 1385
703 1384
703 1386
704 1387
704 800
704 1058
704 1158
704 1217
704 963
705 785
705 1060
705 1219
705 862
706 862
706 1396
707 861
707 863
707 865
707 1392
708 1281
708 866
708 1220
708 1282
708 970
709 1140
709 868
709 1138
709 1143
709 1403
710 869
710 1220
710 1139
711 1282
711 1284
711 1398
712 870
712 788
712 1405
712 1144
712 1064
713 1145
713 1287
713 1063
714 872
714 1408
714 1062
714 874
714 1236
714 1311
715 1222
715 1221
715 1405
715 1144
716 1223
716 878
716 907
717 1412
717 1239
717 975
717 878
718 974
718 1223
718 1147
719 980
720 884
720 1076
721 985
721 1076
721 1075
722 893
722 1299
722 1229
724 988
724 990
724 1157
724 1159
724 1441
725 1218
726 1233
727 808
727 810
727 1235
727 1454
727 1453
728 995
728 1084
728 802
728 809
728 803
728 994
729 730
729 904
729 903
729 1237
729 1307
729 1087
730 1307
730 1236
730 1311
730 1163
730 1087
731 1455
731 899
731 1163
731 1307
731 1086
732 1310
732 901
732 1456
732 902
732 1457
732 905
732 1332
732 811
732 1308
732 922
732 1023
732 733
733 993
733 922
733 1023
733 901
733 1332
733 811
733 1310
734 1166
734 1462
734 1167
734 912
734 815
735 736
735 814
735 1169
737 913
737 819
738 1010
738 1094
739 741
739 825
740 1250
740 1475
740 1173
740 1011
740 1096
741 1251
741 1443
741 1080
741 1095
742 1011
742 1095
742 1251
742 1475
742 1173
743 919
743 1326
743 1015
743 1016
743 1174
744 745
744 1176
744 921
744 1330
744 1479
744 1101
744 1179
744 1478
745 1479
745 1179
745 1101
745 1100
746 919
746 1021
746 1477
746 830
746 1177
746 1102
746 1099
747 922
747 1023
747 1331
748 1181
748 1104
749 925
751 932
751 930
751 830
751 1109
752 1112
752 1254
752 1336
752 933
752 932
752 832
752 1180
753 1183
753 1184
753 754
754 939
754 1028
754 1259
754 941
754 1337
754 1186
754 1184
754 934
755 1111
755 1338
755 1027
755 1185
756 1114
756 946
757 1341
757 1191
757 1033
757 1035
757 1115
757 779
757 859
758 1034
758 1116
758 1117
758 1190
759 1339
761 1346
761 951
761 1192
761 1345
761 1193
762 1353
762 1352
762 952
762 869
762 970
762 1040
763 838
763 1194
763 764
764 1194
764 838
764 837
765 839
765 1124
765 840
766 1365
766 769
766 839
766 1202
767 1126
767 1125
767 1123
767 842
767 1122
768 1198
768 770
768 953
769 1202
769 841
769 1365
769 1043
769 1198
769 1122
770 1198
771 1367
771 844
771 772
772 844
773 1267
773 1204
774 1269
775 1049
775 1421
776 853
776 1274
776 1054
778 893
778 856
778 1278
778 1134
778 1057
779 1341
779 859
779 964
779 1033
780 1384
780 1385
780 781
780 1135
780 1136
780 963
781 1384
781 1137
781 1136
781 1135
781 1385
782 784
782 966
782 1392
783 1281
783 968
783 784
783 866
783 1391
783 1390
784 968
784 966
784 1390
784 1392
785 1060
785 1218
785 864
785 1219
785 1395
786 1285
786 1283
786 1404
787 1140
787 807
787 1283
787 1404
787 801
787 804
788 1200
788 1144
788 876
788 1366
788 1363
788 842
789 873
789 870
789 1286
789 1064
789 971
789 1406
790 1148
791 1152
791 1224
791 1071
791 1225
792 1069
792 1425
793 983
793 1090
793 884
793 982
794 1075
794 1074
795 1427
795 1077
795 889
796 887
796 1078
797 1432
797 1231
797 798
797 1230
798 1230
798 1231
798 1299
799 1079
799 1435
799 1232
800 858
800 1217
800 1440
800 1156
800 1159
800 1158
801 1448
801 1283
801 1234
801 804
801 1449
801 1404
801 807
801 1447
802 995
802 1306
802 994
803 1449
803 1450
803 1084
803 995
803 1452
804 1404
804 900
804 1400
804 1234
804 807
804 1448
805 1451
805 996
805 1235
805 1450
805 1085
805 1082
805 808
805 806
806 1085
806 1450
806 1451
806 1235
806 996
806 808
806 1305
807 1234
807 1404
807 1447
807 1448
807 1449
808 904
808 1235
808 901
808 810
808 1454
808 1305
808 1310
809 995
809 1452
810 904
810 1308
810 1454
810 901
810 1305
810 903
810 811
810 1237
810 1310
811 993
811 901
811 902
811 1305
811 1310
811 905
811 1308
812 1309
812 1457
813 1239
813 1315
813 906
814 914
814 1169
815 1166
815 1167
815 1004
815 816
815 818
816 818
816 1166
817 1168
817 911
817 1071
818 1166
818 1004
819 913
820 1468
820 1467
820 1320
820 1319
821 1007
822 1320
822 1010
822 1245
822 1093
823 1009
823 1471
824 1008
824 1092
824 1473
825 1327
826 1175
826 1012
826 917
826 1476
826 1174
827 1020
827 921
827 1013
828 1178
828 1022
828 832
828 1103
828 1028
829 926
829 1485
829 1334
830 1099
830 1109
830 919
830 932
831 1258
831 929
831 1110
832 1103
832 1022
832 1254
832 1178
832 1180
834 1264
834 1348
834 1193
835 1265
835 1264
835 1119
835 1349
835 1192
835 1059
836 951
836 1120
837 838
837 1194
838 1194
838 1121
838 1356
839 1124
839 1365
840 1042
840 1124
840 1266
841 1122
841 953
841 1202
842 1366
842 1126
842 1363
842 1200
843 845
843 1127
843 1045
844 1042
845 1045
845 1127
846 1203
846 1045
847 1369
847 956
847 1047
848 1130
848 1375
849 1051
850 851
850 1077
851 1050
853 1054
853 1274
855 1057
855 1214
855 857
856 1134
856 1057
857 1055
857 1057
857 1056
857 1379
857 1216
858 1217
858 1440
858 1387
858 1388
859 1341
859 1033
860 1280
860 1036
860 965
860 1279
861 865
861 1393
861 863
863 1392
863 865
864 1395
864 1394
864 1060
864 1219
865 1280
865 1393
865 965
866 1220
866 1281
866 869
866 970
866 968
866 1282
867 1139
867 1401
868 1143
868 1403
868 1402
868 1138
868 1140
869 1220
869 970
870 1064
870 876
870 875
870 1061
871 873
871 971
871 972
872 1407
872 1312
872 1065
872 1062
872 972
872 1408
873 1406
873 971
874 1311
874 1236
874 1062
875 1061
876 1061
876 1200
877 1289
877 1148
878 975
878 907
879 1150
879 1151
879 977
879 978
880 1070
880 980
880 1420
881 1426
881 1072
881 1428
881 1273
882 981
883 1429
883 1226
884 1076
884 982
885 1318
886 887
887 1078
888 1433
888 1430
889 1154
889 1077
889 1427
890 1296
890 1322
891 1229
891 892
892 962
893 1278
893 1438
894 987
894 1434
895 1444
895 1301
895 1303
896 897
896 898
896 992
896 1160
896 1233
897 992
897 1160
897 898
897 1233
898 1445
898 992
899 1456
899 1455
899 1457
899 905
900 1234
900 1400
900 1162
900 1404
901 1305
901 1308
901 1083
901 1310
901 993
902 1457
902 922
902 1456
902 1332
902 1023
902 905
903 1237
903 1087
903 1307
903 905
903 1308
903 904
904 1087
904 1308
904 1454
904 1237
905 1457
905 1456
905 1455
905 1308
906 1458
906 1238
908 1314
908 909
908 998
909 998
909 1314
909 1256
910 1313
910 1001
910 1316
910 1317
911 1004
912 1169
912 1167
912 1089
912 1462
913 1463
914 1169
915 1247
915 1007
916 1008
916 1471
917 1012
917 1328
917 1323
917 1175
917 1476
917 1014
918 1174
918 1176
918 1013
918 1015
918 1097
918 1324
918 921
919 1477
919 1099
919 1177
919 1015
920 1325
920 1253
920 1323
920 1014
920 1175
920 1328
921 1330
921 1020
921 1176
921 1478
921 1097
921 1013
922 1457
922 1332
922 1023
923 924
923 1482
924 1482
924 1255
926 1026
926 1334
926 1485
927 1026
927 1025
928 1182
928 1484
928 1107
928 1024
929 1258
929 1108
929 1110
930 932
930 1112
931 1487
931 1029
931 1258
932 1336
932 1112
932 933
933 1112
933 1180
933 934
933 1336
934 1027
934 1259
934 1186
934 941
935 1338
935 936
935 1185
935 1187
935 1260
935 940
935 1262
936 1260
936 1188
936 1187
936 937
936 940
936 1262
936 1263
937 1031
937 1262
937 1263
938 1262
938 1261
938 1113
938 1486
938 939
939 1259
939 1185
939 1186
939 941
939 1184
940 1187
940 1260
940 1188
940 1262
941 1185
941 1186
941 1338
941 1259
942 1113
942 1261
942 1486
942 1183
943 1029
943 946
943 1489
943 1487
943 944
944 1488
944 1489
944 946
945 1114
946 1488
946 1489
947 952
948 1347
948 1037
948 1036
949 1342
950 1038
950 1342
951 1120
951 1346
951 1193
952 1353
952 1352
952 1040
953 1122
953 1366
954 956
955 1369
955 1268
955 1269
956 1268
957 979
957 1416
957 1368
958 1129
958 1415
959 1046
959 1290
960 1131
960 1050
960 1133
961 1215
961 1382
961 1276
962 1381
963 1058
963 1217
963 1387
964 1341
964 1383
964 1115
964 1033
965 1280
965 1393
966 1390
966 1392
967 1397
967 1304
968 1281
968 1391
968 1390
968 970
969 1141
969 1142
970 1220
970 1281
971 1406
972 1145
972 1408
972 1407
973 1409
974 975
975 1412
976 1411
976 1067
976 1412
976 1068
977 1150
977 1151
977 978
977 1417
977 1418
978 1418
978 1417
978 1151
978 1150
979 1416
979 1151
980 1070
982 1226
982 1076
982 983
983 1226
983 1090
984 1228
984 1295
985 1431
985 1228
986 987
986 1297
987 1155
987 1434
988 1159
988 1157
988 990
988 1441
989 1441
989 1157
990 1441
990 1156
991 1442
991 1302
991 1080
991 1443
992 1445
993 1083
993 1305
994 1306
995 1084
996 1450
996 1451
996 1452
996 1085
996 1082
996 1235
997 1315
997 1240
997 1458
998 1256
998 1314
999 1459
999 1242
1000 1460
1000 1165
1000 1243
1000 1461
1001 1316
1001 1317
1001 1088
1001 1002
1002 1317
1003 1168
1003 1462
1004 1462
1004 1166
1005 1465
1005 1469
1005 1247
1006 1465
1008 1471
1009 1471
1010 1094
1011 1173
1011 1096
1011 1095
1011 1250
1011 1475
1012 1476
1012 1019
1013 1097
1013 1020
1013 1176
1013 1324
1014 1253
1014 1328
1014 1329
1014 1323
1014 1325
1014 1175
1015 1177
1015 1016
1015 1326
1015 1324
1015 1174
1015 1477
1016 1326
1016 1109
1016 1017
1017 1109
1018 1327
1018 1329
1018 1098
1018 1172
1019 1081
1019 1476
1019 1252
1020 1097
1021 1102
1021 1101
1021 1177
1021 1330
1021 1477
1022 1254
1022 1178
1022 1103
1023 1457
1023 1332
1024 1257
1024 1484
1025 1257
1026 1485
1027 1338
1027 1111
1027 1112
1028 1259
1028 1337
1029 1487
1029 1030
1030 1487
1031 1263
1031 1188
1032 1035
1032 1191
1032 1115
1033 1191
1033 1115
1033 1341
1034 1340
1034 1117
1035 1191
1035 1115
1037 1119
1037 1349
1037 1347
1038 1343
1038 1118
1039 1344
1039 1345
1039 1347
1040 1353
1040 1352
1040 1361
1041 1197
1041 1360
1042 1266
1043 1198
1043 1199
1045 1127
1045 1367
1046 1129
1049 1421
1051 1132
1052 1373
1052 1270
1052 1271
1054 1274
1054 1275
1055 1056
1055 1379
1055 1216
1056 1276
1056 1057
1056 1380
1057 1380
1057 1134
1058 1389
1059 1265
1059 1264
1059 1349
1060 1394
1060 1395
1060 1219
1062 1407
1062 1408
1062 1312
1062 1311
1063 1287
1063 1065
1063 1285
1063 1145
1064 1286
1064 1405
1065 1408
1065 1407
1065 1312
1066 1410
1066 1288
1066 1409
1067 1149
1067 1411
1067 1068
1068 1164
1068 1411
1069 1244
1069 1425
1070 1422
1070 1421
1071 1224
1072 1428
1072 1422
1072 1294
1072 1423
1073 1131
1074 1075
1076 1431
1077 1154
1077 1427
1079 1232
1079 1435
1079 1473
1079 1472
1080 1443
1080 1302
1080 1251
1081 1252
1081 1161
1082 1450
1082 1085
1082 1451
1082 1452
1083 1305
1084 1449
1084 1450
1084 1452
1085 1452
1085 1451
1085 1235
1085 1450
1086 1309
1087 1307
1087 1237
1088 1333
1089 1170
1090 1463
1090 1318
1091 1464
1091 1318
1092 1093
1092 1473
1092 1474
1092 1472
1093 1474
1095 1251
1095 1173
1095 1475
1096 1172
1096 1173
1096 1475
1096 1250
1097 1324
1098 1172
1098 1252
1098 1327
1099 1177
1099 1109
1100 1103
1100 1479
1100 1101
1101 1479
1101 1179
1101 1330
1101 1176
1101 1478
1102 1180
1102 1254
1103 1178
1103 1254
1104 1255
1104 1181
1105 1256
1106 1335
1107 1484
1107 1182
1108 1258
1108 1110
1110 1258
1111 1112
1111 1338
1112 1336
1113 1261
1113 1486
1115 1341
1115 1191
1119 1349
1119 1345
1119 1192
1121 1356
1121 1354
1121 1194
1121 1357
1122 1202
1122 1123
1123 1202
1123 1125
1123 1126
1125 1126
1126 1363
1127 1268
1128 1206
1128 1368
1129 1370
1131 1426
1133 1273
1135 1384
1135 1385
1135 1386
1136 1137
1136 1385
1137 1279
1137 1393
1138 1403
1138 1402
1138 1143
1138 1140
1139 1401
1139 1361
1139 1362
1140 1143
1140 1402
1141 1142
1141 1402
1142 1399
1143 1402
1143 1403
1144 1363
1144 1366
1145 1286
1145 1407
1146 1287
1146 1222
1146 1221
1147 1223
1148 1289
1150 1151
1150 1416
1151 1416
1152 1225
1152 1224
1152 1153
1153 1423
1153 1294
1155 1297
1156 1440
1156 1159
1157 1441
1158 1301
1158 1159
1158 1440
1158 1217
1159 1440
1159 1301
1160 1161
1160 1446
1162 1453
1162 1312
1163 1307
1163 1455
1164 1460
1165 1460
1165 1292
1166 1462
1167 1169
1169 1170
1170 1464
1171 1248
1172 1250
1172 1327
1172 1329
1173 1250
1173 1475
1174 1175
1174 1326
1174 1324
1174 1323
1175 1253
1175 1325
1175 1323
1175 1328
1175 1326
1176 1478
1176 1324
1176 1330
1177 1477
1178 1254
1178 1180
1179 1479
1179 1330
1179 1478
1180 1336
1180 1254
1181 1309
1182 1484
1182 1335
1183 1184
1183 1261
1184 1486
1184 1186
1184 1259
1185 1338
1185 1186
1185 1260
1186 1338
1186 1259
1187 1262
1187 1188
1189 1490
1191 1341
1192 1346
1192 1345
1193 1346
1193 1348
1194 1356
1195 1196
1195 1359
1195 1358
1195 1350
1195 1199
1196 1359
1196 1350
1196 1197
1197 1360
1197 1350
1198 1199
1200 1363
1201 1364
1201 1355
1202 1365
1206 1368
1206 1371
1207 1370
1207 1208
1209 1372
1210 1211
1211 1420
1215 1276
1215 1382
1216 1379
1217 1388
1217 1387
1218 1397
1219 1395
1220 1282
1221 1405
1221 1222
1221 1287
1224 1225
1228 1295
1229 1434
1230 1231
1230 1437
1231 1432
1231 1435
1232 1435
1234 1404
1234 1400
1234 1448
1234 1283
1235 1450
1235 1451
1236 1311
1237 1454
1237 1453
1238 1458
1239 1412
1240 1315
1240 1313
1241 1242
1242 1459
1243 1461
1243 1460
1244 1425
1245 1320
1245 1468
1246 1469
1246 1466
1246 1247
1246 1321
1247 1469
1247 1321
1250 1475
1251 1443
1251 1302
1251 1300
1252 1476
1252 1327
1253 1328
1253 1323
1253 1325
1255 1482
1257 1484
1259 1337
1260 1262
1260 1338
1261 1486
1262 1263
1264 1265
1265 1391
1267 1289
1269 1369
1270 1373
1271 1373
1274 1275
1275 1375
1276 1382
1276 1380
1277 1376
1278 1439
1278 1438
1279 1280
1279 1393
1281 1391
1281 1390
1281 1282
1282 1284
1282 1398
1283 1404
1284 1398
1284 1396
1285 1287
1285 1399
1286 1405
1288 1410
1288 1409
1290 1415
1291 1419
1293 1411
1293 1413
1294 1423
1294 1422
1300 1443
1300 1302
1301 1303
1302 1442
1302 1443
1303 1444
1304 1397
1305 1310
1307 1455
1308 1310
1308 1454
1308 1456
1312 1408
1313 1316
1315 1458
1316 1317
1319 1468
1319 1467
1319 1320
1320 1467
1320 1468
1321 1466
1321 1469
1323 1328
1323 1325
1324 1477
1325 1326
1325 1328
1328 1329
1330 1477
1330 1478
1331 1481
1331 1480
1333 1483
1334 1485
1343 1344
1343 1345
1344 1345
1344 1347
1345 1346
1348 1352
1350 1359
1351 1353
1351 1361
1351 1362
1353 1361
1354 1356
1354 1357
1356 1357
1358 1359
1361 1362
1362 1401
1363 1366
1371 1372
1376 1377
1377 1378
1381 1433
1383 1384
1384 1385
1384 1386
1389 1393
1390 1391
1394 1395
1394 1397
1396 1403
1400 1404
1402 1403
1407 1408
1409 1410
1411 1413
1414 1417
1414 1418
1415 1416
1417 1418
1417 1424
1418 1419
1421 1422
1422 1423
1426 1428
1430 1433
1432 1435
1438 1439
1447 1448
1447 1449
1448 1449
1450 1452
1450 1451
1451 1452
1453 1454
1455 1456
1456 1457
1465 1469
1467 1468
1472 1473
1473 1474
1478 1479
1480 1481
1488 1489
