0 681
0 266
0 172
0 375
0 170
0 269
1 267
1 35
1 171
1 170
1 269
2 376
2 390
2 682
2 267
2 496
3 270
3 6
3 685
3 480
4 174
4 479
4 684
4 173
4 6
5 173
5 380
5 177
5 479
5 7
5 271
5 8
5 797
6 270
6 684
7 380
7 8
7 271
7 181
7 173
8 173
8 181
8 380
9 378
9 686
9 377
9 176
9 587
10 273
10 379
11 382
11 274
11 273
11 484
12 380
12 482
12 484
12 274
12 590
13 505
13 179
13 14
14 179
14 689
14 180
14 383
14 591
14 400
15 687
15 178
16 382
16 182
16 379
17 19
17 275
18 690
18 276
18 185
19 23
19 186
19 692
19 691
20 24
20 595
20 384
20 693
21 277
21 809
21 512
21 594
21 381
21 593
21 592
22 296
22 487
22 485
23 692
23 184
23 691
24 485
24 276
24 595
24 384
25 28
25 26
25 189
26 32
26 28
27 187
27 488
27 387
28 387
28 486
28 32
29 694
29 388
29 596
29 187
29 30
29 63
30 596
30 486
30 387
30 63
31 487
31 798
31 188
32 486
33 504
33 41
33 599
33 705
34 498
34 492
34 279
34 600
35 491
35 267
35 495
35 171
36 698
36 191
36 697
37 193
37 702
37 272
37 503
37 38
38 603
38 394
38 503
38 192
38 702
38 45
39 396
39 286
39 499
40 286
40 288
40 609
40 606
41 287
41 504
41 705
42 396
42 285
42 803
42 704
43 395
43 604
43 627
43 808
43 807
43 309
43 288
44 311
44 501
44 309
45 801
45 192
45 686
46 47
46 507
46 403
46 200
46 397
46 400
47 507
47 200
47 805
47 403
47 804
47 400
48 607
48 401
48 292
48 708
49 196
49 519
49 204
49 515
49 706
49 810
49 709
50 295
50 608
50 710
50 52
51 294
51 608
51 398
52 707
52 506
52 293
52 510
52 291
52 53
53 707
53 539
53 511
53 291
53 506
53 55
53 293
53 197
54 201
54 55
54 508
54 402
54 511
54 314
55 508
55 201
55 293
55 511
55 402
56 407
56 711
57 62
57 409
57 408
57 300
58 299
58 60
58 516
58 610
59 713
59 299
59 409
60 634
60 516
60 299
61 406
61 714
61 205
61 433
61 521
62 299
62 408
63 522
63 695
63 716
63 411
63 206
64 413
64 68
64 69
64 712
65 69
65 717
65 207
65 613
65 812
66 813
66 70
66 67
66 207
67 70
68 413
68 69
69 717
69 812
70 718
70 414
70 813
70 526
71 616
71 416
71 617
71 528
72 74
72 418
72 73
72 492
73 492
73 418
73 74
74 419
74 814
75 621
75 721
75 214
75 628
75 305
76 619
76 210
76 622
76 304
77 305
77 621
77 623
77 721
78 304
78 211
78 215
78 529
79 620
79 644
79 81
79 306
79 531
79 624
79 120
79 723
80 334
80 215
80 332
80 82
80 216
80 532
81 620
81 623
81 723
81 212
81 531
82 308
82 722
82 724
82 211
82 529
82 530
82 212
83 628
83 815
83 220
83 729
84 726
84 815
84 311
85 91
85 87
85 731
85 86
86 87
86 88
86 731
86 91
86 735
87 91
87 735
87 88
87 731
88 732
88 90
88 91
88 221
88 727
89 533
89 219
89 218
89 535
90 96
90 734
90 319
90 221
90 728
90 732
90 421
91 725
91 731
91 730
91 727
92 542
92 399
92 627
92 99
92 630
93 537
93 435
93 225
93 317
93 432
93 318
93 536
94 314
94 426
94 737
94 539
95 428
95 430
95 542
95 629
96 629
96 430
96 740
96 428
96 431
96 319
97 222
97 637
97 631
97 423
97 544
97 538
98 142
98 431
98 134
98 734
98 319
98 421
98 453
98 566
98 741
99 197
99 509
99 736
99 630
99 426
99 399
100 764
100 223
100 429
100 541
100 739
100 348
101 297
101 438
101 209
102 636
102 744
102 546
103 546
103 322
103 543
103 437
103 742
104 743
104 320
104 107
104 105
105 637
105 107
105 538
105 743
106 817
106 545
106 829
106 324
106 325
106 226
106 354
107 637
107 633
107 323
108 109
108 640
108 327
108 438
108 110
109 326
109 110
111 326
112 328
112 550
112 548
113 639
113 228
114 231
114 751
114 118
114 229
115 747
115 355
116 745
116 434
116 752
116 750
116 436
117 229
117 749
117 819
117 821
117 550
117 328
118 820
118 577
118 231
118 751
119 756
119 823
119 643
119 822
119 232
119 557
119 556
120 306
120 644
120 723
120 121
120 648
120 649
121 306
121 123
121 235
121 648
121 335
122 446
122 649
122 758
122 644
123 645
123 558
123 335
123 649
123 648
124 235
124 125
124 754
124 443
124 444
124 441
125 444
125 443
125 441
126 553
126 756
126 556
126 557
126 445
126 131
126 238
127 755
127 824
127 133
128 444
128 553
128 440
128 129
129 440
129 234
129 554
129 559
129 237
129 825
130 651
130 647
130 242
130 137
130 236
130 133
131 557
131 556
131 553
131 238
131 233
131 445
132 646
132 790
132 233
132 753
132 262
133 651
133 650
133 824
133 755
133 242
134 312
134 135
134 734
134 453
134 339
134 728
134 450
135 339
135 310
135 312
135 450
135 563
136 448
136 243
136 337
136 653
136 263
137 647
137 164
137 239
137 831
137 163
138 655
138 560
138 762
139 571
139 143
139 140
140 342
140 461
140 774
140 661
140 143
140 148
140 245
140 572
141 456
141 350
142 741
142 567
142 659
142 454
142 764
142 566
143 457
143 342
143 826
144 767
144 664
144 246
144 827
145 772
145 570
145 460
145 773
145 545
146 147
146 666
146 155
146 768
146 776
146 354
147 149
147 253
147 780
147 359
147 155
147 665
147 768
147 777
147 666
147 776
148 245
148 461
148 774
148 572
148 661
148 151
148 569
149 253
149 665
149 768
149 256
149 830
149 777
150 245
150 569
150 661
150 572
150 778
151 569
151 465
151 667
151 779
152 769
152 667
152 257
152 669
153 462
153 670
153 464
153 250
153 353
153 352
153 771
153 154
154 670
154 250
154 252
154 462
154 464
154 771
154 353
155 360
155 782
155 780
155 260
155 666
155 776
156 671
156 786
156 355
156 784
156 157
157 357
157 574
157 671
158 576
158 159
159 573
160 262
160 789
160 261
160 790
161 237
161 825
161 832
161 791
161 834
161 554
161 234
162 263
162 835
162 365
162 677
163 579
163 164
163 367
163 792
164 579
164 239
164 452
164 658
165 678
165 265
165 471
165 583
166 474
166 795
167 476
167 477
167 584
167 168
168 477
168 472
168 584
169 585
169 172
170 269
170 375
171 491
171 605
171 495
172 585
172 681
173 174
173 479
173 684
173 271
173 797
174 479
174 684
174 797
174 271
175 479
175 377
175 481
175 478
176 587
176 589
176 378
177 482
177 271
177 479
177 586
177 797
178 385
178 186
178 593
178 687
179 400
179 592
179 689
179 591
179 180
179 381
179 383
179 512
180 592
180 689
180 400
180 381
180 383
180 591
180 512
181 273
182 383
182 382
183 184
183 275
184 275
184 691
184 692
185 485
185 690
185 276
186 692
186 385
186 593
187 596
187 694
187 387
187 488
188 798
190 800
190 598
190 497
190 698
192 601
192 394
192 702
192 801
192 603
193 703
193 503
193 502
193 272
194 501
194 289
194 701
194 704
195 590
195 199
195 198
195 688
196 806
196 204
196 201
196 714
196 402
196 513
196 709
197 539
197 509
197 399
197 291
197 506
197 736
197 707
198 505
198 804
199 703
199 502
199 708
200 403
200 507
200 805
201 513
201 806
201 402
201 714
201 508
202 298
202 296
202 517
202 520
202 518
202 712
203 594
203 809
203 277
203 514
204 519
204 706
204 515
204 513
204 709
204 810
205 714
205 406
205 521
205 433
206 522
206 411
206 716
206 695
206 612
206 720
207 813
208 388
208 301
208 614
208 613
209 297
209 811
210 619
210 419
210 622
210 213
211 304
211 215
211 529
212 722
212 723
212 531
212 724
212 530
213 622
213 494
214 621
214 418
215 216
215 626
215 618
215 529
216 618
216 532
216 626
216 332
217 446
217 422
217 733
217 758
219 533
220 628
220 726
220 815
220 420
220 816
221 732
221 728
222 423
222 538
222 631
222 544
223 632
223 315
223 425
223 739
223 316
223 541
223 429
223 313
224 423
224 571
224 544
224 633
225 433
225 320
225 432
225 743
225 435
226 321
226 545
226 354
226 773
226 324
226 325
226 829
227 549
227 638
227 748
229 751
229 231
229 749
229 548
230 330
230 550
230 328
230 638
230 819
230 551
231 751
231 749
231 641
231 820
231 577
231 821
232 753
232 557
232 238
232 643
232 331
232 646
233 238
233 834
233 646
234 791
234 554
234 237
234 825
234 559
235 335
235 334
235 754
236 237
236 468
236 559
236 757
236 647
236 831
237 791
237 559
237 825
237 757
237 554
238 556
238 646
238 753
238 557
239 452
239 561
239 651
239 658
240 451
240 564
240 663
240 565
240 241
240 657
241 338
241 663
241 565
241 564
241 451
242 755
242 651
242 561
242 658
243 337
243 562
243 263
243 656
243 448
243 653
244 246
244 347
244 767
244 349
244 458
245 661
245 572
245 342
245 461
245 569
245 778
245 774
246 664
246 767
246 248
246 828
246 347
247 567
247 766
247 349
247 455
247 662
247 348
247 659
247 764
248 347
248 828
248 344
248 767
249 459
249 343
249 370
249 765
249 345
250 252
250 353
250 464
250 359
251 475
251 670
251 462
251 373
252 257
252 464
252 775
252 830
253 777
253 666
253 768
253 665
253 256
254 471
254 794
254 466
255 256
255 463
255 667
255 769
256 463
256 769
256 777
257 830
257 775
257 464
258 786
258 467
258 784
258 747
258 355
258 673
259 358
259 787
259 357
260 782
260 360
260 745
260 752
260 439
260 434
261 789
262 646
262 790
262 364
263 469
263 365
263 578
263 835
263 653
264 581
264 370
264 580
265 372
265 371
265 678
265 583
265 471
266 681
266 269
266 680
267 269
267 390
267 496
267 376
268 376
268 683
268 682
268 700
268 799
269 681
269 375
270 685
270 478
270 480
271 479
271 797
272 503
272 586
272 502
273 484
273 380
274 590
274 688
274 484
274 483
276 485
276 690
276 595
276 384
277 809
277 593
277 594
278 496
279 498
279 600
280 696
280 493
280 700
280 283
281 492
281 599
281 282
281 389
282 389
282 393
283 699
283 493
283 497
284 599
284 597
285 803
285 500
285 704
285 499
285 396
285 287
286 606
287 704
288 395
288 609
288 604
289 393
289 729
289 701
290 510
290 710
290 805
290 706
291 506
291 293
291 539
291 511
291 707
292 804
292 401
292 708
292 607
293 707
293 506
293 511
293 510
294 509
294 807
294 399
294 630
294 608
295 608
295 710
296 487
297 516
297 405
298 520
298 517
298 518
299 610
300 408
300 409
300 611
301 386
301 614
301 388
301 694
302 717
302 405
302 412
302 719
302 811
303 617
303 527
304 529
305 533
305 623
305 621
305 721
306 723
306 648
306 335
307 622
307 625
308 724
308 619
308 530
308 417
309 627
309 311
310 534
310 336
310 312
310 563
310 654
310 450
312 728
312 450
312 339
313 540
313 425
313 429
313 316
314 536
314 737
314 539
314 511
315 740
315 541
315 425
315 632
315 738
316 540
316 425
316 424
317 318
317 435
317 536
317 508
317 432
317 537
318 432
318 537
318 435
318 536
319 732
319 734
319 728
319 421
319 431
320 743
320 543
321 746
321 324
321 325
322 742
322 634
322 635
324 434
324 745
324 436
324 325
324 817
325 354
325 829
325 545
325 773
326 549
327 640
327 438
328 819
328 638
328 548
328 550
329 547
330 551
331 753
331 790
331 642
332 334
332 754
332 626
332 532
333 552
333 442
333 555
334 335
334 532
334 754
335 648
336 563
336 534
336 654
336 761
336 422
337 562
337 656
337 449
337 447
337 653
338 451
338 564
338 454
338 759
338 663
339 759
339 450
339 563
340 652
340 655
340 561
341 343
341 345
341 760
341 657
341 366
341 449
342 660
342 661
342 827
343 345
343 657
343 765
344 459
344 828
344 347
344 765
345 765
346 793
346 568
346 368
346 581
347 828
347 458
347 767
348 764
348 739
348 429
348 659
348 457
348 662
349 660
349 455
349 766
349 827
349 662
349 767
350 456
351 678
351 456
351 568
351 372
351 371
352 771
352 670
352 373
352 675
352 472
352 462
353 771
353 358
353 674
353 359
353 356
353 781
354 545
354 773
354 829
355 786
355 467
355 671
355 784
356 780
356 359
356 674
356 358
357 576
357 574
357 787
358 674
358 781
359 674
359 776
359 665
359 780
360 782
360 780
360 575
360 785
361 672
362 468
362 363
363 468
364 834
364 833
364 832
365 469
365 835
365 677
366 760
366 578
366 470
367 792
367 579
368 369
368 793
368 581
369 371
370 581
370 459
370 836
370 580
371 678
371 372
372 471
372 678
373 473
373 670
373 472
373 475
373 462
374 683
374 680
376 682
376 390
376 799
377 686
377 481
377 378
377 478
377 685
378 587
378 686
379 382
380 484
380 482
381 593
381 591
381 592
381 383
381 689
381 512
383 689
383 591
384 595
384 485
385 687
386 694
387 488
388 614
388 694
388 596
389 393
390 799
390 682
390 496
391 802
391 491
392 497
392 800
394 500
394 702
394 601
394 603
394 499
395 604
395 808
395 807
396 803
396 499
397 512
397 400
398 609
398 608
399 509
399 736
399 630
400 512
401 607
401 708
402 513
402 806
402 508
402 714
403 805
403 804
403 507
403 607
404 693
405 719
405 610
406 806
406 521
406 714
406 409
407 711
407 514
408 611
409 521
409 713
410 611
410 515
410 810
410 514
410 519
411 716
411 522
411 490
411 720
411 695
412 717
412 811
412 719
413 487
413 489
414 718
414 526
415 748
415 547
415 715
416 528
417 530
419 619
419 814
420 816
420 628
420 533
421 734
421 728
421 453
421 732
422 761
422 534
422 535
422 733
423 544
424 427
424 537
425 738
425 632
426 736
426 539
427 537
427 737
427 536
428 629
428 740
428 430
429 540
429 739
430 730
430 629
430 542
431 741
431 541
431 566
431 740
432 433
432 435
434 817
434 752
434 436
434 745
435 743
435 537
435 536
436 752
436 746
437 546
437 543
438 640
439 575
439 750
440 553
441 443
441 444
441 754
441 445
442 555
442 552
443 444
445 555
445 556
445 756
445 553
446 624
446 758
447 656
448 652
448 452
449 562
449 657
450 728
450 563
451 759
451 564
451 762
452 652
452 658
453 734
453 728
453 454
453 741
454 567
455 659
455 567
455 662
455 764
456 568
457 660
457 826
459 793
459 581
460 570
460 772
460 571
461 572
461 774
461 661
461 569
462 771
462 464
462 670
463 769
463 667
464 771
464 775
464 830
465 779
466 794
466 770
466 668
466 779
467 786
467 783
467 673
467 784
468 831
469 653
469 470
469 578
469 835
471 678
472 584
472 473
473 475
473 584
474 795
474 794
474 582
475 582
476 477
476 672
477 679
478 481
478 685
479 684
479 481
479 797
480 589
480 685
480 796
481 588
482 590
483 590
483 505
483 484
483 688
484 590
485 595
487 489
490 716
490 695
491 495
492 498
493 497
495 605
497 800
498 597
498 599
499 500
499 702
500 603
500 601
501 701
501 803
502 703
502 503
503 702
504 602
504 802
504 705
505 688
505 804
506 509
506 608
506 511
506 707
507 607
507 804
507 805
508 511
509 736
509 707
510 513
510 706
511 707
511 539
512 594
512 689
512 592
512 809
513 806
513 709
513 714
514 711
515 810
515 519
516 635
516 634
517 518
517 520
517 712
518 712
518 520
519 709
519 810
520 712
521 714
521 713
522 716
522 695
522 612
522 720
523 616
523 612
523 720
524 615
524 525
525 718
525 615
526 613
527 617
528 616
530 531
530 722
530 724
531 620
531 723
531 724
532 626
533 721
533 623
534 535
534 761
534 733
534 654
535 733
536 537
536 737
537 538
538 544
538 631
538 637
539 707
539 736
539 737
540 739
541 741
541 566
541 740
542 730
544 637
544 631
545 829
545 773
545 818
546 744
546 635
546 742
547 748
548 749
549 748
550 819
550 638
551 638
552 555
552 822
552 756
554 825
554 757
554 559
554 791
555 822
555 556
555 557
555 756
556 756
556 557
557 822
557 756
558 645
558 649
558 755
558 650
559 825
559 824
559 757
560 655
560 654
560 563
560 762
561 652
561 658
561 651
562 656
563 762
563 654
564 663
564 565
564 759
565 663
565 657
566 741
566 567
566 764
566 659
567 662
567 764
567 659
569 667
569 774
569 572
569 778
570 772
572 661
572 774
572 778
573 788
574 785
574 575
574 787
574 671
575 671
575 785
577 820
577 751
578 653
578 835
578 760
579 792
580 836
581 793
582 794
582 795
583 795
586 588
586 797
587 605
589 796
589 685
590 688
591 689
592 594
592 689
592 809
594 809
595 693
596 694
597 599
598 697
598 698
598 699
600 698
601 603
601 602
602 802
603 801
603 702
604 807
604 808
606 708
606 703
607 805
607 804
611 711
612 614
615 718
616 720
616 617
618 626
619 814
620 624
620 723
620 623
621 721
622 625
624 758
624 644
624 723
627 808
627 807
627 725
627 630
628 721
629 740
629 632
630 807
630 808
632 740
632 738
633 818
634 742
634 635
635 744
635 742
636 744
637 743
639 750
641 821
641 820
643 823
644 648
644 649
644 723
645 650
645 755
646 834
646 753
647 831
647 757
648 649
650 755
650 763
651 658
654 761
659 662
659 764
660 664
660 766
660 827
660 826
661 774
661 778
662 764
664 827
664 767
665 674
665 666
665 776
665 768
665 777
666 768
666 782
666 776
666 777
667 669
667 769
668 669
668 779
668 770
669 770
669 779
670 675
670 771
671 786
671 784
673 783
673 676
674 780
674 776
676 783
677 835
680 681
680 683
682 700
682 799
686 801
691 692
695 716
695 720
696 700
700 799
701 729
704 803
706 709
710 805
714 806
715 748
716 720
717 812
717 719
719 811
722 724
725 730
725 727
726 815
726 816
727 730
728 732
728 734
729 815
731 735
732 734
734 741
739 764
745 817
745 752
749 821
749 751
750 752
751 820
752 817
753 790
755 824
756 822
757 825
759 762
766 767
766 827
767 827
768 777
768 776
769 830
772 818
773 829
774 778
775 830
776 782
776 780
780 785
780 782
782 785
784 786
789 790
791 825
791 832
794 795
807 808
815 816
819 821
822 823
832 834
832 833
