0 598
0 696
0 271
0 695
0 1
0 176
0 173
0 383
0 384
0 174
0 274
1 696
1 272
1 504
1 385
1 384
1 2
1 37
1 175
1 508
1 174
1 271
1 274
2 385
2 400
2 37
2 697
2 274
2 271
2 818
2 272
2 509
2 273
3 4
3 699
3 275
3 6
3 489
3 700
3 814
3 602
3 491
4 489
4 178
4 7
4 490
4 179
4 276
4 275
4 492
4 699
4 815
4 5
4 177
4 6
5 178
5 177
5 493
5 185
5 599
5 389
5 181
5 490
5 7
5 276
5 8
5 815
6 490
6 700
6 491
6 178
6 275
6 179
6 699
6 489
6 177
7 278
7 815
7 181
7 178
7 389
7 8
7 276
7 185
7 490
7 177
8 181
8 278
8 493
8 177
8 178
8 815
8 185
8 495
8 389
8 276
8 490
9 491
9 387
9 701
9 386
9 619
9 700
9 179
9 180
9 489
9 602
9 820
9 600
9 47
10 16
10 391
10 278
10 11
10 388
10 185
11 391
11 603
11 279
11 12
11 278
11 703
11 16
11 495
11 389
11 186
11 494
12 389
12 199
12 493
12 703
12 494
12 278
12 181
12 495
12 279
12 603
13 49
13 413
13 494
13 392
13 48
13 518
13 604
13 184
13 410
13 183
13 703
13 704
13 14
13 520
14 183
14 525
14 48
14 390
14 605
14 49
14 518
14 704
14 407
14 184
14 392
14 604
14 410
14 413
15 702
15 182
15 394
16 391
16 278
16 186
16 388
17 23
17 702
17 188
17 707
17 394
17 706
17 19
17 280
17 190
18 187
18 608
18 24
18 393
18 498
18 705
18 281
18 496
18 189
18 284
19 23
19 188
19 280
19 190
19 707
19 706
19 394
20 24
20 414
20 608
20 393
20 706
20 708
20 188
20 22
20 496
20 23
20 281
21 207
21 604
21 282
21 828
21 525
21 183
21 607
21 704
21 390
21 182
21 184
21 606
21 190
21 605
22 393
22 608
22 33
22 304
22 499
22 816
22 496
22 24
23 280
23 393
23 187
23 707
23 188
23 608
23 706
23 190
24 189
24 708
24 496
24 281
24 608
24 393
24 414
24 188
25 500
25 30
25 29
25 28
25 193
25 34
25 396
26 498
26 27
26 283
26 192
26 284
27 500
27 817
27 191
27 396
27 193
27 283
27 29
28 29
28 497
28 396
28 34
28 500
28 193
28 30
29 191
29 193
29 31
29 609
29 500
29 30
29 32
29 396
29 817
30 396
30 500
30 32
30 497
30 193
30 34
31 500
31 395
31 732
31 709
31 397
31 396
31 421
31 497
31 609
31 710
31 309
31 210
31 191
31 32
31 212
31 535
31 628
31 65
32 609
32 497
32 421
32 34
32 396
32 397
32 535
32 709
32 732
32 191
32 500
32 210
32 710
32 65
32 503
33 189
33 501
33 499
33 284
33 816
33 192
33 496
34 502
34 497
34 610
34 398
34 285
35 295
35 403
35 399
35 289
35 517
35 611
35 616
35 43
35 613
35 721
35 292
36 511
36 505
36 611
36 613
36 287
36 74
36 614
36 75
37 504
37 272
37 509
37 286
37 401
37 619
37 508
37 175
37 821
37 274
38 614
38 194
38 714
38 612
38 195
38 507
38 713
39 719
39 404
39 197
39 718
39 512
39 599
39 277
39 515
39 601
39 516
39 40
40 617
40 701
40 404
40 820
40 516
40 196
40 601
40 197
40 512
40 277
40 513
40 615
40 718
40 47
41 197
41 44
41 620
41 42
41 822
41 406
41 294
41 512
41 293
42 294
42 296
42 623
42 405
42 719
42 620
42 618
42 408
42 724
43 295
43 399
43 517
43 616
43 720
43 289
43 403
43 613
43 292
43 721
44 198
44 406
44 293
44 822
44 512
44 294
44 720
44 513
44 295
44 514
45 302
45 405
45 618
45 46
45 641
45 827
45 826
45 319
45 94
45 644
45 317
45 296
46 86
46 822
46 319
46 717
46 618
46 514
46 317
47 601
47 718
47 600
47 820
47 617
47 387
47 386
47 196
47 619
47 701
47 615
47 404
48 49
48 520
48 518
48 184
48 413
48 204
48 621
48 183
48 824
48 823
48 407
48 410
49 520
49 204
49 202
49 621
49 407
49 824
49 518
49 413
49 823
49 410
50 620
50 823
50 621
50 202
50 203
50 411
50 300
50 408
50 724
50 623
51 298
51 200
51 532
51 208
51 526
51 523
51 528
51 722
51 829
51 420
51 725
52 303
52 519
52 621
52 824
52 622
52 723
52 298
52 299
52 408
52 726
52 301
52 53
52 523
52 54
53 826
53 723
53 303
53 623
53 302
53 409
53 522
53 201
53 644
53 622
53 519
53 408
53 54
53 101
54 303
54 723
54 524
54 519
54 57
54 522
54 298
54 301
54 523
54 299
54 726
54 412
54 55
54 201
54 622
55 412
55 723
55 552
55 524
55 753
55 299
55 519
55 57
55 301
55 322
55 437
55 201
55 521
55 56
55 754
55 96
55 523
55 205
55 522
56 299
56 205
56 57
56 95
56 730
56 825
56 446
56 301
56 325
56 521
56 412
56 549
56 326
56 754
56 524
56 552
56 443
56 322
56 63
57 730
57 325
57 521
57 200
57 825
57 519
57 322
57 443
57 526
57 205
57 301
57 723
57 299
57 523
57 524
57 552
57 412
58 530
58 417
58 206
58 420
58 527
58 306
58 418
58 727
58 625
58 414
59 625
59 534
59 307
59 61
59 64
59 419
59 418
59 308
59 729
60 61
60 307
60 62
60 648
60 529
60 415
60 64
60 624
60 305
61 63
61 209
61 729
61 62
61 416
61 64
61 307
61 648
61 419
61 444
61 534
61 330
62 305
62 648
62 330
62 649
62 529
62 759
62 103
62 624
62 307
63 200
63 526
63 443
63 416
63 730
63 521
63 205
63 419
63 209
63 444
63 825
63 534
63 446
63 95
63 729
63 229
63 412
64 729
64 306
64 307
64 418
64 308
64 419
64 624
65 535
65 397
65 737
65 710
65 709
65 503
65 609
65 212
65 628
65 732
65 421
65 210
65 626
66 531
66 501
66 67
66 423
66 733
66 499
66 70
66 71
66 728
66 831
66 304
67 70
67 733
67 832
67 72
67 71
67 211
67 539
67 627
67 831
67 68
68 539
68 832
68 734
68 424
68 72
68 69
68 211
68 736
69 211
69 736
69 731
69 72
69 425
69 832
69 734
70 423
70 501
70 728
70 831
70 499
70 71
70 304
71 728
71 627
71 733
71 211
71 735
71 831
71 423
72 734
72 211
72 424
72 832
72 538
72 539
73 630
73 540
73 421
73 737
73 503
73 210
73 427
73 631
73 541
74 76
74 289
74 429
74 287
74 75
74 218
74 505
74 290
75 505
75 287
75 429
75 833
75 430
75 218
75 76
76 430
76 214
76 507
76 217
76 218
76 833
76 429
76 633
77 635
77 429
77 290
77 738
77 218
77 79
77 637
77 642
77 431
77 313
77 546
78 633
78 833
78 430
78 214
78 217
78 639
78 316
78 215
78 636
78 80
78 542
78 315
78 312
79 544
79 313
79 546
79 635
79 218
79 637
79 738
79 634
79 83
79 428
80 632
80 639
80 82
80 312
80 215
80 84
80 219
80 542
80 315
80 220
81 634
81 658
81 775
81 216
81 457
81 83
81 314
81 544
81 638
81 662
81 123
81 122
81 543
81 740
82 542
82 342
82 771
82 219
82 340
82 84
82 741
82 220
82 215
82 545
82 640
82 739
83 122
83 658
83 634
83 543
83 314
83 741
83 637
83 740
83 216
83 544
83 428
83 638
84 545
84 316
84 739
84 219
84 741
84 215
84 542
84 543
84 312
84 216
84 544
85 743
85 86
85 431
85 290
85 642
85 403
85 835
85 297
85 834
85 224
85 717
85 746
86 748
86 743
86 87
86 834
86 746
86 319
86 835
86 224
86 88
86 717
87 93
87 90
87 743
87 319
87 742
87 744
87 747
87 89
87 748
87 88
87 752
88 89
88 90
88 748
88 222
88 225
88 743
88 744
88 93
88 752
89 225
89 93
89 744
89 752
89 90
89 222
89 748
90 439
90 441
90 748
90 749
90 92
90 93
90 225
90 98
90 747
90 327
90 744
90 432
90 752
91 637
91 433
91 221
91 546
91 313
91 431
91 223
91 750
91 222
91 548
92 442
92 98
92 751
92 100
92 464
92 744
92 757
92 327
92 225
92 745
92 758
92 320
92 643
92 439
92 749
92 441
92 432
92 136
93 441
93 742
93 748
93 747
93 744
94 827
94 555
94 409
94 753
94 641
94 101
94 747
94 302
94 522
94 742
94 826
94 644
95 107
95 444
95 760
95 438
95 521
95 550
95 446
95 229
95 325
95 322
95 443
95 326
95 549
96 322
96 437
96 753
96 101
96 438
96 549
96 201
96 524
96 754
96 552
96 435
96 723
96 299
97 439
97 98
97 323
97 437
97 646
97 441
97 555
97 643
97 755
98 749
98 643
98 441
98 432
98 646
98 323
98 757
98 439
98 100
98 442
98 327
98 554
99 226
99 550
99 228
99 651
99 435
99 645
99 107
99 434
99 647
99 557
99 109
99 551
100 144
100 465
100 442
100 749
100 136
100 751
100 327
100 432
100 320
100 554
100 757
100 745
100 580
100 464
100 579
100 673
100 461
100 758
101 201
101 552
101 302
101 522
101 753
101 644
101 519
101 723
101 437
101 409
101 299
101 555
102 757
102 580
102 144
102 251
102 553
102 579
102 781
102 442
102 436
102 676
102 468
102 323
102 227
102 440
102 554
102 321
102 756
102 356
102 673
103 104
103 649
103 305
103 529
103 650
103 449
103 761
103 213
104 649
104 759
104 650
104 761
104 449
104 559
105 649
105 648
105 559
105 330
105 328
105 556
105 106
105 448
105 759
106 331
106 556
106 760
106 328
106 109
106 107
106 448
106 229
106 651
107 651
107 109
107 557
107 328
107 326
107 645
107 551
107 226
107 760
107 550
107 229
107 446
108 836
108 118
108 445
108 762
108 558
108 848
108 763
108 329
108 447
108 769
108 148
108 332
108 790
108 333
108 230
108 362
109 651
109 328
109 837
109 760
109 228
109 647
109 331
109 557
110 111
110 654
110 334
110 335
110 449
110 112
111 654
111 335
111 334
111 113
111 653
111 112
112 113
112 653
112 334
112 654
113 562
113 232
113 114
113 334
113 231
114 652
114 231
114 119
114 336
114 766
114 563
114 561
114 233
115 653
115 450
115 232
115 117
115 767
116 561
116 235
116 764
116 262
116 590
116 768
116 839
116 766
116 120
116 233
117 262
117 363
117 685
117 801
117 232
117 764
117 450
117 158
118 836
118 332
118 762
118 445
118 653
118 264
118 763
118 769
118 767
118 447
119 233
119 235
119 561
119 766
119 838
119 234
119 840
119 652
119 563
119 655
119 336
120 839
120 590
120 840
120 233
120 655
120 766
120 235
120 768
121 242
121 133
121 568
121 773
121 565
121 842
121 657
121 770
121 128
121 841
121 236
121 570
121 569
122 775
122 638
122 314
122 343
122 124
122 658
122 239
122 125
122 457
122 740
122 123
122 662
122 663
123 658
123 314
123 125
123 740
123 663
123 239
123 662
123 343
123 342
123 771
124 780
124 125
124 662
124 457
124 663
124 638
124 775
124 658
124 659
124 571
125 659
125 571
125 343
125 658
125 454
125 127
125 663
125 314
125 239
125 662
126 453
126 566
126 239
126 456
126 127
126 771
126 454
126 455
126 342
126 452
126 343
127 455
127 771
127 454
127 343
127 451
127 456
127 239
127 566
127 130
127 452
128 770
128 660
128 568
128 566
128 773
128 130
128 569
128 570
128 456
128 236
128 133
128 237
128 242
129 455
129 572
129 131
129 132
129 659
129 774
129 665
129 451
129 240
129 664
129 772
129 843
129 135
129 246
130 454
130 238
130 455
130 452
130 566
130 133
130 237
130 572
130 567
130 456
130 451
130 131
131 451
131 163
131 238
131 843
131 808
131 567
131 572
131 241
131 237
131 566
131 774
131 240
131 844
132 843
132 166
132 772
132 665
132 243
132 572
132 774
132 661
132 850
132 246
132 672
132 574
132 139
132 240
132 135
133 570
133 451
133 569
133 773
133 566
133 568
133 242
133 237
133 134
133 236
133 456
133 660
133 770
134 660
134 807
134 162
134 853
134 242
134 236
134 237
134 339
134 770
134 266
134 373
135 665
135 571
135 664
135 843
135 772
135 246
135 659
135 661
135 574
136 318
136 758
136 576
136 749
136 320
136 327
136 432
136 346
136 137
136 776
136 751
136 464
136 347
136 745
136 465
136 225
136 461
137 347
137 751
137 318
137 779
137 668
137 573
137 344
137 140
137 320
137 461
137 547
137 576
137 776
137 464
137 745
138 458
138 670
138 459
138 164
138 854
138 575
138 463
138 247
138 666
138 345
138 460
138 480
138 667
138 591
138 267
139 661
139 246
139 166
139 240
139 592
139 479
139 665
139 243
139 672
139 463
139 376
139 850
139 165
140 668
140 344
140 669
140 573
140 458
140 576
140 776
140 347
140 462
140 779
141 350
141 584
141 145
141 845
141 472
141 553
141 434
141 142
141 675
141 468
141 228
142 795
142 350
142 472
142 791
142 675
142 145
142 152
142 150
142 584
142 249
142 582
142 585
143 152
143 359
143 467
143 358
143 381
143 581
143 482
143 476
143 795
144 758
144 580
144 356
144 251
144 751
144 673
144 464
144 465
144 756
144 781
144 466
144 442
144 676
144 554
144 579
145 584
145 674
145 468
145 350
145 846
145 783
145 472
145 845
145 249
145 585
145 675
146 784
146 350
146 252
146 678
146 357
146 250
146 467
146 783
146 846
146 355
146 248
146 847
146 674
146 249
146 358
147 837
147 474
147 789
147 583
147 471
147 333
147 790
147 259
147 230
147 362
147 848
147 558
148 794
148 679
148 257
148 264
148 445
148 797
148 149
148 836
148 680
148 157
148 799
148 151
148 785
148 762
148 793
148 362
148 369
149 799
149 688
149 151
149 257
149 797
149 254
149 369
149 368
149 157
149 679
149 785
149 794
149 364
149 680
149 793
149 802
150 582
150 472
150 791
150 585
150 152
150 795
150 675
150 153
150 259
150 249
150 681
150 474
150 583
151 688
151 786
151 257
151 256
151 679
151 475
151 368
151 680
151 261
151 793
151 792
151 254
151 785
151 260
151 361
151 849
151 794
152 476
152 796
152 249
152 582
152 791
152 472
152 153
152 675
152 585
152 358
152 350
152 795
153 582
153 476
153 474
153 472
153 791
153 154
153 683
153 585
153 682
153 249
153 795
153 681
153 796
154 787
154 796
154 477
154 786
154 474
154 259
154 681
154 475
154 256
154 582
154 792
154 260
154 682
154 849
154 476
154 261
154 683
155 798
155 473
155 688
155 382
155 792
155 684
155 255
155 261
155 368
155 475
155 254
155 364
155 361
155 366
155 256
155 360
155 788
155 156
155 689
155 849
156 368
156 684
156 254
156 792
156 256
156 473
156 255
156 689
156 475
156 360
156 382
156 849
156 788
156 261
156 361
157 802
157 369
157 799
157 688
157 785
157 364
157 368
157 797
157 762
157 264
157 680
157 679
157 588
157 793
158 685
158 588
158 262
158 589
158 803
158 365
158 587
158 363
158 801
158 478
158 159
159 363
159 802
159 263
159 365
159 804
159 369
159 587
159 801
159 589
159 685
159 588
159 803
160 586
160 478
160 263
160 589
160 803
160 804
160 161
160 365
160 370
161 367
161 586
161 589
161 370
161 805
162 266
162 373
162 806
162 265
162 807
162 660
162 853
163 241
163 844
163 237
163 451
163 851
163 373
163 808
163 853
163 567
163 572
163 238
163 852
164 267
164 166
164 463
164 854
164 247
164 667
164 809
164 374
164 591
164 459
164 691
164 480
165 850
165 479
165 592
165 166
165 376
165 661
165 809
166 661
166 592
166 243
166 463
166 672
166 665
166 376
166 809
166 850
167 258
167 380
167 692
167 811
167 168
167 812
167 485
167 269
167 482
167 596
167 381
168 485
168 486
168 811
168 595
168 812
168 596
168 258
169 488
169 487
169 693
169 597
169 686
169 483
169 171
169 689
169 360
170 367
170 172
170 694
170 270
171 487
171 488
171 693
171 483
171 597
171 360
171 689
171 484
172 488
172 487
172 270
172 693
172 694
173 598
173 176
174 176
174 271
174 602
174 696
174 274
174 180
174 598
174 384
175 600
175 504
175 272
175 509
175 619
175 274
175 401
175 508
176 384
176 598
176 271
176 696
176 383
176 274
176 695
177 185
177 178
177 490
177 389
177 699
177 276
177 181
177 815
178 492
178 490
178 181
178 275
178 179
178 699
178 489
178 815
178 276
179 490
179 700
179 387
179 386
179 492
179 276
179 599
179 815
179 489
179 699
179 601
179 491
179 275
179 701
180 491
180 600
180 384
180 602
180 386
180 700
180 619
180 387
181 277
181 493
181 276
181 389
181 490
181 599
181 601
181 815
182 394
182 190
182 606
182 392
182 702
182 604
182 390
183 410
183 605
183 704
183 604
183 184
183 390
183 392
183 407
183 525
184 605
184 606
184 704
184 607
184 410
184 390
184 828
184 392
184 604
184 407
184 525
185 278
185 389
186 388
186 604
186 392
186 391
187 705
187 188
187 707
187 281
187 706
187 280
187 393
188 608
188 280
188 706
188 281
188 707
188 393
189 498
189 284
189 496
189 705
189 608
189 281
189 816
189 393
190 707
190 702
190 394
190 282
190 606
190 706
191 309
191 609
191 395
191 709
191 397
191 396
191 500
192 284
192 395
192 816
192 501
192 283
193 817
193 500
193 396
194 819
194 715
194 614
194 713
194 291
194 612
194 510
194 402
194 714
195 713
195 714
195 507
195 217
196 615
196 404
196 718
196 820
196 616
196 617
196 513
196 619
196 701
197 719
197 516
197 718
197 515
197 620
197 294
197 512
197 203
197 277
198 514
198 746
198 295
198 403
198 293
198 297
198 717
198 406
198 822
198 720
199 724
199 603
199 203
199 279
199 494
199 202
199 518
199 703
199 493
199 515
200 825
200 534
200 208
200 523
200 722
200 209
200 205
200 730
200 412
200 526
200 725
200 298
200 416
200 532
201 524
201 552
201 302
201 622
201 522
201 409
201 437
201 301
201 644
201 299
201 519
201 753
201 723
202 621
202 494
202 724
202 603
202 203
202 413
202 518
202 520
202 300
202 703
202 411
202 823
203 620
203 277
203 719
203 493
203 515
203 703
203 603
203 724
204 722
204 413
204 520
204 298
204 726
204 824
204 621
204 823
204 407
204 410
205 534
205 416
205 526
205 443
205 825
205 524
205 412
205 523
205 730
205 209
205 301
205 521
206 306
206 304
206 530
206 533
206 531
206 728
206 414
207 607
207 606
207 420
207 828
207 525
207 605
207 282
207 417
207 527
208 532
208 523
208 722
208 534
208 528
208 526
208 725
208 829
208 420
208 298
208 412
208 730
208 825
208 416
209 730
209 416
209 534
209 443
209 444
209 729
209 526
209 419
209 412
209 229
209 825
210 535
210 630
210 541
210 421
210 732
210 628
210 503
210 710
210 536
210 626
210 737
211 830
211 310
211 736
211 422
211 733
211 735
211 539
211 832
211 831
212 397
212 535
212 709
212 309
212 626
212 628
212 627
212 539
212 609
213 305
213 529
213 415
213 830
213 310
213 449
213 422
213 735
214 633
214 430
214 507
214 639
214 833
214 636
214 217
215 312
215 220
215 741
215 545
215 316
215 219
215 542
216 634
216 314
216 739
216 740
216 316
216 544
216 741
216 543
216 428
217 639
217 636
217 507
217 633
218 313
218 430
218 738
218 635
218 428
218 429
218 633
218 833
219 545
219 312
219 220
219 640
219 632
219 340
219 542
220 632
220 545
220 640
220 340
220 542
220 342
221 457
221 223
221 778
221 548
221 638
221 433
221 547
221 750
221 775
222 752
222 223
222 431
222 835
222 224
222 548
222 743
222 750
222 546
223 546
223 637
223 634
223 548
223 313
223 750
223 638
224 642
224 546
224 743
224 746
224 834
224 313
224 738
224 431
224 835
225 327
225 432
225 749
225 752
225 745
225 320
225 744
225 318
225 751
226 321
226 550
226 434
226 551
226 324
226 435
226 645
226 557
226 228
226 651
227 442
227 646
227 323
227 356
227 757
227 436
227 553
227 756
227 324
227 554
227 440
227 321
227 755
227 579
228 471
228 434
228 584
228 645
228 789
228 837
228 557
228 647
229 444
229 326
229 328
229 443
229 325
229 760
229 446
230 329
230 558
230 362
230 790
230 332
230 333
230 331
230 836
230 789
230 837
230 848
231 562
231 564
231 652
231 337
231 334
231 425
231 336
231 765
231 560
231 563
232 653
232 764
233 768
233 838
233 235
233 563
233 655
233 336
233 766
233 561
233 839
233 840
234 338
234 563
234 652
234 838
234 840
234 336
234 564
235 768
235 561
235 766
235 655
235 839
235 590
235 840
236 237
236 569
236 841
236 807
236 770
236 570
236 842
236 242
236 657
236 339
236 773
236 660
237 242
237 566
237 266
237 238
237 451
237 770
237 570
237 853
237 660
237 569
238 808
238 853
238 851
238 240
238 567
238 451
238 774
238 241
238 844
238 572
239 343
239 452
239 342
239 771
239 455
239 314
239 454
239 662
239 340
240 241
240 843
240 479
240 572
240 844
240 774
240 661
240 371
240 850
240 567
241 808
241 371
241 372
241 572
241 451
241 479
241 851
241 844
241 774
241 567
242 456
242 569
242 566
242 773
242 660
242 770
242 570
243 246
243 592
243 661
243 463
243 666
243 459
243 574
243 665
243 672
244 351
244 462
244 577
244 677
244 578
244 346
244 575
244 245
244 671
244 776
244 460
245 460
245 671
245 346
245 776
245 677
245 351
245 578
245 577
245 462
245 575
246 661
246 664
246 772
246 665
246 574
246 672
246 463
246 843
247 345
247 575
247 591
247 267
247 670
247 459
247 458
247 667
247 460
247 777
247 480
247 666
248 352
248 250
248 251
248 782
248 355
248 252
248 783
248 466
248 846
248 784
248 357
248 847
248 469
249 675
249 585
249 350
249 358
249 472
249 582
249 795
249 678
249 791
250 784
250 783
250 252
250 678
250 846
250 357
250 847
250 469
250 674
250 355
250 352
250 467
251 580
251 674
251 846
251 783
251 357
251 466
251 676
251 356
251 469
251 756
251 468
251 579
251 673
251 845
251 781
251 784
252 355
252 467
252 846
252 581
252 847
252 678
252 352
252 784
252 354
253 375
253 470
253 351
253 594
253 379
253 782
253 349
253 593
253 353
253 855
253 810
253 352
254 256
254 788
254 361
254 679
254 366
254 475
254 785
254 688
254 368
254 364
254 792
254 473
254 261
254 849
254 798
255 360
255 486
255 595
255 684
255 473
255 382
255 483
255 256
255 787
255 475
255 484
255 788
255 477
256 361
256 684
256 261
256 786
256 473
256 787
256 788
256 475
256 682
256 792
256 683
256 849
257 474
257 848
257 790
257 794
257 680
257 362
257 793
257 786
257 785
257 679
257 259
257 849
257 260
258 485
258 796
258 682
258 482
258 812
258 692
258 595
258 476
258 811
258 477
259 260
259 790
259 474
259 681
259 583
259 786
259 582
259 683
259 794
260 683
260 474
260 679
260 849
260 261
260 785
260 792
260 786
260 681
260 794
261 786
261 683
261 682
261 477
261 849
261 792
261 475
261 788
261 787
261 473
262 803
262 478
262 800
262 685
262 801
262 764
262 363
262 687
263 364
263 798
263 587
263 366
263 589
263 686
263 370
263 804
263 365
264 767
264 799
264 802
264 793
264 369
264 762
264 769
264 680
264 450
264 836
264 445
264 588
265 807
265 806
265 266
265 656
266 806
266 660
266 852
266 807
266 853
266 373
266 770
267 463
267 480
267 374
267 591
267 854
267 345
267 691
267 459
267 667
268 594
268 810
268 377
268 379
268 855
268 470
268 593
269 381
269 380
269 359
269 692
269 596
269 378
269 482
270 488
270 693
270 487
270 694
271 696
271 274
271 383
271 698
271 695
271 272
271 385
271 697
271 384
272 274
272 400
272 508
272 696
272 509
272 286
272 697
272 385
272 504
273 400
273 385
273 698
273 697
273 383
273 813
273 716
273 695
273 818
274 385
274 508
274 696
274 384
275 492
275 602
275 700
275 489
275 491
275 386
275 699
275 814
276 599
276 699
276 389
276 490
276 492
276 815
277 516
277 599
277 601
277 515
277 493
277 719
278 279
278 391
278 388
278 495
278 389
279 493
279 603
279 518
279 703
279 495
279 389
279 494
279 391
280 707
280 706
281 496
281 705
281 608
281 393
282 828
282 605
282 390
282 527
282 525
282 606
282 607
283 498
283 817
283 284
284 498
284 816
285 711
285 502
285 398
285 610
285 497
286 401
286 611
286 509
286 402
286 292
286 504
286 400
287 611
287 819
287 511
287 613
287 505
287 714
287 402
287 614
287 507
288 510
288 712
288 506
288 715
288 716
288 818
288 291
289 505
289 613
289 511
289 290
289 403
289 399
290 297
290 399
290 505
290 403
290 642
291 712
291 715
291 506
291 612
291 819
291 510
292 613
292 721
292 517
292 401
292 821
292 611
292 511
293 822
293 514
293 513
293 720
293 512
293 406
293 404
293 295
294 516
294 406
294 515
294 512
294 719
294 620
295 513
295 406
295 721
295 615
295 720
295 822
295 616
295 517
296 405
296 623
296 618
296 826
296 408
296 302
296 827
297 514
297 403
297 399
297 834
297 746
297 717
297 720
298 301
298 523
298 726
298 824
298 526
298 725
298 303
298 413
298 722
299 521
299 753
299 519
299 301
299 523
299 409
299 522
299 437
299 552
299 622
299 524
299 322
299 723
300 408
300 303
300 824
300 823
300 520
300 411
300 413
300 724
300 621
300 726
301 412
301 825
301 723
301 521
301 519
301 552
301 524
301 523
301 303
301 726
301 622
302 753
302 522
302 826
302 408
302 723
302 827
302 409
302 644
302 622
302 519
302 405
302 618
303 621
303 824
303 622
303 408
303 523
303 726
303 411
303 519
304 414
304 728
304 499
304 530
304 423
304 533
305 649
305 310
305 830
305 735
305 624
305 529
305 415
306 418
306 727
306 533
306 530
306 531
306 728
307 729
307 529
307 648
307 419
307 624
307 418
308 729
308 534
308 416
308 418
308 420
308 419
308 625
308 532
309 395
309 628
309 609
309 627
309 501
309 397
309 709
310 733
310 415
310 422
310 735
310 830
311 629
311 631
311 540
311 630
311 426
312 315
312 639
312 316
312 633
312 542
312 636
313 642
313 546
313 431
313 637
313 635
313 738
313 634
314 740
314 741
314 658
314 544
314 739
314 543
314 662
314 342
314 663
314 343
315 636
315 639
316 739
316 430
316 741
316 544
316 633
316 833
316 542
316 543
316 428
317 641
317 405
317 618
317 827
317 742
317 826
317 319
318 347
318 547
318 344
318 320
318 576
318 433
318 668
318 461
318 745
318 548
319 514
319 641
319 742
319 717
320 464
320 751
320 327
320 432
320 745
320 576
320 461
320 668
320 344
320 347
320 749
321 645
321 435
321 553
321 436
321 434
321 440
321 755
321 756
321 323
321 324
321 646
322 326
322 753
322 550
322 437
322 723
322 325
322 549
322 521
322 754
322 552
322 524
322 438
323 643
323 442
323 757
323 554
323 436
323 756
323 439
323 324
323 646
323 440
323 755
324 553
324 440
324 434
324 645
324 436
324 435
324 646
324 755
325 326
325 446
325 549
325 444
325 521
325 443
325 754
325 438
325 550
325 760
326 443
326 760
326 550
326 551
326 446
326 521
326 549
326 651
326 444
326 438
326 328
326 754
327 749
327 464
327 579
327 439
327 758
327 751
327 441
327 745
327 432
327 554
327 442
327 757
327 643
328 651
328 446
328 760
328 556
328 443
328 444
328 448
329 763
329 331
329 332
329 836
329 848
329 558
329 447
329 448
329 333
330 529
330 559
330 556
330 759
330 448
330 648
330 649
331 837
331 647
331 448
331 651
332 445
332 558
332 762
332 447
332 790
332 333
332 763
332 836
332 362
332 769
332 848
333 837
333 362
333 763
333 445
333 836
333 762
333 848
333 558
333 790
334 765
334 335
334 562
334 654
335 654
335 449
335 736
336 564
336 840
336 838
336 563
336 766
336 561
336 652
337 564
337 426
337 338
337 425
337 652
337 560
337 765
338 652
338 838
338 564
339 842
339 770
339 807
339 660
339 806
339 657
339 656
340 341
340 632
340 342
340 771
340 453
340 640
340 545
341 773
341 456
341 565
341 453
341 452
341 771
341 640
341 568
342 739
342 343
342 640
342 545
342 771
343 771
343 663
343 662
343 454
343 658
344 576
344 547
344 548
344 461
344 668
344 778
344 573
344 433
344 750
345 575
345 462
345 670
345 459
345 460
345 458
345 667
345 666
346 462
346 464
346 577
346 465
346 779
346 776
346 461
346 347
346 578
346 677
347 751
347 776
347 745
347 779
347 465
347 573
347 461
347 464
347 668
347 576
348 664
348 665
348 666
348 458
348 669
348 780
348 459
348 574
349 351
349 575
349 353
349 777
349 671
349 782
349 375
349 591
349 460
349 667
350 783
350 845
350 795
350 674
350 675
350 472
350 791
350 846
350 678
350 468
350 585
351 470
351 578
351 460
351 353
351 671
351 352
351 782
352 469
352 470
352 353
352 354
352 847
352 355
352 782
352 810
353 782
353 460
353 375
353 470
353 777
353 379
353 671
354 378
354 810
354 581
354 467
354 359
354 377
354 470
354 594
354 847
355 783
355 782
355 678
355 357
355 847
355 846
355 469
355 784
356 781
356 553
356 783
356 756
356 440
356 357
356 554
356 580
356 579
356 673
356 466
356 674
356 845
356 468
356 676
357 674
357 466
357 673
357 783
357 678
357 781
357 846
357 469
357 845
357 676
357 784
357 468
357 580
358 381
358 359
358 467
358 795
358 678
358 581
359 377
359 692
359 467
359 482
359 581
359 381
359 378
359 380
360 788
360 684
360 382
360 597
360 689
360 483
360 798
360 484
360 473
360 361
361 788
361 797
361 689
361 366
361 688
361 475
361 368
361 364
361 473
361 679
361 798
362 794
362 558
362 762
362 836
362 790
362 785
362 848
362 680
363 687
363 803
363 478
363 764
363 588
363 685
363 801
364 797
364 368
364 798
364 679
364 688
364 587
364 802
364 793
364 804
364 785
364 366
365 803
365 589
365 685
365 587
365 366
365 804
366 797
366 804
366 368
366 688
366 798
366 587
367 805
367 694
367 586
367 370
368 793
368 680
368 794
368 785
368 679
368 849
368 688
368 797
368 802
368 798
368 475
369 688
369 799
369 680
369 797
369 587
369 588
369 450
369 685
369 802
369 793
370 694
370 804
370 686
370 487
371 844
371 808
371 479
371 851
371 372
371 567
371 850
372 808
372 844
372 851
372 479
373 853
373 852
373 808
373 851
373 660
374 480
374 809
374 591
374 854
374 691
375 460
375 480
375 777
375 667
375 591
375 671
375 481
376 850
376 809
376 479
376 592
377 581
377 380
377 378
377 810
377 470
377 594
378 692
378 380
378 381
378 594
379 594
379 470
379 810
379 855
379 593
380 581
380 692
380 596
380 381
380 482
381 596
381 482
381 692
381 581
381 467
382 597
382 484
382 595
382 684
382 483
382 689
382 788
382 486
382 473
383 813
383 696
383 698
383 695
384 598
384 696
384 602
385 698
385 509
385 697
385 400
385 696
385 716
385 818
386 701
386 492
386 602
386 600
386 820
386 387
386 491
386 601
386 489
386 700
387 491
387 820
387 619
387 492
387 600
387 701
387 489
387 700
387 602
388 391
389 495
389 815
389 603
389 493
390 606
390 410
390 607
390 604
390 605
390 392
390 704
390 525
390 828
391 495
392 704
392 605
392 604
393 608
393 708
393 706
393 496
394 606
394 702
394 707
395 709
395 501
395 397
395 609
396 497
396 500
396 817
396 609
397 628
397 709
397 627
397 609
398 610
398 497
398 502
398 503
398 711
399 403
399 721
399 505
399 613
400 818
400 697
400 509
400 716
400 506
401 619
401 821
401 508
401 616
401 504
401 517
402 506
402 714
402 510
402 611
402 511
402 614
402 819
403 721
403 720
403 717
403 746
404 513
404 718
404 615
404 820
404 406
404 516
404 616
404 617
404 512
405 408
405 641
405 618
405 827
405 644
405 826
405 623
406 822
406 720
406 514
406 512
406 513
407 525
407 829
407 413
407 410
407 828
407 528
407 722
407 605
407 520
408 623
408 826
408 411
408 622
409 826
409 522
409 753
409 437
409 644
409 519
409 723
409 641
409 827
409 552
409 622
410 605
410 413
410 704
410 525
410 604
410 520
411 621
411 620
411 623
411 724
411 823
412 523
412 526
412 825
412 725
412 521
412 416
412 730
412 524
413 824
413 823
413 520
413 518
413 621
414 530
414 608
414 727
414 708
414 417
415 422
415 735
415 531
415 624
415 830
415 733
416 825
416 729
416 444
416 534
416 730
416 526
416 419
417 625
417 420
417 727
417 708
417 527
418 419
418 533
418 727
418 625
419 534
419 729
419 730
420 625
420 528
420 828
420 829
420 527
420 532
420 727
421 497
421 732
421 535
421 503
421 737
421 626
421 541
421 710
422 733
422 736
422 832
422 830
422 735
422 831
423 728
423 499
423 501
424 629
424 536
424 832
424 734
424 538
424 626
424 539
424 627
425 731
425 765
425 538
425 537
425 562
425 560
426 629
426 538
426 537
426 560
427 541
427 631
427 540
427 711
428 833
428 633
428 635
428 741
428 637
428 544
428 543
428 430
429 833
429 505
429 430
429 635
429 738
430 633
430 833
431 835
431 738
431 834
431 746
431 743
431 642
431 546
432 751
432 745
432 439
432 461
432 442
432 464
432 757
432 758
432 749
433 778
433 668
433 547
433 548
433 775
433 457
433 750
434 553
434 584
434 647
434 551
434 557
434 645
435 438
435 551
435 550
435 755
435 754
435 436
435 549
435 645
436 756
436 755
436 757
436 553
436 554
436 440
436 646
437 754
437 753
437 552
437 524
437 723
437 522
438 645
438 550
438 754
438 551
438 446
438 549
438 552
439 646
439 749
439 555
439 442
439 643
439 757
439 744
439 747
439 441
440 553
440 781
440 468
440 554
440 756
440 845
441 646
441 749
441 747
441 643
441 757
441 555
441 744
442 745
442 751
442 758
442 643
442 554
442 464
442 579
442 749
442 646
442 757
443 760
443 550
443 444
443 521
443 446
443 549
444 729
444 730
444 760
444 534
444 446
445 767
445 836
445 769
445 447
445 763
445 762
446 760
446 550
446 521
446 549
447 767
447 836
447 769
447 763
447 762
448 559
448 759
448 763
448 556
449 654
449 761
449 650
450 769
450 685
450 588
450 799
450 767
450 653
451 456
451 844
451 567
451 572
451 566
451 455
451 774
451 454
451 843
452 566
452 453
452 454
452 568
452 455
452 771
452 456
453 773
453 568
453 565
453 640
453 771
453 456
454 455
454 659
454 566
454 662
454 771
455 566
455 456
456 568
456 569
456 570
456 773
456 565
456 566
457 663
457 638
457 658
457 778
457 775
458 670
458 459
458 575
458 669
458 462
458 779
458 666
458 667
459 666
459 670
459 574
459 672
459 463
459 667
460 777
460 575
460 462
460 577
460 667
460 578
460 670
460 671
461 779
461 668
461 465
461 745
461 464
461 751
461 776
461 576
462 578
462 776
462 575
462 670
462 577
462 671
462 677
462 779
463 666
463 574
463 665
463 672
464 751
464 745
464 776
464 673
464 579
464 465
464 758
464 580
465 673
465 579
465 580
465 776
465 466
465 758
465 751
465 677
465 781
466 579
466 469
466 784
466 673
466 580
466 783
466 676
466 781
466 674
467 847
467 678
467 581
468 674
468 676
468 781
468 845
468 553
468 783
468 846
468 756
469 782
469 580
469 784
469 677
469 578
469 676
469 783
470 847
470 593
470 855
470 782
470 810
470 594
471 583
471 789
471 472
471 584
471 837
471 647
471 558
472 584
472 585
472 791
472 681
472 675
472 582
472 583
472 474
472 795
473 483
473 787
473 788
473 475
473 689
473 792
473 684
474 583
474 786
474 681
474 791
474 683
474 582
475 788
475 792
475 684
475 849
475 787
475 679
476 682
476 683
476 582
476 796
476 811
476 787
476 681
476 477
477 811
477 787
477 485
477 595
477 683
477 682
477 796
478 589
478 685
478 803
478 800
478 687
478 801
479 844
479 850
479 661
479 774
480 667
480 481
480 591
480 854
480 777
480 691
481 777
481 591
482 811
482 596
482 485
482 692
482 812
483 597
483 689
483 484
483 684
483 486
484 684
484 486
484 597
485 812
485 811
485 596
485 595
485 486
486 812
486 595
486 684
487 693
487 488
487 694
487 689
487 686
488 694
488 686
488 693
489 601
489 491
489 492
489 490
489 701
489 699
489 700
490 699
490 492
490 815
490 599
490 601
491 699
491 602
491 700
491 814
492 599
492 700
492 699
492 601
492 701
492 815
493 515
493 495
493 603
493 815
493 599
493 703
494 603
494 518
494 495
494 703
495 703
495 603
496 608
496 816
496 499
497 500
497 610
497 732
497 503
497 710
498 705
499 501
499 816
500 609
500 817
501 709
501 816
502 503
502 711
502 610
503 541
503 737
503 732
503 535
503 710
504 508
504 509
504 619
504 821
505 611
505 511
505 613
506 716
506 818
506 510
506 712
506 819
507 614
507 714
508 600
508 821
508 619
509 818
510 819
510 612
510 714
511 614
511 819
511 611
511 613
512 513
512 617
512 615
512 516
512 822
512 718
513 718
513 720
513 617
513 517
513 616
513 615
514 720
514 717
514 822
515 719
515 516
515 599
515 724
515 620
516 601
516 718
516 719
516 599
517 615
517 616
517 821
517 721
518 520
518 703
518 603
518 823
519 523
519 726
519 522
519 622
519 552
519 524
519 723
519 753
520 621
520 823
520 824
521 730
521 825
521 526
521 524
521 552
521 754
521 549
522 524
522 622
522 552
522 753
522 723
522 644
523 526
523 725
523 825
523 726
523 524
523 722
524 723
524 552
524 753
524 754
525 607
525 704
525 606
525 605
525 604
525 828
526 825
526 722
526 725
526 730
526 534
526 532
527 829
527 607
527 528
527 828
527 727
527 532
527 625
528 722
528 829
528 725
528 532
528 625
529 759
529 624
529 761
529 649
529 648
530 531
530 533
530 728
531 728
531 533
531 735
532 725
532 829
532 722
532 625
533 728
534 730
534 729
534 825
535 732
535 710
535 626
535 628
535 630
535 737
535 536
536 629
536 630
536 734
536 626
536 737
537 629
537 734
537 538
537 560
538 734
538 731
538 629
538 560
539 832
539 628
539 734
539 831
539 627
539 626
540 630
540 631
541 710
541 631
541 737
541 630
542 545
542 640
542 741
542 739
543 544
543 739
543 741
543 740
543 634
544 634
544 637
544 739
544 638
544 740
544 741
545 741
545 739
545 640
545 771
546 738
546 642
546 637
546 635
547 548
547 778
547 576
547 750
547 668
548 752
548 750
548 778
549 550
549 552
549 754
549 551
550 754
550 760
550 551
550 651
550 645
551 557
551 645
551 760
551 651
552 723
552 753
552 754
553 756
553 845
554 643
554 758
554 646
554 579
554 756
554 781
554 757
554 673
555 641
555 643
555 753
555 744
555 742
555 644
555 747
556 648
556 649
556 559
556 760
556 759
557 651
557 647
557 645
558 848
558 790
558 583
558 837
558 789
559 650
559 761
559 649
559 648
559 759
560 562
560 564
560 652
560 765
560 731
561 838
561 768
561 563
561 766
561 840
562 652
562 765
562 563
562 731
563 838
563 564
563 652
563 840
563 766
564 652
564 838
565 570
565 569
565 568
565 841
565 773
566 570
566 568
566 773
566 569
567 844
567 851
567 774
567 853
567 572
567 808
568 841
568 569
568 570
568 773
569 842
569 841
569 660
569 773
569 657
569 570
569 770
570 770
570 657
570 841
570 660
570 773
570 842
571 659
571 780
571 663
571 772
571 664
571 662
572 844
572 843
572 661
572 808
572 774
573 778
573 776
573 669
573 668
573 576
573 779
574 780
574 666
574 672
574 664
574 665
574 772
575 667
575 671
575 577
575 670
576 779
576 668
576 776
576 778
577 779
577 677
577 578
577 776
577 671
577 670
578 677
578 671
578 782
579 758
579 580
579 676
579 751
579 781
579 673
579 757
579 756
580 676
580 758
580 781
580 673
581 810
581 847
582 675
582 681
582 796
582 791
582 585
582 795
582 683
583 789
583 837
583 791
583 790
583 681
583 584
584 789
584 647
584 675
584 791
585 675
585 791
585 681
585 795
586 589
586 805
587 801
587 803
587 802
587 589
587 797
587 588
587 804
587 685
588 799
588 685
588 801
588 802
588 797
589 801
589 800
589 804
589 803
590 839
590 690
590 768
590 655
591 667
591 691
591 854
591 777
592 672
592 809
592 850
593 594
593 855
594 810
594 855
595 811
595 812
595 682
595 787
596 692
596 812
597 684
597 689
598 696
599 601
599 815
600 701
600 820
600 602
600 619
601 820
601 815
601 701
602 814
602 700
603 703
604 704
604 605
604 606
605 607
605 606
605 704
605 828
606 607
606 704
606 828
607 828
607 704
608 708
609 709
609 732
609 628
610 711
611 613
611 819
612 713
612 714
612 715
612 819
613 721
614 714
614 819
615 718
615 821
615 617
615 820
615 616
616 721
616 821
616 617
617 820
617 718
617 701
618 641
618 826
618 644
618 827
618 623
619 701
619 821
619 820
620 724
620 623
620 719
621 824
621 726
621 823
621 724
622 726
622 723
623 826
623 724
624 648
625 727
625 829
626 628
626 734
626 737
626 630
626 732
627 628
627 831
628 709
628 732
629 734
629 630
630 737
630 631
632 640
633 636
633 833
634 638
634 658
634 740
634 637
635 738
635 642
635 637
636 639
637 738
637 638
638 775
638 663
638 658
638 740
640 771
641 827
641 826
641 742
641 747
641 644
642 746
642 738
642 834
642 835
643 757
643 646
643 749
643 755
644 753
644 826
644 827
645 651
646 757
646 755
647 789
647 837
647 651
648 759
648 649
648 729
649 650
649 761
649 759
650 654
650 761
651 760
652 838
652 765
653 769
653 767
654 736
655 840
655 766
655 839
655 838
655 768
656 806
656 770
656 807
657 842
657 773
657 841
657 770
658 662
658 775
658 663
658 740
659 662
659 780
659 664
659 663
659 843
659 772
660 853
660 770
660 807
661 850
661 665
661 843
661 774
661 672
662 740
662 663
663 775
664 665
664 772
664 780
664 843
665 672
665 843
665 772
665 666
666 670
666 669
666 672
667 854
667 670
667 777
668 778
668 779
669 780
669 779
671 782
671 777
671 677
673 758
673 676
673 756
673 781
674 678
674 783
674 846
674 784
674 676
674 845
675 791
675 678
675 795
676 756
676 781
676 845
676 783
677 776
678 783
678 846
678 795
678 847
678 784
679 688
679 680
679 799
679 849
679 793
679 792
679 785
679 797
679 794
680 797
680 688
680 785
680 762
680 799
680 793
680 794
680 836
681 683
681 791
681 682
681 786
681 796
682 792
682 683
682 796
682 811
682 787
683 792
683 849
683 787
683 786
683 796
684 689
684 788
685 803
685 802
685 801
686 804
686 798
686 694
687 801
687 800
687 690
687 803
688 785
688 802
688 797
688 798
688 799
688 793
689 788
689 798
690 800
691 809
691 854
695 813
695 696
695 698
696 698
697 698
697 716
697 818
698 813
699 815
699 700
700 814
701 820
703 823
706 707
710 732
710 737
712 715
712 716
712 818
713 715
713 714
714 715
714 819
716 818
717 834
717 720
717 746
718 820
719 724
720 822
720 721
721 821
722 824
722 825
722 726
722 829
722 725
723 753
724 823
725 825
725 730
725 829
726 824
729 730
730 825
731 736
731 765
732 737
733 832
733 831
733 830
733 735
735 831
735 830
736 832
736 830
739 741
739 740
740 741
742 747
742 744
742 827
742 748
743 834
743 748
743 835
743 746
744 749
744 747
744 748
745 749
745 758
745 751
746 834
746 835
747 748
748 752
749 757
749 758
749 751
750 778
750 752
750 775
751 757
751 758
753 754
755 757
756 781
756 845
757 758
758 781
759 761
762 836
762 799
762 767
762 769
763 836
764 801
764 768
766 840
766 838
766 839
766 768
767 769
768 840
768 839
769 799
769 836
770 807
770 842
772 843
772 780
773 841
773 842
774 843
774 850
774 844
774 808
775 778
776 779
782 847
783 784
783 845
783 846
784 846
784 847
785 797
785 794
785 849
785 793
785 799
786 849
786 794
786 792
787 811
787 796
787 849
787 792
788 798
788 792
789 790
789 837
789 848
790 848
790 837
791 795
792 849
792 794
793 794
793 799
793 797
793 802
794 849
796 811
797 802
797 799
798 804
799 802
800 801
800 803
801 803
806 807
808 852
808 853
808 844
808 851
809 854
810 855
810 847
811 812
823 824
826 827
831 832
834 835
836 848
837 848
838 840
839 840
841 842
844 851
845 846
851 853
851 852
852 853
