0 114
0 116
0 113
1 115
1 219
1 116
1 317
1 5
2 316
2 116
2 218
2 328
3 4
3 6
3 118
3 5
4 118
4 5
4 117
4 6
4 319
4 219
5 115
5 319
5 6
5 317
5 219
5 118
5 117
6 118
6 114
7 120
7 221
7 8
7 119
8 122
8 221
8 236
8 11
9 320
9 321
10 14
10 222
10 121
10 224
10 223
10 13
10 11
11 222
11 122
11 14
11 13
11 224
12 224
12 119
12 14
13 224
13 222
13 14
13 121
13 225
13 223
14 119
14 224
14 221
14 222
15 143
15 16
15 142
15 226
16 126
16 143
16 35
16 226
16 125
16 324
17 20
17 132
17 229
17 18
17 228
17 19
18 228
18 231
18 129
18 229
19 131
19 228
19 128
19 130
19 326
20 246
20 229
20 41
20 147
20 327
20 35
20 230
20 126
20 129
21 251
21 22
21 234
21 152
21 135
21 25
21 133
21 43
21 248
22 135
22 234
22 133
22 232
22 25
22 43
22 134
23 235
23 27
23 136
23 138
24 238
24 27
24 29
24 48
24 156
24 45
25 135
25 152
25 26
25 137
25 232
26 137
26 330
26 136
26 232
27 136
27 138
27 235
28 332
28 237
28 139
28 236
28 30
29 48
29 257
29 45
29 156
29 154
29 238
29 139
30 239
30 140
30 139
30 154
31 141
31 243
31 335
31 142
31 34
32 240
32 140
32 33
33 335
33 140
33 240
33 241
33 337
34 52
34 242
34 141
34 157
34 36
34 243
35 41
35 143
35 339
35 246
35 126
36 244
36 55
36 37
36 242
36 353
37 244
37 245
37 148
37 39
38 144
38 42
38 146
39 42
39 57
39 145
39 245
39 148
39 247
39 40
40 148
40 42
40 245
40 57
40 145
40 263
40 260
41 230
41 147
41 327
41 126
41 246
41 129
42 245
42 340
42 260
42 145
42 148
42 357
42 247
42 146
43 248
43 135
43 234
43 152
43 251
44 250
44 149
44 265
44 151
45 238
45 48
45 253
45 156
46 253
46 343
46 153
47 49
47 273
47 170
47 63
47 155
47 50
48 50
48 156
48 257
49 344
49 255
49 155
49 346
50 344
50 156
50 63
50 252
50 256
50 155
51 349
51 54
51 53
51 350
52 243
52 162
52 157
52 258
52 351
53 158
53 54
53 258
53 349
54 349
54 350
54 255
55 259
55 163
55 160
56 356
56 160
56 74
56 159
56 173
56 161
56 354
56 163
57 260
57 358
57 263
57 58
57 148
57 166
57 145
58 260
58 357
58 145
59 78
59 262
59 164
59 166
59 261
59 80
59 284
59 76
59 359
60 266
60 265
60 362
61 167
61 83
61 183
61 286
62 151
62 361
62 169
62 268
62 254
63 269
63 67
63 256
63 275
63 276
64 272
64 66
64 187
64 363
64 65
65 187
65 70
65 68
65 90
66 380
66 187
66 272
67 271
67 276
67 269
67 275
68 171
68 71
68 281
68 70
69 364
69 159
69 74
69 282
69 278
69 280
69 172
70 277
70 281
70 92
70 190
70 90
70 381
70 171
71 274
71 409
72 74
72 282
72 75
72 175
72 172
73 175
73 368
73 75
73 178
73 283
73 79
73 174
73 176
74 173
74 159
74 172
74 282
75 172
75 176
75 283
75 174
75 175
75 368
75 299
76 78
76 262
76 284
76 164
76 80
77 371
77 81
77 285
77 373
77 182
78 166
78 372
78 164
78 284
78 80
78 177
79 304
79 178
79 181
79 375
79 174
79 298
79 179
79 180
80 181
80 284
80 372
80 164
80 285
81 180
81 371
81 303
81 376
81 285
81 373
81 182
82 87
82 185
82 84
82 184
83 184
83 183
83 185
83 84
84 184
84 87
84 185
85 289
85 86
86 379
86 377
87 287
87 203
87 185
88 296
88 291
88 187
88 90
88 290
89 91
89 290
89 206
89 188
90 187
90 381
90 291
90 92
91 292
91 188
92 191
92 190
92 277
92 381
93 383
93 294
93 382
93 94
93 191
94 382
94 295
94 293
94 189
94 294
94 106
95 98
95 192
95 194
95 97
95 195
95 299
96 192
96 295
96 193
96 367
96 175
96 189
97 192
97 98
97 195
97 193
97 384
97 297
98 194
98 300
98 387
98 388
98 211
98 196
99 197
99 199
99 390
99 100
99 392
99 301
99 391
100 199
100 393
100 391
100 301
100 392
101 306
101 102
101 203
101 103
102 204
102 203
102 103
102 306
103 306
103 305
104 204
104 395
104 397
105 207
105 308
105 107
105 401
105 208
106 297
106 294
106 210
106 108
106 208
107 207
107 401
107 308
108 208
108 207
108 210
108 209
108 312
108 109
108 311
109 210
109 311
109 297
109 309
109 211
109 312
109 209
110 214
110 112
110 212
110 111
110 216
110 313
110 302
111 214
111 217
111 213
111 315
111 216
111 212
112 211
112 302
112 300
112 313
112 214
112 196
113 114
114 118
115 219
115 317
115 329
116 218
116 316
117 319
117 219
117 318
119 221
119 222
120 320
120 322
120 220
121 223
121 224
121 123
121 225
122 222
122 408
123 225
124 132
124 325
125 323
125 227
126 327
126 229
126 246
126 143
126 230
127 323
128 131
128 228
128 326
128 130
129 246
129 231
129 327
129 229
129 144
129 341
129 147
129 230
130 326
130 131
131 326
131 228
132 324
132 228
132 325
133 328
133 233
133 134
133 234
133 135
134 328
134 233
134 135
134 329
134 232
134 218
135 234
135 152
135 251
135 233
135 232
136 330
136 334
136 138
136 235
137 330
137 152
138 236
138 333
138 235
138 331
138 334
139 257
139 154
139 237
139 348
140 240
140 332
141 243
141 241
141 337
141 142
141 335
141 240
142 143
142 241
142 226
142 242
142 338
142 335
143 339
143 226
143 338
144 147
144 146
144 247
145 340
145 146
145 260
145 357
145 247
145 263
145 148
146 260
146 357
146 247
146 340
147 327
147 246
147 341
148 260
148 245
148 247
148 263
149 264
149 150
149 250
149 168
149 248
150 168
150 250
150 264
151 265
151 362
151 361
151 254
151 153
153 254
153 253
153 343
154 257
154 239
154 255
154 347
154 348
155 273
155 345
155 274
155 170
156 253
156 238
156 257
157 258
157 243
157 162
157 351
158 258
158 278
158 351
158 159
158 162
159 354
159 162
159 161
159 356
159 173
159 282
159 160
160 162
160 352
160 354
160 161
160 356
160 163
160 353
161 259
161 163
161 354
161 352
161 165
161 355
161 356
161 173
162 351
162 356
163 354
163 355
163 173
163 352
163 259
163 165
164 359
164 372
164 262
164 166
164 358
164 261
164 165
165 372
165 259
165 177
165 369
165 355
166 261
166 359
166 262
166 358
166 263
167 360
167 267
167 266
167 183
168 342
168 250
168 264
168 266
169 378
169 270
170 274
170 345
170 273
171 280
171 409
171 277
171 281
172 366
172 280
172 279
172 365
172 282
172 370
172 364
172 175
173 282
173 356
173 354
173 283
173 369
173 355
174 176
174 369
174 180
174 283
174 179
174 375
174 177
174 368
174 178
174 374
174 181
175 368
175 385
175 367
175 299
175 176
175 370
176 368
176 385
176 194
176 299
176 283
176 367
176 298
176 375
176 179
177 372
177 181
177 369
177 178
177 180
177 374
178 283
178 298
178 180
178 374
178 181
178 179
178 375
179 298
179 194
179 180
179 375
179 299
179 304
180 285
180 375
180 376
180 181
180 374
180 304
181 374
181 372
181 375
181 285
182 371
182 376
182 285
182 303
182 373
183 186
183 410
183 185
183 360
185 186
185 288
186 410
186 288
187 291
187 272
188 292
188 290
188 206
188 296
189 295
189 190
189 293
189 191
189 193
190 191
190 277
190 381
191 382
191 290
191 381
191 383
191 296
192 295
192 193
192 384
192 195
192 386
192 194
192 385
193 195
193 367
193 386
193 384
193 295
193 385
193 293
194 298
194 386
194 299
194 385
195 384
195 386
195 210
195 297
196 388
196 313
196 387
196 211
196 300
196 405
196 389
197 301
197 390
197 199
197 302
197 214
197 393
197 389
197 212
197 198
198 199
198 390
198 301
198 302
198 389
198 300
199 214
199 302
199 393
199 390
199 301
199 407
199 391
199 315
199 212
200 394
200 305
200 202
200 201
201 305
201 202
201 394
202 305
202 394
203 396
203 287
203 204
204 397
204 400
204 396
205 206
205 307
205 398
205 399
206 399
206 398
206 307
207 403
207 208
207 308
207 209
208 209
208 403
208 312
208 210
209 406
209 403
209 311
209 312
209 210
210 311
210 211
210 297
210 312
211 405
211 312
211 300
211 309
211 387
211 297
211 388
211 313
212 301
212 214
212 407
212 315
212 302
212 393
213 217
214 313
214 302
214 389
214 407
214 216
214 315
215 404
215 314
215 313
215 216
215 310
216 217
216 314
218 316
218 329
218 328
219 318
219 317
219 319
220 320
221 322
221 321
221 222
222 224
222 408
223 224
223 408
223 225
224 408
224 225
225 323
226 338
226 241
227 323
228 229
228 326
228 230
229 341
229 327
229 246
229 230
230 327
230 246
231 341
232 329
233 328
233 234
234 251
234 249
234 248
235 330
235 334
236 333
236 237
236 331
237 333
237 331
237 332
238 257
239 336
239 347
239 348
240 337
240 335
240 241
241 335
241 337
242 338
242 243
242 244
243 335
244 245
244 339
245 247
246 327
247 260
247 357
247 340
248 249
248 251
249 251
250 264
250 342
250 265
252 253
252 271
252 275
252 256
252 254
253 256
253 343
254 271
254 361
254 268
255 348
255 346
255 347
256 344
256 275
257 348
257 346
258 351
258 349
258 336
259 355
259 352
260 263
260 358
260 340
260 357
261 359
261 262
261 358
261 284
262 359
262 284
263 358
263 357
264 266
264 342
265 362
265 342
265 267
265 361
266 267
266 360
266 342
267 360
267 362
268 270
268 275
268 269
268 271
269 271
269 276
269 272
269 270
269 275
270 378
271 275
271 276
272 363
272 380
273 274
273 345
273 276
273 409
274 409
274 350
274 345
275 276
277 381
277 280
277 365
277 279
277 281
278 350
279 364
279 366
279 280
279 365
279 367
280 365
280 364
280 366
281 409
281 381
282 283
282 370
282 364
283 369
283 368
284 285
284 373
285 373
285 371
285 376
287 396
288 289
288 410
289 378
289 379
289 377
290 291
290 296
292 400
293 384
293 295
294 382
294 402
294 383
295 384
295 367
295 386
296 383
296 382
297 312
297 405
297 384
298 304
298 375
298 299
299 375
299 368
299 386
299 385
300 405
300 313
300 389
300 388
300 387
301 393
301 391
301 389
301 392
301 390
301 302
302 315
302 313
302 389
302 407
302 390
302 393
303 392
303 376
303 391
303 371
304 375
305 394
306 397
306 395
307 398
307 399
307 401
308 401
308 403
309 404
309 311
309 313
309 405
309 314
309 310
309 312
309 406
310 405
310 314
310 312
310 406
310 404
310 311
310 313
311 404
311 312
311 406
312 405
312 404
312 406
313 314
313 404
313 389
313 405
314 404
315 407
315 393
316 329
317 319
318 334
320 321
320 322
321 322
324 325
327 341
328 329
331 334
331 333
332 333
335 337
338 339
340 357
342 362
344 346
345 350
346 347
346 348
347 348
349 350
352 354
352 356
352 353
352 355
354 355
354 356
355 369
355 356
357 358
358 359
361 362
364 365
364 370
364 366
365 367
365 370
365 366
366 370
367 370
367 386
367 385
368 375
368 370
368 385
369 374
371 376
371 373
371 392
372 374
373 376
374 375
377 379
382 383
382 402
383 402
384 386
384 385
385 386
387 388
387 405
387 389
388 389
388 405
389 390
390 393
390 392
390 391
391 393
391 392
393 407
395 397
396 397
397 400
398 399
398 401
401 402
404 405
404 406
