0 5
0 114
0 6
0 115
0 116
0 1
0 316
0 118
0 317
0 4
0 113
1 117
1 5
1 115
1 219
1 116
1 4
1 218
1 2
1 329
1 317
1 316
2 329
2 116
2 316
2 133
2 218
2 115
2 134
2 233
2 328
3 5
3 4
3 114
3 219
3 117
3 319
3 6
3 9
3 220
3 118
4 318
4 319
4 114
4 115
4 9
4 117
4 219
4 118
4 5
4 317
4 6
5 317
5 118
5 117
5 116
5 115
5 114
5 319
5 6
5 219
6 113
6 118
6 319
6 317
6 114
6 219
7 122
7 221
7 14
7 322
7 9
7 8
7 119
7 222
7 11
7 120
7 321
7 12
7 320
8 122
8 236
8 11
8 237
8 333
8 221
8 138
8 222
8 321
8 14
8 119
8 322
8 9
8 28
8 331
9 322
9 331
9 321
9 220
9 320
9 138
9 120
9 319
9 334
9 23
9 318
9 117
10 12
10 13
10 221
10 33
10 224
10 122
10 11
10 225
10 123
10 14
10 222
10 121
10 223
10 408
11 222
11 28
11 121
11 119
11 13
11 224
11 12
11 33
11 221
11 122
11 14
11 408
11 223
12 223
12 224
12 119
12 225
12 121
12 221
12 123
12 13
12 222
12 14
13 121
13 225
13 223
13 224
13 222
13 33
13 119
13 221
13 123
13 227
13 14
13 408
13 122
14 224
14 121
14 225
14 119
14 408
14 222
14 223
14 122
14 123
14 221
15 143
15 227
15 241
15 33
15 16
15 142
15 125
15 226
15 337
15 35
15 126
15 141
15 338
15 31
15 335
16 338
16 143
16 226
16 339
16 227
16 35
16 125
16 324
16 241
16 126
16 132
16 325
16 142
17 230
17 126
17 327
17 131
17 132
17 229
17 326
17 130
17 228
17 19
17 20
17 124
17 129
17 18
17 128
17 246
18 41
18 131
18 231
18 326
18 128
18 19
18 341
18 228
18 327
18 129
18 229
18 246
18 147
18 20
18 144
18 130
18 230
19 228
19 326
19 132
19 128
19 131
19 229
19 130
20 229
20 143
20 327
20 230
20 341
20 126
20 129
20 246
20 132
20 41
20 35
20 324
20 147
20 228
21 152
21 234
21 25
21 43
21 233
21 251
21 22
21 135
21 232
21 134
21 249
21 133
21 248
22 234
22 328
22 137
22 329
22 152
22 232
22 134
22 26
22 233
22 251
22 135
22 248
22 133
22 25
22 43
23 219
23 235
23 27
23 136
23 117
23 26
23 330
23 318
23 138
23 334
24 238
24 29
24 257
24 253
24 45
24 46
24 156
24 136
24 343
24 235
24 48
24 26
24 137
24 330
24 27
25 135
25 251
25 330
25 134
25 232
25 152
25 43
25 26
25 137
25 234
26 235
26 330
26 232
26 27
26 136
26 135
26 137
26 152
27 138
27 235
27 331
27 330
27 136
27 238
27 334
27 29
28 236
28 32
28 332
28 331
28 237
28 333
28 138
28 140
28 139
28 30
28 154
28 122
29 48
29 257
29 139
29 235
29 156
29 348
29 30
29 154
29 45
29 346
29 49
29 238
30 140
30 32
30 255
30 139
30 348
30 239
30 336
30 347
30 332
30 237
30 257
30 154
31 36
31 141
31 337
31 33
31 241
31 336
31 32
31 240
31 335
31 142
31 52
31 243
31 338
31 157
31 34
31 242
32 140
32 141
32 239
32 335
32 122
32 240
32 336
32 332
32 33
32 337
33 121
33 223
33 142
33 408
33 141
33 335
33 140
33 241
33 337
33 240
33 122
34 162
34 141
34 36
34 353
34 160
34 157
34 338
34 52
34 242
34 335
34 142
34 243
34 351
34 258
35 143
35 324
35 246
35 142
35 327
35 41
35 339
35 230
35 338
35 242
35 37
35 245
35 126
35 244
35 226
35 229
36 160
36 338
36 55
36 37
36 242
36 259
36 244
36 243
36 245
36 52
36 352
36 157
36 353
37 42
37 148
37 39
37 41
37 246
37 40
37 245
37 339
37 244
37 338
37 242
37 55
38 39
38 147
38 42
38 144
38 145
38 340
38 247
38 341
38 129
38 231
38 146
39 146
39 357
39 148
39 42
39 340
39 55
39 245
39 57
39 244
39 145
39 247
39 41
39 260
39 147
39 40
39 263
40 357
40 166
40 148
40 42
40 263
40 358
40 340
40 244
40 55
40 245
40 57
40 145
40 247
40 260
40 58
40 146
41 245
41 42
41 129
41 244
41 230
41 341
41 327
41 229
41 339
41 147
41 126
41 143
41 247
41 246
42 357
42 146
42 245
42 58
42 340
42 147
42 144
42 145
42 263
42 57
42 260
42 148
42 247
43 135
43 234
43 249
43 149
43 248
43 44
43 251
43 133
43 250
43 152
44 168
44 149
44 264
44 46
44 150
44 265
44 152
44 151
44 153
44 361
44 248
44 342
44 60
44 362
44 250
45 46
45 156
45 344
45 257
45 50
45 343
45 153
45 253
45 256
45 252
45 238
45 48
46 137
46 343
46 152
46 361
46 254
46 153
46 151
46 252
46 253
46 156
47 275
47 346
47 274
47 170
47 276
47 63
47 49
47 256
47 67
47 255
47 345
47 273
47 344
47 155
47 50
48 154
48 49
48 346
48 50
48 238
48 156
48 256
48 252
48 257
48 253
48 344
49 344
49 51
49 257
49 255
49 50
49 256
49 350
49 347
49 348
49 274
49 155
49 346
49 54
49 170
49 273
49 154
49 345
50 344
50 156
50 63
50 170
50 67
50 275
50 252
50 155
50 273
50 253
50 256
50 346
50 276
50 257
51 71
51 53
51 349
51 278
51 255
51 258
51 54
51 345
51 350
51 274
51 158
52 243
52 157
52 158
52 349
52 160
52 336
52 351
52 162
52 53
52 141
52 242
52 258
52 353
53 158
53 157
53 239
53 278
53 336
53 255
53 162
53 351
53 258
53 350
53 54
53 349
54 278
54 349
54 258
54 347
54 239
54 158
54 274
54 345
54 350
54 255
54 71
54 170
54 155
55 259
55 163
55 165
55 148
55 353
55 57
55 263
55 352
55 355
55 245
55 161
55 244
55 160
56 160
56 74
56 352
56 161
56 162
56 69
56 354
56 163
56 282
56 355
56 356
56 158
56 165
56 72
56 159
56 173
57 164
57 259
57 260
57 247
57 58
57 245
57 359
57 358
57 263
57 148
57 166
57 357
57 261
57 145
58 148
58 166
58 262
58 263
58 247
58 146
58 260
58 340
58 358
58 261
58 359
58 145
58 59
58 357
59 164
59 358
59 372
59 284
59 78
59 262
59 166
59 261
59 80
59 76
59 359
60 266
60 360
60 267
60 250
60 149
60 361
60 62
60 150
60 362
60 151
60 342
60 264
60 168
60 167
60 265
61 186
61 167
61 83
61 286
61 184
61 410
61 267
61 183
61 266
61 360
62 270
62 169
62 153
62 271
62 167
62 151
62 361
62 268
62 269
62 267
62 254
62 362
62 265
62 252
63 256
63 344
63 276
63 64
63 269
63 67
63 273
63 268
63 155
63 272
63 170
63 271
63 252
63 275
64 170
64 70
64 272
64 380
64 273
64 65
64 269
64 66
64 187
64 67
64 90
64 291
64 276
64 363
64 68
65 363
65 66
65 92
65 90
65 277
65 381
65 187
65 291
65 281
65 88
65 70
65 272
65 171
65 68
66 377
66 270
66 67
66 85
66 380
66 291
66 272
66 363
66 269
66 378
66 86
66 187
67 363
67 273
67 269
67 272
67 268
67 275
67 271
67 252
67 256
67 270
67 170
67 276
67 155
68 274
68 71
68 281
68 381
68 187
68 363
68 277
68 90
68 170
68 92
68 171
68 409
68 273
68 70
69 158
69 366
69 74
69 282
69 370
69 365
69 71
69 364
69 278
69 72
69 280
69 173
69 159
69 172
70 189
70 296
70 291
70 187
70 277
70 92
70 90
70 171
70 281
70 190
70 88
70 381
70 191
70 279
71 366
71 409
71 171
71 274
71 350
71 170
71 345
71 155
71 281
71 278
71 280
71 273
72 74
72 370
72 280
72 366
72 75
72 96
72 176
72 172
72 367
72 173
72 282
72 174
72 283
72 175
72 159
72 368
72 364
72 73
72 279
72 365
73 299
73 374
73 181
73 385
73 283
73 298
73 179
73 180
73 175
73 282
73 75
73 178
73 174
73 74
73 370
73 177
73 173
73 369
73 176
73 172
73 368
73 194
73 79
73 375
74 369
74 173
74 283
74 278
74 163
74 280
74 161
74 366
74 75
74 370
74 356
74 175
74 364
74 159
74 172
74 354
74 282
75 79
75 96
75 385
75 370
75 172
75 194
75 175
75 299
75 176
75 283
75 174
75 386
75 298
75 375
75 364
75 179
75 282
75 95
75 367
75 178
75 193
75 368
75 192
76 78
76 359
76 262
76 166
76 80
76 177
76 372
76 284
76 373
76 285
76 181
76 182
76 164
76 77
76 261
77 81
77 373
77 80
77 392
77 303
77 371
77 285
77 182
77 376
77 284
77 181
77 180
78 181
78 284
78 359
78 285
78 374
78 166
78 262
78 177
78 372
78 164
78 80
78 165
78 261
78 180
79 368
79 181
79 178
79 283
79 194
79 175
79 180
79 299
79 304
79 174
79 298
79 375
79 177
79 374
79 176
79 179
80 373
80 165
80 376
80 81
80 374
80 261
80 177
80 166
80 262
80 284
80 359
80 180
80 285
80 181
80 372
80 182
80 164
81 304
81 181
81 376
81 99
81 100
81 180
81 303
81 392
81 373
81 371
81 285
81 182
82 185
82 287
82 87
82 202
82 84
82 394
82 305
82 200
82 186
82 288
82 201
82 83
82 184
83 183
83 410
83 185
83 286
83 184
83 84
83 288
83 167
83 186
84 184
84 288
84 185
84 186
84 201
84 394
84 305
84 202
84 183
84 410
84 87
84 287
85 87
85 86
85 186
85 185
85 379
85 287
85 289
85 378
85 288
85 377
86 378
86 289
86 379
86 377
86 292
86 204
86 380
86 287
87 203
87 202
87 289
87 288
87 287
87 396
87 101
87 305
87 201
87 103
87 185
87 102
88 381
88 191
88 89
88 296
88 90
88 290
88 91
88 291
88 187
88 92
88 292
88 188
88 93
88 190
89 291
89 292
89 188
89 290
89 93
89 307
89 206
89 91
89 205
89 296
89 402
90 187
90 296
90 281
90 190
90 92
90 191
90 277
90 171
90 290
90 363
90 381
90 291
91 400
91 307
91 205
91 292
91 204
91 399
91 296
91 206
91 104
91 188
91 291
91 290
92 296
92 281
92 187
92 93
92 189
92 190
92 290
92 191
92 291
92 277
92 381
92 171
92 279
93 383
93 382
93 107
93 191
93 106
93 290
93 190
93 105
93 296
93 189
93 188
93 94
93 294
93 402
93 293
94 382
94 193
94 189
94 383
94 384
94 210
94 294
94 297
94 295
94 106
94 402
94 190
94 96
94 195
94 293
94 191
94 97
94 192
95 98
95 194
95 196
95 385
95 297
95 384
95 198
95 97
95 387
95 211
95 176
95 193
95 175
95 299
95 96
95 386
95 179
95 192
95 298
95 388
95 195
95 300
96 190
96 367
96 279
96 192
96 293
96 384
96 193
96 176
96 172
96 385
96 194
96 295
96 97
96 386
96 195
96 299
96 365
96 175
96 189
97 98
97 193
97 211
97 295
97 189
97 192
97 210
97 299
97 300
97 293
97 387
97 388
97 109
97 386
97 405
97 297
97 385
97 195
97 196
97 106
97 384
97 194
98 194
98 298
98 386
98 195
98 299
98 387
98 192
98 179
98 405
98 210
98 384
98 198
98 193
98 211
98 302
98 297
98 385
98 112
98 196
98 300
98 313
98 388
98 197
98 389
99 393
99 303
99 315
99 392
99 302
99 212
99 197
99 391
99 301
99 304
99 199
99 390
99 100
99 198
100 199
100 390
100 212
100 391
100 301
100 302
100 392
100 303
100 197
100 393
100 198
100 315
101 103
101 287
101 102
101 104
101 397
101 306
101 396
101 305
101 204
101 395
101 203
102 397
102 104
102 395
102 204
102 103
102 203
102 396
102 287
102 306
103 203
103 202
103 305
103 201
103 306
103 200
104 292
104 395
104 400
104 397
104 306
104 204
104 307
104 399
104 205
104 206
105 207
105 308
105 294
105 403
105 206
105 402
105 209
105 398
105 107
105 108
105 401
105 208
105 106
106 293
106 403
106 312
106 210
106 108
106 207
106 311
106 211
106 109
106 294
106 384
106 208
106 297
106 209
106 107
106 195
107 402
107 308
107 205
107 207
107 401
107 208
107 206
107 307
107 294
107 398
107 403
108 310
108 406
108 312
108 109
108 311
108 208
108 207
108 297
108 209
108 308
108 210
108 403
108 309
108 211
109 309
109 211
109 405
109 210
109 196
109 404
109 209
109 195
109 403
109 112
109 313
109 208
109 312
109 311
109 297
109 310
109 406
110 214
110 217
110 393
110 111
110 315
110 197
110 215
110 302
110 212
110 313
110 389
110 407
110 301
110 198
110 112
110 199
110 216
110 314
110 196
111 215
111 214
111 217
111 315
111 216
111 407
111 199
111 213
111 393
111 302
111 212
112 198
112 404
112 199
112 405
112 387
112 211
112 309
112 388
112 300
112 212
112 310
112 389
112 313
112 216
112 302
112 214
112 196
112 314
112 215
112 197
113 118
113 116
113 114
114 317
114 118
114 116
114 319
115 317
115 316
115 134
115 319
115 329
115 117
115 219
115 116
115 218
116 316
116 218
116 317
116 329
117 334
117 317
117 219
117 118
117 136
117 319
117 318
118 219
118 319
118 317
119 120
119 122
119 224
119 321
119 221
119 322
119 222
120 322
120 220
120 221
120 320
120 321
121 408
121 223
121 224
121 222
121 241
121 323
121 125
121 227
121 123
121 122
121 225
122 222
122 224
122 223
122 240
122 332
122 221
122 333
122 408
122 236
122 237
122 140
123 224
123 125
123 227
123 223
123 127
123 225
123 323
124 125
124 324
124 127
124 132
124 325
125 241
125 325
125 324
125 143
125 223
125 227
125 323
125 127
125 226
125 225
126 230
126 129
126 327
126 339
126 324
126 228
126 325
126 147
126 226
126 229
126 132
126 143
126 246
127 323
127 227
127 325
127 225
128 229
128 326
128 130
128 131
128 132
128 228
129 341
129 231
129 147
129 230
129 327
129 229
129 247
129 228
129 246
129 144
130 326
130 228
130 131
131 132
131 326
131 228
132 327
132 228
132 229
132 324
132 230
132 325
133 233
133 329
133 232
133 218
133 328
133 135
133 251
133 134
133 249
133 234
134 328
134 233
134 329
134 135
134 251
134 234
134 232
134 218
135 152
135 137
135 234
135 249
135 248
135 329
135 251
135 233
135 328
135 232
136 330
136 318
136 331
136 235
136 334
136 137
136 238
136 138
137 343
137 330
137 152
137 232
138 236
138 237
138 333
138 318
138 235
138 331
138 334
139 332
139 236
139 257
139 239
139 140
139 347
139 238
139 346
139 154
139 348
139 333
139 237
140 237
140 336
140 335
140 240
140 239
140 337
140 141
140 332
140 408
141 336
141 241
141 335
141 240
141 226
141 157
141 142
141 338
141 243
141 337
141 242
142 226
142 242
142 338
142 243
142 339
142 240
142 143
142 241
142 337
142 335
143 230
143 244
143 246
143 241
143 325
143 226
143 324
143 339
143 338
143 242
144 231
144 145
144 340
144 146
144 341
144 147
144 246
144 247
145 260
145 357
145 247
145 148
145 245
145 340
145 146
145 263
145 166
145 358
146 147
146 247
146 357
146 340
146 260
146 148
147 246
147 229
147 327
147 341
147 231
147 245
147 340
147 230
147 247
148 357
148 247
148 358
148 260
148 340
148 244
148 245
148 263
149 342
149 249
149 362
149 248
149 150
149 265
149 264
149 168
149 251
149 250
150 249
150 342
150 266
150 250
150 264
150 168
150 248
151 265
151 250
151 362
151 267
151 342
151 268
151 254
151 271
151 361
151 153
152 251
152 153
152 232
152 343
152 234
152 248
153 254
153 156
153 253
153 268
153 252
153 256
153 265
153 362
153 361
153 343
154 344
154 255
154 348
154 257
154 156
154 238
154 346
154 239
154 347
155 273
155 346
155 255
155 275
155 274
155 345
155 350
155 170
155 276
155 344
155 256
156 253
156 256
156 257
156 344
156 343
156 238
156 252
156 346
157 349
157 243
157 162
157 335
157 242
157 258
157 158
157 160
157 351
157 353
157 336
158 160
158 278
158 356
158 350
158 351
158 162
158 258
158 349
158 159
159 354
159 356
159 364
159 161
159 160
159 163
159 282
159 352
159 351
159 162
159 355
159 173
159 278
160 162
160 163
160 173
160 352
160 353
160 354
160 355
160 351
160 161
160 356
160 259
161 354
161 353
161 352
161 177
161 173
161 369
161 259
161 165
161 283
161 163
161 282
161 355
161 356
161 162
162 278
162 354
162 351
162 258
162 163
162 352
162 349
162 353
162 356
162 243
163 369
163 356
163 259
163 353
163 352
163 165
163 355
163 173
163 354
164 358
164 261
164 165
164 359
164 262
164 166
164 263
164 177
164 372
164 284
164 181
164 259
165 181
165 354
165 166
165 374
165 174
165 352
165 283
165 173
165 372
165 259
165 177
165 369
165 355
166 261
166 259
166 372
166 284
166 358
166 359
166 262
166 263
166 357
166 260
167 360
167 286
167 410
167 183
167 288
167 169
167 186
167 267
167 266
168 265
168 342
168 266
168 362
168 250
168 264
169 378
169 271
169 270
169 186
169 269
169 267
169 268
169 360
170 274
170 409
170 275
170 344
170 350
170 345
170 273
170 255
170 256
170 276
170 363
171 409
171 365
171 277
171 190
171 366
171 281
171 279
171 280
171 381
172 277
172 278
172 364
172 176
172 175
172 280
172 279
172 365
172 366
172 282
172 368
172 367
172 283
172 370
173 174
173 370
173 356
173 283
173 369
173 355
173 282
173 354
173 177
173 259
173 352
174 176
174 298
174 375
174 177
174 299
174 372
174 175
174 304
174 180
174 368
174 178
174 181
174 369
174 283
174 179
174 374
175 298
175 367
175 193
175 295
175 375
175 385
175 192
175 280
175 176
175 283
175 194
175 179
175 368
175 386
175 282
175 365
175 279
175 299
175 364
175 370
176 368
176 375
176 178
176 367
176 179
176 304
176 192
176 370
176 193
176 385
176 194
176 386
176 298
176 282
176 299
176 374
176 283
177 178
177 375
177 374
177 285
177 283
177 372
177 181
177 369
177 355
177 179
177 180
178 298
178 374
178 369
178 304
178 299
178 375
178 180
178 283
178 372
178 181
178 179
178 376
178 368
178 285
179 181
179 283
179 180
179 375
179 299
179 304
179 374
179 298
179 194
179 368
179 385
179 198
180 285
180 373
180 374
180 375
180 303
180 376
180 181
180 304
180 182
180 298
180 372
180 371
181 304
181 285
181 369
181 284
181 375
181 283
181 374
181 376
181 373
181 298
181 182
181 372
181 371
182 373
182 376
182 371
182 392
182 303
182 284
182 285
183 286
183 410
183 185
183 267
183 184
183 186
183 288
183 360
184 186
184 410
184 286
184 288
184 185
185 186
185 289
185 287
185 288
185 410
186 360
186 378
186 288
186 410
186 287
186 289
187 272
187 381
187 380
187 291
187 363
187 290
188 290
188 292
188 291
188 402
188 382
188 307
188 383
188 296
188 205
188 206
188 400
189 279
189 190
189 193
189 384
189 277
189 295
189 367
189 192
189 294
189 293
189 365
189 383
189 382
189 191
189 195
189 386
190 381
190 281
190 295
190 279
190 365
190 290
190 293
190 191
190 277
190 382
190 383
190 296
191 291
191 296
191 293
191 290
191 381
191 277
191 295
191 383
191 294
191 382
191 402
192 299
192 386
192 300
192 387
192 193
192 388
192 194
192 293
192 195
192 297
192 295
192 384
192 367
192 211
192 298
192 385
193 367
193 386
193 385
193 279
193 384
193 295
193 299
193 293
193 195
193 194
193 297
194 385
194 304
194 195
194 367
194 368
194 298
194 388
194 198
194 299
194 389
194 375
194 386
194 196
194 387
194 384
194 300
195 211
195 210
195 297
195 385
195 384
195 405
195 299
195 387
195 293
195 386
195 196
195 367
195 295
195 300
195 388
196 210
196 404
196 309
196 297
196 212
196 211
196 405
196 310
196 388
196 387
196 300
196 214
196 389
196 197
196 312
196 302
196 198
196 313
196 314
197 304
197 313
197 199
197 407
197 212
197 198
197 391
197 393
197 390
197 392
197 302
197 389
197 315
197 301
197 214
197 300
197 387
198 214
198 407
198 315
198 300
198 390
198 298
198 212
198 301
198 391
198 313
198 304
198 199
198 388
198 389
198 392
198 387
198 302
198 393
199 393
199 390
199 212
199 392
199 301
199 214
199 303
199 407
199 389
199 302
199 315
199 391
200 305
200 394
200 201
200 202
201 305
201 202
201 394
202 305
202 394
203 396
203 305
203 287
203 306
203 397
203 204
204 287
204 377
204 306
204 396
204 395
204 379
204 397
204 292
204 400
205 307
205 401
205 206
205 400
205 399
205 398
206 307
206 402
206 400
206 292
206 398
206 401
206 290
206 399
207 403
207 294
207 308
207 311
207 209
207 208
207 401
207 210
207 312
208 209
208 311
208 406
208 210
208 294
208 297
208 401
208 308
208 403
208 312
209 403
209 404
209 312
209 297
209 210
209 311
209 310
209 406
209 309
209 308
210 310
210 406
210 311
210 297
210 384
210 294
210 309
210 300
210 405
210 211
210 388
210 312
210 403
211 310
211 313
211 389
211 312
211 388
211 405
211 300
211 309
211 314
211 404
211 384
211 214
211 297
211 311
211 387
211 406
212 390
212 217
212 313
212 391
212 301
212 314
212 302
212 315
212 214
212 407
212 215
212 393
212 389
212 216
213 315
213 217
213 216
214 301
214 389
214 407
214 387
214 215
214 314
214 393
214 405
214 315
214 302
214 216
214 390
214 313
214 217
214 300
215 314
215 405
215 309
215 217
215 404
215 216
215 313
215 310
216 217
216 407
216 313
216 314
216 315
216 302
216 404
216 310
217 302
217 407
217 315
218 233
218 329
218 316
218 317
218 328
219 329
219 317
219 319
219 318
220 322
220 319
220 320
220 321
221 408
221 222
221 322
221 224
221 321
221 320
221 236
222 321
222 408
222 223
222 322
222 224
222 225
223 241
223 337
223 225
223 224
223 227
223 323
223 408
224 408
224 225
225 323
225 227
226 227
226 338
226 335
226 339
226 242
226 324
226 337
226 325
226 241
227 323
227 325
227 337
227 324
227 241
228 231
228 341
228 246
228 326
228 229
228 327
228 230
229 231
229 341
229 327
229 230
229 326
229 324
229 246
230 246
230 341
230 327
230 339
230 324
230 325
231 327
231 341
232 233
232 328
232 234
232 329
232 330
233 328
233 251
233 234
233 329
234 251
234 248
234 249
234 328
235 236
235 238
235 334
235 331
235 318
235 330
235 237
235 333
236 333
236 237
236 334
236 321
236 332
236 331
237 331
237 334
237 333
237 332
238 343
238 253
238 346
238 257
238 344
239 348
239 258
239 255
239 336
239 332
239 347
239 349
240 337
240 335
240 408
240 241
240 243
240 332
240 336
241 335
241 408
241 338
241 337
242 335
242 244
242 338
242 339
242 243
242 353
243 337
243 351
243 353
243 336
243 258
243 338
243 335
244 353
244 338
244 339
244 245
244 246
245 263
245 247
245 246
245 260
245 357
245 340
245 339
246 341
246 339
246 327
246 247
247 341
247 260
247 357
247 340
247 263
248 249
248 250
248 251
249 251
249 250
250 361
250 264
250 265
250 342
250 362
250 266
252 253
252 268
252 254
252 344
252 343
252 269
252 271
252 276
252 275
252 361
252 256
253 271
253 275
253 344
253 256
253 343
253 268
253 254
254 256
254 361
254 265
254 343
254 275
254 271
254 362
254 268
254 269
255 344
255 347
255 257
255 349
255 346
255 274
255 348
255 350
255 345
256 346
256 268
256 273
256 269
256 275
256 271
256 276
256 344
257 347
257 348
257 346
257 344
258 351
258 349
258 347
258 350
258 336
259 353
259 358
259 352
259 263
259 355
259 354
259 356
260 359
260 261
260 357
260 263
260 358
260 340
261 359
261 358
261 357
261 263
261 262
261 284
262 284
262 372
262 358
262 359
263 357
263 359
263 358
263 340
264 265
264 342
264 266
264 267
264 362
265 362
265 267
265 268
265 361
265 266
265 360
265 342
266 267
266 362
266 360
266 342
267 361
267 360
267 342
267 362
268 276
268 275
268 361
268 269
268 362
268 270
268 271
269 272
269 271
269 270
269 276
269 363
269 275
270 275
270 380
270 272
270 378
270 289
270 271
271 361
271 276
271 275
272 380
272 291
272 363
272 275
272 276
272 378
273 345
273 275
273 276
273 344
273 274
273 363
273 350
273 409
274 350
274 345
274 276
274 409
275 363
275 344
275 276
276 363
276 344
277 366
277 365
277 279
277 281
277 364
277 280
277 381
277 295
277 409
277 367
278 349
278 364
278 409
278 282
278 356
278 280
278 350
278 366
279 366
279 370
279 293
279 365
279 281
279 364
279 280
279 295
279 367
280 365
280 281
280 366
280 282
280 367
280 409
280 370
280 364
281 381
281 366
281 365
281 409
281 363
282 355
282 370
282 366
282 368
282 356
282 369
282 364
282 283
282 354
282 365
283 375
283 355
283 369
283 374
283 299
283 354
283 368
283 298
283 370
284 372
284 359
284 373
284 285
285 372
285 371
285 303
285 376
285 374
285 304
285 373
286 360
286 410
287 305
287 396
287 379
287 289
287 288
287 377
288 378
288 289
288 410
289 396
289 379
289 378
289 377
290 383
290 296
290 291
290 381
290 402
290 292
290 382
291 296
291 380
291 377
291 292
291 381
291 363
292 379
292 400
292 399
292 296
292 377
293 297
293 294
293 402
293 386
293 383
293 382
293 384
293 367
293 295
294 401
294 296
294 297
294 382
294 383
294 308
294 402
294 295
294 403
295 367
295 386
295 297
295 385
295 383
295 365
295 384
295 382
296 382
296 383
296 402
296 381
297 309
297 405
297 403
297 387
297 388
297 300
297 386
297 311
297 312
297 406
297 384
298 389
298 304
298 375
298 386
298 387
298 299
298 390
298 385
298 368
298 388
298 300
298 374
299 384
299 387
299 300
299 386
299 375
299 304
299 388
299 367
299 368
299 385
300 313
300 389
300 390
300 384
300 309
300 405
300 386
300 302
300 388
300 387
301 391
301 315
301 390
301 389
301 387
301 304
301 407
301 393
301 303
301 392
301 302
302 315
302 391
302 388
302 313
302 389
302 407
302 387
302 314
302 390
302 393
303 393
303 392
303 371
303 376
303 304
303 373
303 391
303 390
304 376
304 374
304 375
304 389
304 392
304 390
304 371
305 394
305 306
306 397
306 395
306 396
307 399
307 398
307 401
307 400
307 308
308 401
308 402
308 403
308 398
309 404
309 314
309 311
309 313
309 310
309 312
309 406
309 405
310 406
310 311
310 314
310 404
310 405
310 312
310 313
311 404
311 312
311 406
311 314
311 403
311 405
312 314
312 404
312 405
312 406
312 313
312 403
313 387
313 388
313 405
313 404
313 314
313 389
313 407
314 406
314 407
314 404
314 405
315 393
315 391
315 390
315 407
315 389
316 328
316 329
316 317
317 319
317 318
317 329
318 330
318 331
318 319
318 334
319 320
320 321
320 322
321 334
321 333
321 331
321 322
323 325
324 325
327 339
327 341
328 329
330 334
331 333
331 332
331 334
332 348
332 333
332 408
333 334
335 337
335 336
335 338
336 347
336 348
336 349
336 351
337 338
337 408
338 339
340 357
340 358
342 361
342 362
344 346
344 345
345 350
345 349
345 346
345 409
346 348
346 347
347 349
347 348
349 351
349 350
350 409
351 353
351 356
352 353
352 354
352 355
352 356
353 355
353 356
353 354
354 355
354 356
354 369
355 372
355 369
355 356
357 359
357 358
358 359
359 372
360 362
360 410
361 362
363 409
363 381
363 380
364 368
364 367
364 370
364 365
364 366
365 367
365 366
365 370
366 370
366 367
366 409
367 386
367 368
367 385
367 370
367 384
368 386
368 370
368 374
368 375
368 385
368 369
369 374
369 372
369 375
370 385
371 376
371 392
371 373
371 391
372 373
372 374
373 374
373 376
374 375
374 376
375 376
375 385
376 392
377 396
377 379
377 380
377 378
377 400
378 380
378 379
379 380
379 396
381 383
381 382
382 402
382 383
383 402
384 385
384 386
384 387
384 388
385 388
385 386
386 388
386 387
387 390
387 405
387 389
387 388
388 389
388 405
389 405
389 391
389 393
389 390
389 407
390 391
390 392
390 393
390 407
391 393
391 392
391 407
392 393
393 407
395 399
395 400
395 397
395 396
396 397
396 400
397 400
397 399
398 401
398 399
399 401
399 400
401 403
401 402
402 403
403 406
404 405
404 406
405 406
