0 218
0 219
0 1
0 316
0 2
0 317
0 3
0 4
0 113
0 319
0 5
0 114
0 6
0 115
0 116
0 117
0 118
1 6
1 5
1 4
1 233
1 26
1 232
1 134
1 23
1 115
1 22
1 114
1 113
1 329
1 328
1 118
1 117
1 219
1 116
1 3
1 218
1 2
1 319
1 318
1 317
1 316
2 316
2 317
2 116
2 115
2 134
2 328
2 135
2 329
2 133
2 218
2 22
2 234
2 232
2 233
3 320
3 113
3 115
3 114
3 219
3 117
3 220
3 118
3 120
3 317
3 319
3 318
3 5
3 4
3 6
3 9
4 113
4 114
4 115
4 219
4 329
4 9
4 23
4 316
4 317
4 318
4 319
4 116
4 117
4 220
4 118
4 5
4 136
4 320
4 6
5 317
5 316
5 6
5 329
5 23
5 9
5 220
5 219
5 218
5 118
5 117
5 116
5 115
5 114
5 319
5 113
5 318
6 319
6 220
6 317
6 9
6 114
6 320
6 115
6 113
6 118
6 116
6 117
6 219
7 221
7 220
7 222
7 321
7 320
7 322
7 120
7 236
7 122
7 138
7 119
7 13
7 12
7 14
7 9
7 8
7 11
7 224
7 10
7 331
8 11
8 12
8 224
8 320
8 13
8 321
8 14
8 119
8 322
8 120
8 122
8 28
8 331
8 236
8 332
8 237
8 333
8 334
8 138
8 140
8 408
8 221
8 222
8 9
8 10
9 322
9 235
9 321
9 320
9 120
9 331
9 236
9 219
9 334
9 23
9 333
9 221
9 220
9 138
9 319
9 136
9 318
9 119
9 118
9 117
10 240
10 221
10 241
10 408
10 337
10 14
10 119
10 15
10 12
10 32
10 13
10 33
10 227
10 224
10 11
10 225
10 323
10 125
10 122
10 123
10 140
10 28
10 335
10 222
10 121
10 332
10 223
11 222
11 28
11 331
11 333
11 332
11 241
11 140
11 240
11 321
11 121
11 322
11 123
11 122
11 13
11 12
11 237
11 337
11 14
11 236
11 408
11 225
11 119
11 224
11 33
11 32
11 221
11 223
12 321
12 408
12 120
12 322
12 121
12 122
12 123
12 119
12 221
12 222
12 223
12 224
12 225
12 13
12 14
13 121
13 223
13 222
13 119
13 221
13 227
13 408
13 225
13 224
13 337
13 140
13 332
13 33
13 32
13 241
13 240
13 127
13 125
13 323
13 123
13 14
13 122
14 119
14 122
14 236
14 123
14 120
14 121
14 408
14 322
14 33
14 224
14 321
14 225
14 222
14 223
14 221
15 143
15 227
15 33
15 142
15 125
15 226
15 35
15 325
15 34
15 324
15 126
15 121
15 41
15 323
15 244
15 335
15 241
15 240
15 243
15 242
15 16
15 337
15 223
15 339
15 141
15 338
15 31
16 327
16 244
16 31
16 246
16 124
16 17
16 125
16 126
16 141
16 337
16 127
16 142
16 20
16 338
16 143
16 41
16 339
16 132
16 226
16 227
16 229
16 35
16 230
16 335
16 323
16 324
16 241
16 325
16 242
17 341
17 231
17 230
17 229
17 228
17 19
17 18
17 327
17 131
17 41
17 326
17 130
17 20
17 325
17 129
17 324
17 128
17 246
17 35
17 126
17 132
17 124
17 147
18 41
18 38
18 246
18 147
18 144
18 35
18 326
18 327
18 126
18 132
18 20
18 130
18 230
18 131
18 231
18 128
18 19
18 341
18 228
18 129
18 229
19 228
19 341
19 231
19 230
19 124
19 129
19 128
19 131
19 130
19 327
19 20
19 326
19 132
19 229
20 326
20 143
20 327
20 244
20 245
20 246
20 247
20 37
20 38
20 39
20 144
20 35
20 147
20 228
20 229
20 230
20 341
20 231
20 132
20 41
20 42
20 226
20 124
20 339
20 128
20 126
20 129
20 131
20 324
20 325
21 251
21 137
21 250
21 249
21 248
21 149
21 329
21 26
21 328
21 25
21 234
21 233
21 135
21 232
21 134
21 133
21 152
21 44
21 43
21 22
22 137
22 26
22 218
22 25
22 115
22 134
22 251
22 135
22 248
22 249
22 330
22 133
22 328
22 329
22 152
22 43
22 234
22 232
22 233
23 232
23 235
23 331
23 117
23 330
23 317
23 321
23 115
23 319
23 318
23 219
23 24
23 137
23 27
23 136
23 26
23 138
23 333
23 236
23 238
23 334
24 238
24 45
24 46
24 48
24 330
24 152
24 50
24 153
24 154
24 334
24 156
24 252
24 257
24 253
24 25
24 136
24 343
24 26
24 137
24 344
24 27
24 138
24 139
24 346
24 29
24 235
25 136
25 251
25 249
25 115
25 248
25 43
25 343
25 46
25 44
25 234
25 233
25 232
25 153
25 152
25 135
25 330
25 134
25 329
25 133
25 328
25 26
25 137
26 219
26 138
26 238
26 117
26 136
26 115
26 137
26 234
26 235
26 232
26 27
26 46
26 45
26 43
26 334
26 134
26 135
26 152
26 318
26 330
26 329
26 343
27 138
27 331
27 117
27 330
27 333
27 334
27 29
27 48
27 28
27 30
27 45
27 235
27 257
27 237
27 154
27 236
27 156
27 238
27 137
27 136
27 318
27 139
28 32
28 33
28 347
28 154
28 221
28 332
28 336
28 408
28 222
28 333
28 334
28 29
28 140
28 30
28 257
28 236
28 240
28 331
28 237
28 138
28 238
28 139
28 239
28 122
28 235
28 348
29 48
29 333
29 331
29 239
29 238
29 237
29 236
29 235
29 156
29 154
29 348
29 30
29 347
29 346
29 255
29 257
29 344
29 139
29 256
29 138
29 253
29 136
29 50
29 45
29 49
30 258
30 346
30 347
30 257
30 48
30 49
30 54
30 255
30 348
30 349
30 53
30 138
30 139
30 331
30 122
30 140
30 32
30 33
30 238
30 239
30 336
30 240
30 332
30 236
30 333
30 237
30 154
31 36
31 353
31 33
31 32
31 157
31 34
31 226
31 53
31 335
31 239
31 52
31 244
31 258
31 162
31 337
31 241
31 336
31 240
31 339
31 243
31 338
31 242
31 141
31 351
31 140
31 143
31 142
31 37
32 34
32 139
32 140
32 347
32 141
32 348
32 142
32 240
32 336
32 408
32 241
32 337
32 243
32 122
32 258
32 52
32 236
32 332
32 237
32 154
32 239
32 335
32 157
32 33
33 243
33 338
33 241
33 337
33 240
33 336
33 122
33 34
33 121
33 239
33 335
33 125
33 237
33 332
33 227
33 226
33 142
33 225
33 141
33 224
33 140
33 223
33 222
33 408
34 162
34 160
34 55
34 157
34 338
34 52
34 335
34 339
34 53
34 336
34 337
34 258
34 226
34 142
34 143
34 141
34 36
34 37
34 351
34 352
34 353
34 244
34 242
34 243
34 240
34 158
34 241
35 37
35 36
35 226
35 39
35 229
35 129
35 228
35 41
35 230
35 42
35 132
35 325
35 324
35 327
35 125
35 242
35 245
35 126
35 244
35 147
35 143
35 246
35 142
35 339
35 148
35 338
35 341
36 160
36 141
36 355
36 161
36 142
36 162
36 56
36 143
36 163
36 148
36 57
36 338
36 37
36 339
36 39
36 263
36 351
36 157
36 259
36 244
36 245
36 52
36 40
36 55
36 356
36 242
36 243
36 352
36 353
37 42
37 226
37 41
37 40
37 247
37 143
37 246
37 327
37 142
37 245
37 244
37 160
37 243
37 242
37 57
37 148
37 357
37 39
37 147
37 263
37 145
37 353
37 352
37 260
37 259
37 339
37 230
37 338
37 55
37 126
38 229
38 340
38 341
38 58
38 39
38 57
38 246
38 260
38 247
38 129
38 245
38 327
38 146
38 147
38 42
38 144
38 145
38 40
38 357
38 41
38 148
38 231
39 148
39 242
39 145
39 144
39 327
39 41
39 147
39 40
39 146
39 357
39 126
39 42
39 358
39 260
39 263
39 340
39 57
39 259
39 129
39 58
39 339
39 166
39 55
39 245
39 244
39 247
39 246
40 41
40 42
40 259
40 163
40 260
40 164
40 261
40 166
40 263
40 340
40 244
40 55
40 245
40 246
40 57
40 247
40 58
40 352
40 144
40 145
40 146
40 147
40 357
40 148
40 358
40 359
41 231
41 230
41 229
41 228
41 147
41 126
41 143
41 146
41 145
41 144
41 42
41 327
41 242
41 148
41 324
41 247
41 246
41 245
41 244
41 339
41 338
41 129
41 341
41 226
41 132
42 244
42 245
42 58
42 263
42 57
42 260
42 129
42 340
42 341
42 148
42 146
42 147
42 144
42 145
42 358
42 357
42 166
42 327
42 246
42 247
43 137
43 233
43 232
43 234
43 153
43 133
43 152
43 135
43 134
43 249
43 248
43 44
43 251
43 250
43 46
43 149
43 151
43 150
44 149
44 150
44 151
44 342
44 60
44 343
44 62
44 168
44 254
44 361
44 248
44 362
44 249
44 250
44 251
44 264
44 46
44 265
44 152
44 266
44 153
44 267
45 136
45 46
45 235
45 346
45 156
45 344
45 154
45 254
45 343
45 153
45 253
45 63
45 152
45 252
45 330
45 257
45 50
45 139
45 256
45 49
45 238
45 48
45 137
46 361
46 151
46 62
46 238
46 343
46 256
46 152
46 153
46 156
46 265
46 271
46 250
46 50
46 268
46 137
46 48
46 254
46 252
46 253
46 362
47 71
47 65
47 54
47 276
47 64
47 49
47 350
47 67
47 48
47 345
47 51
47 273
47 344
47 50
47 272
47 275
47 346
47 274
47 170
47 63
47 253
47 252
47 255
47 156
47 256
47 155
47 154
47 269
47 363
47 271
47 409
47 68
48 346
48 238
48 347
48 348
48 139
48 256
48 257
48 252
48 63
48 253
48 153
48 154
48 343
48 49
48 255
48 155
48 50
48 156
48 235
48 344
49 257
49 256
49 239
49 238
49 156
49 275
49 347
49 274
49 346
49 273
49 345
49 67
49 344
49 139
49 255
49 350
49 253
49 349
49 63
49 276
49 71
49 252
49 348
49 170
49 51
49 50
49 155
49 54
49 154
49 53
50 269
50 254
50 170
50 255
50 252
50 253
50 346
50 344
50 156
50 345
50 67
50 154
50 343
50 155
50 256
50 153
50 257
50 238
50 276
50 63
50 274
50 275
50 273
50 271
50 268
51 347
51 409
51 239
51 346
51 349
51 348
51 351
51 350
51 155
51 162
51 273
51 154
51 157
51 69
51 274
51 159
51 158
51 71
51 53
51 278
51 52
51 255
51 170
51 54
51 336
51 258
51 345
52 243
52 56
52 335
52 258
52 336
52 338
52 157
52 356
52 239
52 158
52 159
52 349
52 160
52 351
52 162
52 352
52 53
52 353
52 54
52 55
52 141
52 242
52 142
53 348
53 158
53 347
53 157
53 345
53 255
53 162
53 154
53 160
53 278
53 56
53 274
53 239
53 71
53 336
53 69
53 351
53 258
53 350
53 54
53 349
53 159
53 243
53 356
54 278
54 239
54 158
54 157
54 170
54 346
54 258
54 409
54 347
54 344
54 345
54 350
54 351
54 348
54 162
54 349
54 336
54 255
54 274
54 71
54 154
54 273
54 155
54 69
55 159
55 173
55 148
55 145
55 245
55 244
55 165
55 260
55 164
55 57
55 263
55 56
55 243
55 166
55 242
55 161
55 160
55 356
55 259
55 163
55 162
55 358
55 353
55 352
55 355
55 354
55 157
56 351
56 74
56 352
56 75
56 353
56 354
56 177
56 282
56 355
56 283
56 356
56 259
56 157
56 158
56 159
56 364
56 160
56 161
56 162
56 163
56 369
56 165
56 370
56 69
56 172
56 72
56 173
56 73
56 278
57 163
57 259
57 78
57 247
57 161
57 76
57 245
57 244
57 340
57 263
57 166
57 262
57 165
57 261
57 59
57 164
57 260
57 58
57 146
57 145
57 352
57 359
57 358
57 148
57 357
58 358
58 359
58 284
58 357
58 166
58 262
58 263
58 164
58 260
58 261
58 78
58 76
58 247
58 340
58 245
58 59
58 148
58 146
58 144
58 145
59 263
59 372
59 262
59 177
59 77
59 76
59 285
59 284
59 181
59 78
59 182
59 357
59 359
59 358
59 165
59 164
59 166
59 261
59 80
59 260
59 373
60 266
60 267
60 250
60 153
60 149
60 150
60 151
60 342
60 183
60 168
60 169
60 360
60 61
60 268
60 361
60 62
60 362
60 254
60 264
60 167
60 265
61 286
61 288
61 360
61 169
61 168
61 167
61 84
61 83
61 82
61 267
61 266
61 264
61 186
61 185
61 184
61 410
61 183
62 167
62 63
62 169
62 250
62 151
62 256
62 254
62 362
62 252
62 253
62 153
62 360
62 361
62 342
62 266
62 267
62 265
62 270
62 275
62 271
62 67
62 268
62 269
62 378
62 276
63 254
63 276
63 273
63 272
63 275
63 274
63 169
63 170
63 156
63 363
63 153
63 155
63 345
63 256
63 344
63 65
63 64
63 346
63 269
63 67
63 268
63 253
63 66
63 271
63 252
63 270
64 277
64 170
64 171
64 269
64 270
64 291
64 271
64 363
64 65
64 66
64 67
64 68
64 70
64 281
64 71
64 88
64 187
64 90
64 92
64 155
64 272
64 380
64 273
64 381
64 345
64 274
64 275
64 409
64 276
65 66
65 71
65 274
65 70
65 273
65 296
65 272
65 171
65 68
65 409
65 170
65 90
65 277
65 276
65 291
65 88
65 290
65 269
65 92
65 381
65 380
65 363
65 187
65 281
65 191
65 155
65 67
65 190
66 377
66 270
66 67
66 271
66 275
66 268
66 272
66 269
66 90
66 291
66 88
66 363
66 289
66 86
66 187
66 85
66 380
66 378
66 68
66 379
66 276
66 169
67 253
67 252
67 254
67 378
67 345
67 273
67 380
67 269
67 344
67 272
67 268
67 187
67 275
67 271
67 274
67 270
67 276
67 155
67 363
67 169
67 256
67 170
67 68
68 281
68 381
68 170
68 171
68 350
68 291
68 345
68 190
68 92
68 409
68 191
68 88
68 276
68 187
68 277
68 90
68 365
68 278
68 366
68 279
68 272
68 69
68 155
68 273
68 70
68 274
68 71
68 363
68 280
69 162
69 356
69 161
69 160
69 354
69 175
69 173
69 367
69 283
69 172
69 366
69 282
69 171
69 365
69 71
69 281
69 364
69 280
69 370
69 409
69 159
69 75
69 158
69 74
69 351
69 279
69 73
69 350
69 278
69 72
69 349
69 277
69 274
70 189
70 296
70 277
70 290
70 409
70 291
70 363
70 170
70 171
70 366
70 295
70 293
70 365
70 280
70 90
70 281
70 71
70 88
70 94
70 187
70 92
70 382
70 93
70 383
70 272
70 190
70 273
70 381
70 191
70 279
71 366
71 277
71 363
71 279
71 278
71 273
71 158
71 92
71 274
71 155
71 349
71 409
71 350
71 345
71 172
71 255
71 171
71 170
71 365
71 281
71 364
71 280
72 280
72 176
72 172
72 177
72 173
72 282
72 178
72 174
72 283
72 179
72 175
72 368
72 364
72 369
72 365
72 370
72 366
72 367
72 159
72 375
72 189
72 96
72 161
72 73
72 385
72 74
72 386
72 192
72 75
72 193
72 298
72 354
72 194
72 299
72 277
72 356
72 79
72 278
72 279
73 299
73 374
73 385
73 298
73 372
73 165
73 304
73 283
73 96
73 179
73 175
73 282
73 75
73 178
73 174
73 74
73 177
73 173
73 176
73 172
73 354
73 194
73 79
73 193
73 181
73 192
73 180
73 159
73 367
73 370
73 95
73 369
73 368
73 161
73 364
73 375
73 386
74 176
74 355
74 177
74 352
74 366
74 367
74 364
74 282
74 365
74 283
74 280
74 75
74 370
74 368
74 165
74 369
74 162
74 163
74 160
74 161
74 174
74 175
74 172
74 173
74 278
74 279
74 356
74 158
74 178
74 159
74 354
75 97
75 96
75 280
75 98
75 159
75 283
75 282
75 369
75 95
75 189
75 368
75 295
75 370
75 177
75 176
75 375
75 179
75 374
75 178
75 193
75 181
75 192
75 180
75 195
75 304
75 385
75 279
75 194
75 384
75 365
75 386
75 364
75 367
75 366
75 79
75 173
75 172
75 175
75 299
75 354
75 174
75 298
76 166
76 372
76 373
76 374
76 261
76 262
76 80
76 263
76 284
76 371
76 81
76 285
76 180
76 181
76 182
76 77
76 78
76 177
76 178
76 358
76 359
76 376
76 164
76 165
77 81
77 80
77 79
77 78
77 304
77 303
77 301
77 262
77 100
77 285
77 99
77 182
77 376
77 284
77 181
77 375
77 180
77 374
77 179
77 373
77 392
77 178
77 372
77 391
77 177
77 371
78 174
78 80
78 81
78 178
78 369
78 374
78 177
78 372
78 182
78 373
78 180
78 259
78 181
78 284
78 376
78 285
78 262
78 263
78 355
78 261
78 163
78 358
78 359
78 161
78 166
78 164
78 165
78 79
79 368
79 194
79 371
79 299
79 298
79 95
79 99
79 98
79 376
79 175
79 304
79 174
79 390
79 385
79 181
79 180
79 285
79 386
79 367
79 182
79 177
79 176
79 179
79 178
79 197
79 283
79 373
79 301
79 372
79 81
79 198
79 375
79 303
79 80
79 374
79 165
79 192
79 369
80 376
80 177
80 178
80 358
80 359
80 180
80 303
80 181
80 182
80 81
80 369
80 371
80 372
80 373
80 174
80 374
80 261
80 375
80 262
80 304
80 284
80 285
80 164
80 165
80 166
81 304
81 284
81 376
81 179
81 178
81 177
81 391
81 390
81 371
81 298
81 182
81 199
81 181
81 198
81 180
81 197
81 303
81 375
81 374
81 301
81 373
81 372
81 174
81 99
81 100
81 392
81 285
82 286
82 287
82 394
82 186
82 103
82 184
82 185
82 101
82 183
82 305
82 410
82 202
82 203
82 200
82 201
82 87
82 84
82 288
82 83
82 289
83 287
83 286
83 360
83 288
83 167
83 410
83 84
83 87
83 183
83 185
83 184
83 186
83 394
84 184
84 185
84 186
84 394
84 305
84 286
84 287
84 85
84 87
84 288
84 289
84 200
84 201
84 202
84 183
84 203
84 410
85 87
85 86
85 204
85 203
85 396
85 186
85 380
85 272
85 185
85 379
85 287
85 378
85 377
85 102
85 292
85 169
85 270
85 183
85 289
85 288
86 396
86 204
86 272
86 378
86 379
86 186
86 87
86 270
86 377
86 187
86 185
86 380
86 188
86 291
86 288
86 289
86 400
86 292
86 102
86 91
86 88
86 203
86 287
87 377
87 289
87 288
87 379
87 287
87 396
87 394
87 101
87 103
87 102
87 204
87 305
87 201
87 200
87 185
87 306
87 203
87 184
87 202
87 186
87 410
87 183
88 272
88 206
88 381
88 382
88 171
88 383
88 277
88 281
88 290
88 363
88 291
88 292
88 296
88 187
88 188
88 402
88 190
88 191
88 89
88 90
88 91
88 377
88 92
88 93
88 380
89 104
89 307
89 399
89 291
89 398
89 187
89 290
89 206
89 91
89 205
89 90
89 402
89 204
89 191
89 294
89 401
89 400
89 292
89 188
89 94
89 93
89 383
89 92
89 382
89 107
89 296
89 105
90 187
90 281
90 296
90 92
90 382
90 93
90 383
90 171
90 380
90 409
90 91
90 381
90 277
90 272
90 190
90 191
90 292
90 188
90 189
90 290
90 363
90 291
91 93
91 205
91 292
91 204
91 187
91 206
91 104
91 188
91 401
91 400
91 402
91 395
91 377
91 397
91 307
91 396
91 379
91 399
91 398
91 296
91 102
91 291
91 290
92 296
92 381
92 293
92 382
92 96
92 383
92 295
92 188
92 189
92 190
92 290
92 409
92 191
92 291
92 187
92 93
92 94
92 365
92 280
92 281
92 363
92 277
92 171
92 279
93 383
93 382
93 381
93 308
93 97
93 207
93 96
93 277
93 206
93 210
93 191
93 208
93 297
93 190
93 296
93 189
93 295
93 188
93 94
93 294
93 293
93 291
93 290
93 195
93 403
93 193
93 402
93 401
93 107
93 106
93 105
94 401
94 294
94 367
94 295
94 106
94 107
94 293
94 105
94 296
94 297
94 108
94 109
94 190
94 195
94 191
94 192
94 386
94 382
94 193
94 189
94 383
94 384
94 381
94 279
94 277
94 210
94 207
94 208
94 402
94 95
94 96
94 403
94 290
94 97
95 98
95 109
95 302
95 297
95 211
95 299
95 210
95 298
95 304
95 106
95 367
95 112
95 175
95 389
95 174
95 375
95 388
95 197
95 313
95 390
95 196
95 368
95 385
95 384
95 198
95 387
95 176
95 193
95 293
95 386
95 179
95 192
95 178
95 195
95 295
95 189
95 194
95 405
95 97
95 96
95 300
96 384
96 385
96 97
96 386
96 98
96 364
96 365
96 277
96 388
96 366
96 367
96 279
96 297
96 298
96 299
96 189
96 190
96 192
96 191
96 193
96 176
96 194
96 195
96 179
96 280
96 293
96 282
96 172
96 106
96 295
96 368
96 370
96 175
97 98
97 295
97 367
97 294
97 293
97 387
97 386
97 385
97 195
97 384
97 194
97 313
97 193
97 312
97 192
97 389
97 388
97 198
97 196
97 189
97 299
97 179
97 298
97 112
97 297
97 309
97 403
97 106
97 176
97 211
97 210
97 300
97 208
97 109
97 175
97 405
97 108
98 194
98 298
98 195
98 299
98 175
98 192
98 179
98 405
98 193
98 176
98 297
98 295
98 293
98 110
98 390
98 112
98 214
98 109
98 388
98 375
98 106
98 389
98 212
98 386
98 387
98 210
98 314
98 367
98 384
98 211
98 385
98 312
98 313
98 309
98 198
98 302
98 199
98 196
98 300
98 304
98 197
98 301
99 393
99 315
99 392
99 371
99 112
99 111
99 376
99 110
99 407
99 197
99 199
99 198
99 179
99 298
99 301
99 180
99 304
99 303
99 182
99 302
99 212
99 389
99 214
99 391
99 390
99 100
100 199
100 389
100 390
100 376
100 304
100 391
100 212
100 214
100 392
100 393
100 315
100 407
100 217
100 110
100 111
100 301
100 182
100 302
100 371
100 303
100 197
100 198
101 202
101 201
101 200
101 103
101 287
101 102
101 397
101 306
101 396
101 305
101 395
101 400
101 104
101 204
101 203
102 104
102 400
102 379
102 203
102 377
102 201
102 395
102 204
102 103
102 396
102 287
102 397
102 292
102 306
102 305
103 104
103 287
103 397
103 396
103 204
103 395
103 201
103 394
103 200
103 203
103 202
103 305
103 306
104 292
104 395
104 400
104 396
104 397
104 188
104 203
104 398
104 204
104 399
104 205
104 206
104 306
104 307
105 296
105 307
105 383
105 311
105 382
105 207
105 308
105 210
105 206
105 209
105 205
105 107
105 208
105 106
105 312
105 109
105 108
105 294
105 403
105 402
105 398
105 401
105 188
106 402
106 293
106 403
106 210
106 401
106 211
106 208
106 209
106 108
106 311
106 109
106 308
106 309
106 297
106 107
106 388
106 386
106 196
106 384
106 195
106 192
106 193
106 191
106 312
106 207
106 406
106 189
106 294
106 382
106 295
106 383
106 405
107 308
107 296
107 205
107 207
107 401
107 206
107 403
107 383
107 402
107 382
107 294
107 108
107 209
107 208
107 399
107 188
107 307
107 398
107 210
108 208
108 297
108 209
108 210
108 211
108 294
108 112
108 207
108 404
108 405
108 406
108 312
108 109
108 196
108 401
108 308
108 403
108 309
108 310
108 311
108 195
109 309
109 112
109 110
109 196
109 300
109 195
109 388
109 387
109 297
109 192
109 384
109 294
109 215
109 214
109 406
109 211
109 405
109 210
109 404
109 314
109 209
109 403
109 313
109 208
109 312
109 207
109 311
109 310
110 393
110 310
110 211
110 309
110 314
110 214
110 315
110 215
110 212
110 313
110 213
110 407
110 404
110 405
110 216
110 217
110 387
110 198
110 199
110 196
110 390
110 111
110 197
110 391
110 302
110 388
110 389
110 300
110 301
110 112
111 313
111 315
111 407
111 213
111 314
111 212
111 215
111 214
111 301
111 302
111 389
111 391
111 197
111 217
111 390
111 196
111 216
111 199
111 198
111 112
111 393
112 192
112 387
112 309
112 388
112 194
112 310
112 389
112 195
112 216
112 311
112 390
112 196
112 217
112 197
112 297
112 198
112 199
112 300
112 301
112 302
112 404
112 210
112 405
112 211
112 406
112 212
112 312
112 407
112 313
112 214
112 314
112 393
112 215
112 315
113 118
113 116
113 317
113 316
113 115
113 114
114 319
114 316
114 317
114 118
114 116
114 117
114 219
114 115
115 134
115 136
115 219
115 218
115 317
115 316
115 319
115 318
115 329
115 233
115 328
115 232
115 117
115 116
115 330
115 118
115 133
116 316
116 328
116 317
116 329
116 319
116 134
116 117
116 118
116 218
116 219
116 233
117 138
117 118
117 136
117 220
117 219
117 319
117 318
117 317
117 235
117 321
117 320
117 334
117 331
117 330
117 329
118 219
118 319
118 316
118 320
118 317
118 220
119 221
119 220
119 223
119 222
119 321
119 408
119 320
119 236
119 322
119 121
119 120
119 123
119 225
119 122
119 224
120 322
120 220
120 221
120 222
120 320
120 321
121 223
121 222
121 335
121 221
121 227
121 226
121 225
121 224
121 337
121 123
121 122
121 408
121 127
121 323
121 125
121 241
121 240
122 224
122 225
122 236
122 237
122 337
122 222
122 223
122 240
122 221
122 241
122 322
122 408
122 140
122 321
122 138
122 139
122 335
122 332
122 333
122 331
123 223
123 222
123 408
123 323
123 225
123 224
123 125
123 227
123 127
124 226
124 227
124 323
124 143
124 132
124 128
124 125
124 126
124 127
124 131
124 228
124 324
124 229
124 325
124 230
125 127
125 126
125 338
125 241
125 337
125 143
125 142
125 325
125 324
125 223
125 227
125 323
125 226
125 225
125 224
125 132
126 244
126 129
126 338
126 245
126 339
126 132
126 341
126 142
126 147
126 226
126 143
126 230
126 228
126 229
126 327
126 242
126 324
126 325
126 246
127 225
127 132
127 227
127 325
127 324
127 323
127 223
128 129
128 130
128 131
128 132
128 341
128 228
128 229
128 326
128 230
128 327
128 231
129 147
129 327
129 146
129 326
129 145
129 144
129 148
129 247
129 246
129 245
129 130
129 339
129 132
129 341
129 340
129 231
129 230
129 229
129 228
130 231
130 228
130 229
130 326
130 132
130 131
131 326
131 132
131 229
131 228
131 231
131 230
132 226
132 246
132 324
132 325
132 326
132 327
132 143
132 228
132 229
132 230
133 218
133 316
133 329
133 328
133 234
133 233
133 232
133 152
133 135
133 251
133 134
133 249
133 248
134 251
134 248
134 249
134 316
134 137
134 218
134 317
134 328
134 329
134 135
134 152
134 234
134 232
134 233
135 218
135 137
135 329
135 233
135 328
135 232
135 330
135 234
135 152
135 149
135 249
135 248
135 251
136 330
136 318
136 331
136 333
136 334
136 232
136 235
136 236
136 237
136 137
136 238
136 138
136 219
137 235
137 153
137 234
137 330
137 152
137 329
137 232
137 238
137 156
137 343
137 248
137 253
138 236
138 332
138 237
138 333
138 330
138 235
138 331
138 257
138 139
138 221
138 318
138 321
138 238
138 334
139 344
139 140
139 347
139 346
139 348
139 336
139 154
139 235
139 156
139 237
139 236
139 257
139 239
139 238
139 331
139 333
139 332
139 334
139 255
140 237
140 258
140 336
140 239
140 337
140 141
140 142
140 332
140 333
140 335
140 222
140 223
140 408
140 157
140 348
140 154
140 240
140 241
140 347
140 243
140 236
141 241
141 240
141 239
141 157
141 353
141 339
141 338
141 337
141 336
141 227
141 408
141 335
141 226
141 143
141 142
141 258
141 244
141 243
141 351
141 242
142 226
142 227
142 335
142 338
142 339
142 336
142 337
142 242
142 157
142 243
142 240
142 241
142 353
142 244
142 143
142 324
143 335
143 245
143 244
143 246
143 337
143 241
143 339
143 243
143 338
143 242
143 325
143 229
143 324
143 327
143 230
143 227
143 226
144 260
144 357
144 229
144 230
144 327
144 231
144 145
144 146
144 147
144 148
144 340
144 341
144 245
144 246
144 247
145 357
145 148
145 259
145 263
145 262
145 166
145 261
145 260
145 164
145 247
145 246
145 341
145 245
145 340
145 244
145 147
145 146
145 359
145 358
146 231
146 263
146 260
146 358
146 357
146 148
146 327
146 246
146 147
146 247
146 245
146 340
146 341
147 327
147 357
147 245
147 244
147 247
147 246
147 339
147 341
147 340
147 260
147 229
147 228
147 231
147 230
147 148
148 247
148 259
148 242
148 340
148 339
148 164
148 327
148 166
148 357
148 358
148 359
148 352
148 260
148 353
148 261
148 244
148 245
148 263
148 246
149 266
149 152
149 265
149 264
149 251
149 250
149 342
149 249
149 362
149 151
149 248
149 361
149 150
149 168
149 234
150 151
150 168
150 342
150 250
150 251
150 362
150 248
150 249
150 266
150 264
150 265
151 152
151 269
151 268
151 271
151 270
151 265
151 264
151 253
151 267
151 252
151 343
151 266
151 342
151 254
151 250
151 169
151 168
151 361
151 360
151 167
151 362
151 153
152 153
152 343
152 248
152 249
152 250
152 251
152 253
152 232
152 233
152 330
152 234
153 254
153 253
153 252
153 362
153 361
153 256
153 238
153 156
153 265
153 343
153 271
153 268
153 275
153 250
153 344
154 155
154 255
154 336
154 258
154 348
154 257
154 349
154 238
154 346
154 239
154 347
154 344
154 237
154 345
154 332
154 333
154 156
155 363
155 170
155 273
155 275
155 274
155 276
155 253
155 252
155 269
155 255
155 409
155 271
155 345
155 257
155 344
155 256
155 347
155 346
155 349
155 350
155 156
156 253
156 254
156 256
156 255
156 257
156 238
156 348
156 235
156 344
156 346
156 275
156 347
156 343
156 252
157 239
157 243
157 159
157 242
157 158
157 351
157 240
157 349
157 258
157 335
157 338
157 337
157 336
157 162
157 356
157 160
157 353
157 352
158 336
158 243
158 258
158 239
158 354
158 350
158 355
158 351
158 352
158 162
158 353
158 163
158 349
158 159
158 160
158 161
158 356
158 255
158 278
158 366
158 364
158 282
158 173
158 280
159 172
159 356
159 353
159 352
159 355
159 354
159 364
159 280
159 283
159 366
159 282
159 369
159 370
159 259
159 165
159 258
159 161
159 349
159 160
159 163
159 351
159 162
159 350
159 173
159 278
160 258
160 369
160 259
160 173
160 242
160 243
160 244
160 161
160 282
160 162
160 163
160 352
160 165
160 353
160 354
160 355
160 356
160 278
160 351
161 372
161 355
161 354
161 353
161 178
161 352
161 177
161 259
161 356
161 351
161 263
161 174
161 173
161 283
161 163
161 282
161 162
161 370
161 166
161 369
161 165
161 164
161 374
162 242
162 243
162 336
162 258
162 163
162 259
162 282
162 356
162 278
162 350
162 354
162 351
162 355
162 352
162 349
162 353
162 173
163 369
163 177
163 173
163 372
163 374
163 174
163 351
163 283
163 282
163 353
163 352
163 355
163 354
163 356
163 259
163 358
163 165
163 164
163 263
163 166
164 261
164 369
164 262
164 263
164 180
164 181
164 259
164 177
164 178
164 357
164 358
164 359
164 352
164 284
164 355
164 285
164 165
164 166
164 372
164 373
164 374
164 260
165 285
165 166
165 284
165 359
165 283
165 358
165 282
165 356
165 355
165 263
165 354
165 262
165 353
165 261
165 174
165 352
165 173
165 259
165 181
165 375
165 180
165 374
165 178
165 372
165 177
165 369
165 368
166 340
166 259
166 177
166 372
166 262
166 263
166 181
166 260
166 261
166 284
166 285
166 247
166 355
166 245
166 352
166 358
166 359
166 357
167 361
167 360
167 268
167 362
167 185
167 270
167 184
167 265
167 264
167 186
167 267
167 266
167 410
167 183
167 342
167 378
167 286
167 289
167 288
167 169
167 168
168 360
168 361
168 362
168 264
168 265
168 342
168 266
168 267
168 248
168 249
168 250
169 183
169 186
169 185
169 378
169 289
169 288
169 380
169 410
169 254
169 267
169 266
169 265
169 275
169 271
169 270
169 362
169 269
169 361
169 272
169 268
169 360
170 409
170 269
170 350
170 278
170 255
170 171
170 252
170 276
170 346
170 274
170 275
170 344
170 272
170 345
170 273
170 281
170 363
170 256
171 273
171 381
171 345
171 274
171 277
171 172
171 279
171 278
171 370
171 350
171 409
171 187
171 291
171 363
171 189
171 365
171 191
171 364
171 295
171 190
171 367
171 366
171 281
171 280
172 295
172 368
172 369
172 370
172 364
172 176
172 280
172 365
172 281
172 366
172 282
172 367
172 283
172 173
172 277
172 174
172 278
172 175
172 279
172 356
172 192
172 193
172 354
172 385
172 299
172 386
172 189
172 190
173 370
173 369
173 368
173 181
173 364
173 178
173 177
173 176
173 259
173 175
173 174
173 356
173 283
173 355
173 282
173 354
173 353
173 352
173 351
173 278
173 375
173 374
173 372
174 194
174 385
174 304
174 282
174 283
174 367
174 175
174 370
174 368
174 178
174 285
174 369
174 179
174 374
174 176
174 375
174 177
174 372
174 180
174 181
174 376
174 298
174 354
174 299
174 355
175 375
175 374
175 369
175 277
175 368
175 279
175 299
175 370
175 298
175 385
175 384
175 386
175 304
175 280
175 283
175 282
175 365
175 293
175 364
175 367
175 193
175 295
175 366
175 192
175 195
175 176
175 194
175 179
175 178
175 189
176 366
176 367
176 298
176 299
176 177
176 300
176 178
176 179
176 192
176 180
176 193
176 280
176 181
176 194
176 195
176 282
176 283
176 368
176 369
176 370
176 295
176 374
176 375
176 304
176 384
176 385
176 279
176 386
176 364
176 387
176 365
176 388
177 352
177 359
177 304
177 376
177 179
177 178
177 299
177 298
177 182
177 181
177 369
177 180
177 368
177 259
177 375
177 374
177 373
177 283
177 372
177 282
177 262
177 285
177 284
177 355
177 354
178 374
178 282
178 375
178 283
178 372
178 373
178 370
178 371
178 368
178 369
178 385
178 182
178 304
178 180
178 181
178 303
178 179
178 194
178 298
178 299
178 376
178 285
179 192
179 299
179 298
179 194
179 301
179 197
179 300
179 303
179 198
179 181
179 180
179 304
179 182
179 385
179 367
179 387
179 386
179 369
179 389
179 368
179 388
179 371
179 390
179 373
179 372
179 283
179 392
179 375
179 374
179 285
179 376
180 285
180 392
180 372
180 283
180 373
180 301
180 374
180 375
180 303
180 368
180 369
180 181
180 182
180 298
180 371
180 299
180 376
180 304
180 198
180 390
180 194
180 284
181 304
181 375
181 374
181 373
181 372
181 371
181 285
181 369
181 284
181 368
181 283
181 262
181 182
181 303
181 376
181 299
181 355
181 298
182 262
182 371
182 392
182 374
182 375
182 372
182 373
182 304
182 284
182 390
182 285
182 391
182 303
182 376
183 286
183 185
183 378
183 184
183 186
183 267
183 266
183 289
183 288
183 360
183 410
184 394
184 286
184 287
184 360
184 288
184 201
184 202
184 185
184 186
184 410
185 394
185 203
185 202
185 305
185 201
185 360
185 396
185 287
185 286
185 186
185 289
185 288
185 410
185 379
185 378
186 270
186 360
186 288
186 410
186 289
186 266
186 267
186 378
186 286
186 379
186 287
187 291
187 363
187 290
187 281
187 292
187 188
187 191
187 190
187 273
187 272
187 277
187 377
187 276
187 269
187 381
187 296
187 409
187 380
188 307
188 296
188 292
188 381
188 382
188 294
188 383
188 204
188 205
188 377
188 206
188 400
188 290
188 401
188 191
188 398
188 291
188 402
188 399
189 279
189 385
189 384
189 277
189 210
189 383
189 382
189 381
189 191
189 195
189 297
189 190
189 194
189 296
189 193
189 402
189 295
189 367
189 192
189 294
189 366
189 293
189 365
189 290
189 281
189 280
189 386
190 290
190 291
190 366
190 294
190 367
190 295
190 364
190 192
190 365
190 293
190 193
190 384
190 296
190 279
190 191
190 277
190 382
190 383
190 280
190 402
190 381
190 281
191 291
191 290
191 277
191 279
191 296
191 365
191 193
191 281
191 293
191 381
191 295
191 383
191 294
191 382
191 402
192 299
192 386
192 300
192 387
192 193
192 368
192 388
192 194
192 389
192 195
192 370
192 279
192 196
192 198
192 375
192 293
192 365
192 294
192 295
192 367
192 210
192 405
192 211
192 297
192 384
192 298
192 385
193 367
193 280
193 405
193 365
193 299
193 298
193 387
193 297
193 386
193 211
193 385
193 210
193 279
193 384
193 277
193 300
193 388
193 383
193 295
193 382
193 294
193 293
193 195
193 194
193 370
193 368
193 196
194 210
194 211
194 390
194 388
194 198
194 283
194 389
194 386
194 196
194 387
194 197
194 384
194 300
194 385
194 304
194 195
194 301
194 298
194 374
194 299
194 375
194 297
194 370
194 295
194 367
194 368
194 293
194 405
195 312
195 403
195 405
195 293
195 196
195 367
195 406
195 295
195 294
195 198
195 297
195 299
195 298
195 209
195 208
195 300
195 211
195 210
195 385
195 309
195 384
195 387
195 311
195 386
195 382
195 389
195 313
195 388
196 210
196 385
196 315
196 211
196 386
196 387
196 216
196 404
196 405
196 393
196 406
196 300
196 407
196 301
196 197
196 302
196 198
196 199
196 309
196 297
196 310
196 298
196 311
196 299
196 212
196 388
196 214
196 389
196 215
196 390
196 312
196 313
196 384
196 314
197 304
197 199
197 198
197 391
197 390
197 389
197 315
197 388
197 314
197 387
197 313
197 214
197 407
197 212
197 211
197 405
197 393
197 303
197 392
197 302
197 301
197 300
197 298
197 217
197 216
198 314
198 407
198 315
198 405
198 313
198 199
198 392
198 393
198 304
198 376
198 211
198 387
198 214
198 390
198 298
198 212
198 391
198 299
198 388
198 389
198 302
198 303
198 375
198 300
198 301
199 213
199 212
199 214
199 407
199 313
199 315
199 314
199 393
199 392
199 389
199 388
199 304
199 391
199 390
199 301
199 217
199 300
199 387
199 216
199 303
199 302
200 305
200 394
200 201
200 202
201 203
201 202
201 306
201 305
201 287
201 394
202 287
202 394
202 305
202 203
203 305
203 306
203 204
203 400
203 377
203 379
203 289
203 395
203 288
203 397
203 396
203 287
204 377
204 306
204 379
204 205
204 206
204 292
204 400
204 287
204 396
204 289
204 397
204 399
204 395
205 395
205 308
205 307
205 402
205 401
205 292
205 206
205 400
205 399
205 290
205 398
205 397
206 402
206 294
206 400
206 292
206 401
206 382
206 383
206 296
206 207
206 307
206 308
206 398
206 290
206 399
207 398
207 312
207 294
207 209
207 208
207 406
207 401
207 210
207 403
207 402
207 297
207 308
207 311
207 382
207 307
208 406
208 293
208 294
208 384
208 308
208 309
208 310
208 311
208 297
208 209
208 210
208 211
208 401
208 402
208 382
208 403
208 383
208 404
208 312
208 405
209 404
209 311
209 310
209 309
209 308
209 297
209 314
209 294
209 403
209 312
209 401
209 211
209 210
209 406
209 405
210 406
210 404
210 314
210 405
210 312
210 403
210 313
210 310
210 311
210 308
210 309
210 300
210 211
210 388
210 386
210 387
210 297
210 384
210 294
210 295
210 293
211 386
211 299
211 389
211 388
211 212
211 300
211 215
211 214
211 302
211 216
211 309
211 311
211 310
211 313
211 403
211 312
211 405
211 314
211 404
211 406
211 385
211 384
211 297
211 387
212 390
212 391
212 213
212 309
212 214
212 310
212 215
212 387
212 392
212 393
212 216
212 217
212 313
212 405
212 314
212 315
212 407
212 300
212 301
212 302
212 388
212 389
213 302
213 217
213 216
213 215
213 393
213 214
213 315
213 407
213 314
214 310
214 309
214 302
214 300
214 301
214 407
214 404
214 393
214 405
214 216
214 217
214 387
214 314
214 315
214 390
214 313
214 391
214 388
214 389
214 215
215 387
215 312
215 315
215 314
215 309
215 217
215 216
215 311
215 310
215 300
215 405
215 302
215 404
215 407
215 406
215 389
215 313
216 404
216 405
216 217
216 407
216 302
216 389
216 309
216 310
216 393
216 313
216 314
216 315
217 302
217 407
217 301
217 315
217 314
217 391
217 313
217 393
218 219
218 328
218 329
218 234
218 232
218 233
218 316
218 317
219 329
219 232
219 235
219 330
219 334
219 317
219 316
219 319
219 318
220 221
220 318
220 319
220 320
220 321
220 322
221 223
221 222
221 322
221 321
221 320
221 237
221 236
221 333
221 332
221 408
221 331
221 225
221 224
222 321
222 240
222 236
222 237
222 331
222 332
222 333
222 408
222 223
222 224
222 225
222 322
223 335
223 337
223 225
223 224
223 227
223 226
223 408
223 241
223 240
223 323
224 240
224 241
224 337
224 236
224 225
224 332
224 227
224 408
224 321
224 322
224 323
225 323
225 241
225 227
225 408
226 242
226 243
226 240
226 241
226 230
226 227
226 338
226 335
226 339
226 337
226 327
226 324
226 325
226 246
226 323
226 244
227 323
227 325
227 324
227 337
227 335
227 338
227 241
227 240
227 408
228 231
228 341
228 246
228 324
228 325
228 326
228 327
228 229
228 230
229 231
229 327
229 230
229 326
229 325
229 324
229 247
229 246
229 341
229 339
230 326
230 231
230 327
230 324
230 325
230 339
230 246
230 247
230 244
230 245
230 341
231 247
231 246
231 341
231 327
231 326
232 233
232 234
232 248
232 251
232 328
232 329
232 330
232 316
232 317
233 316
233 251
233 249
233 248
233 329
233 328
233 234
234 250
234 251
234 248
234 249
234 328
234 329
235 331
235 330
235 333
235 334
235 237
235 236
235 238
235 257
235 318
236 318
236 333
236 237
236 334
236 331
236 321
236 322
236 408
236 332
237 321
237 348
237 347
237 257
237 336
237 240
237 239
237 334
237 238
237 333
237 332
237 331
237 408
238 255
238 252
238 348
238 253
238 330
238 331
238 256
238 257
238 334
238 333
238 343
238 346
238 347
238 344
239 332
239 335
239 240
239 243
239 255
239 336
239 257
239 349
239 348
239 351
239 258
239 350
239 347
239 346
240 337
240 338
240 258
240 332
240 335
240 408
240 241
240 242
240 243
240 336
241 335
241 408
241 323
241 243
241 325
241 242
241 324
241 339
241 338
241 337
241 336
242 338
242 339
242 337
242 335
242 258
242 244
242 245
242 243
242 351
242 352
242 353
243 337
243 336
243 339
243 338
243 353
243 244
243 349
243 351
243 258
243 335
244 247
244 260
244 338
244 263
244 339
244 259
244 352
244 353
244 327
244 245
244 246
245 353
245 352
245 263
245 260
245 259
245 247
245 246
245 341
245 340
245 339
245 338
245 358
245 357
245 327
246 247
246 338
246 339
246 341
246 327
246 324
246 325
247 339
247 357
247 358
247 327
247 260
247 263
247 341
247 340
248 362
248 249
248 250
248 251
248 342
248 264
248 265
249 342
249 251
249 250
249 264
250 342
250 251
250 362
250 361
250 266
250 267
250 264
250 265
250 254
251 328
252 253
252 254
252 343
252 256
252 257
252 361
252 362
252 276
252 268
252 344
252 269
252 273
252 270
252 346
252 271
252 275
252 265
253 276
253 271
253 275
253 362
253 361
253 269
253 268
253 346
253 257
253 344
253 256
253 343
253 254
254 276
254 362
254 361
254 342
254 343
254 256
254 344
254 267
254 265
254 270
254 275
254 271
254 268
254 269
255 349
255 348
255 350
255 345
255 273
255 344
255 347
255 346
255 274
255 257
255 256
255 258
255 336
256 345
256 257
256 346
256 361
256 343
256 273
256 274
256 275
256 276
256 268
256 269
256 271
256 344
257 348
257 343
257 333
257 332
257 347
257 346
257 344
258 278
258 356
258 353
258 350
258 351
258 348
258 349
258 347
258 335
258 336
259 358
259 369
259 372
259 261
259 353
259 260
259 352
259 263
259 355
259 354
259 356
259 359
260 357
260 358
260 359
260 261
260 262
260 263
260 340
261 263
261 262
261 359
261 358
261 357
261 373
261 372
261 285
261 284
261 340
262 284
262 285
262 358
262 359
262 357
262 372
262 263
262 373
263 340
263 357
263 359
263 358
263 353
263 352
263 355
263 372
264 360
264 361
264 362
264 265
264 342
264 266
264 267
265 362
265 361
265 360
265 343
265 342
265 267
265 266
265 271
265 270
265 268
266 267
266 286
266 342
266 410
266 362
266 360
266 361
267 286
267 378
267 410
267 268
267 271
267 270
267 342
267 361
267 288
267 360
267 362
268 378
268 343
268 276
268 272
268 275
268 360
268 361
268 269
268 362
268 270
268 271
268 344
269 363
269 361
269 276
269 275
269 273
269 272
269 344
269 380
269 271
269 270
269 378
270 378
270 379
270 271
270 377
270 275
270 380
270 272
270 276
270 362
270 363
270 360
270 288
270 361
270 289
271 361
271 276
271 363
271 362
271 273
271 272
271 275
271 343
271 380
271 378
271 344
272 291
272 363
272 377
272 378
272 379
272 380
272 273
272 381
272 275
272 276
272 289
273 276
273 409
273 346
273 345
273 344
273 350
273 281
273 363
273 275
273 274
273 278
274 281
274 278
274 350
274 276
274 349
274 346
274 275
274 347
274 344
274 345
274 409
274 366
274 363
274 280
275 380
275 361
275 276
275 363
275 345
275 344
275 346
276 363
276 409
276 344
276 380
276 345
276 346
277 366
277 365
277 364
277 363
277 281
277 280
277 295
277 370
277 293
277 291
277 383
277 290
277 382
277 381
277 409
277 279
277 278
277 296
277 367
278 349
278 282
278 280
278 281
278 370
278 366
278 279
278 364
278 409
278 365
278 354
278 356
278 345
278 350
278 351
279 282
279 381
279 385
279 384
279 383
279 382
279 386
279 409
279 299
279 293
279 365
279 364
279 368
279 295
279 367
279 366
279 370
279 281
279 280
280 281
280 282
280 283
280 295
280 381
280 350
280 409
280 364
280 365
280 385
280 366
280 367
280 368
280 370
281 381
281 345
281 350
281 363
281 291
281 367
281 295
281 366
281 365
281 364
281 296
281 409
282 355
282 352
282 366
282 367
282 364
282 365
282 385
282 374
282 375
282 370
282 368
282 369
282 283
282 356
282 354
282 299
283 369
283 368
283 370
283 372
283 375
283 374
283 385
283 365
283 364
283 304
283 367
283 386
283 366
283 352
283 355
283 299
283 354
283 298
283 356
284 371
284 358
284 359
284 285
284 376
284 372
284 373
284 374
285 298
285 376
285 375
285 374
285 373
285 372
285 371
285 369
285 359
285 303
285 392
285 304
286 360
286 288
286 410
287 394
287 289
287 288
287 410
287 377
287 305
287 379
287 378
287 306
287 397
287 396
288 378
288 379
288 410
288 360
288 289
288 396
288 377
289 396
289 410
289 379
289 378
289 377
289 380
290 291
290 382
290 383
290 380
290 381
290 307
290 377
290 296
290 402
290 294
290 400
290 401
290 292
291 380
291 383
291 382
291 400
291 363
291 292
291 296
291 377
291 379
291 381
292 397
292 398
292 399
292 395
292 380
292 400
292 402
292 377
292 379
292 296
292 307
292 396
293 297
293 296
293 388
293 386
293 385
293 384
293 367
293 295
293 403
293 294
293 365
293 402
293 383
293 299
293 382
293 381
294 398
294 295
294 312
294 384
294 307
294 382
294 383
294 308
294 402
294 403
294 401
294 296
294 297
295 381
295 297
295 296
295 383
295 402
295 299
295 382
295 388
295 368
295 370
295 385
295 365
295 384
295 364
295 367
295 386
295 366
296 307
296 381
296 382
296 383
296 401
296 402
297 309
297 367
297 314
297 387
297 313
297 386
297 312
297 385
297 384
297 389
297 388
297 403
297 382
297 299
297 406
297 405
297 404
297 300
297 311
297 310
298 369
298 301
298 299
298 376
298 304
298 390
298 388
298 389
298 386
298 387
298 384
298 367
298 385
298 374
298 375
298 370
298 392
298 303
298 368
298 300
299 370
299 300
299 375
299 374
299 365
299 367
299 304
299 385
299 384
299 387
299 386
299 389
299 388
299 369
299 368
299 390
300 304
300 389
300 390
300 384
300 385
300 301
300 386
300 302
300 387
300 404
300 405
300 406
300 407
300 312
300 313
300 314
300 315
300 393
300 309
300 310
300 311
300 388
301 391
301 390
301 389
301 371
301 388
301 387
301 407
301 315
301 313
301 304
301 376
301 393
301 303
301 392
301 302
302 315
302 313
302 407
302 404
302 405
302 387
302 390
302 391
302 388
302 303
302 389
302 392
302 393
302 304
302 310
302 309
302 314
303 393
303 392
303 376
303 304
303 315
303 389
303 373
303 391
303 390
303 375
303 374
303 371
304 393
304 368
304 369
304 371
304 372
304 385
304 373
304 374
304 387
304 375
304 388
304 389
304 390
304 391
304 376
304 392
305 396
305 306
305 394
306 400
306 396
306 397
306 395
307 395
307 397
307 399
307 398
307 401
307 400
307 402
307 383
307 308
308 382
308 311
308 398
308 312
308 406
308 401
308 402
308 403
309 389
309 388
309 387
309 384
309 314
309 313
309 312
309 406
309 405
309 404
309 403
309 311
309 310
310 314
310 312
310 403
310 313
310 406
310 404
310 405
310 311
310 387
310 388
310 389
311 405
311 404
311 406
311 403
311 313
311 312
311 314
311 388
312 314
312 404
312 405
312 406
312 384
312 387
312 388
312 313
312 403
313 406
313 405
313 404
313 387
313 390
313 389
313 388
313 393
313 315
313 314
313 407
314 406
314 315
314 407
314 404
314 405
314 388
314 389
314 387
315 391
315 390
315 393
315 392
315 407
315 387
315 389
316 317
316 328
316 319
316 329
317 330
317 329
317 328
317 319
317 318
318 330
318 331
318 319
318 329
318 334
318 333
318 320
318 321
319 334
319 329
319 321
319 320
320 331
320 334
320 321
320 322
321 331
321 334
321 333
321 322
322 331
323 325
323 324
324 325
324 327
324 338
324 339
325 339
325 327
326 341
326 327
327 341
327 339
328 329
329 330
330 334
330 343
330 331
331 333
331 332
331 334
331 408
332 348
332 408
332 347
332 336
332 337
332 333
332 334
332 335
333 348
333 334
333 408
335 351
335 408
335 337
335 336
335 338
336 347
336 348
336 349
336 350
336 351
336 337
337 338
337 408
338 353
338 339
339 341
339 353
340 357
340 358
340 359
340 341
342 362
342 360
342 361
343 361
343 362
343 344
344 345
344 346
344 347
344 348
344 350
345 347
345 346
345 409
345 350
345 349
345 348
345 363
346 350
346 348
346 349
346 347
347 349
347 348
347 350
348 349
348 350
349 356
349 351
349 350
350 351
350 366
350 364
350 409
351 356
351 353
351 352
351 355
351 354
352 353
352 354
352 355
352 356
352 358
352 369
352 372
353 356
353 355
353 354
354 374
354 372
354 370
354 364
354 368
354 369
354 356
354 355
355 356
355 358
355 369
355 370
355 372
355 374
356 364
356 366
356 369
356 370
357 359
357 358
358 372
358 359
359 373
359 372
360 378
360 410
360 361
360 362
361 362
363 381
363 380
363 409
364 367
364 368
364 369
364 370
364 385
364 365
364 409
364 366
365 381
365 386
365 385
365 384
365 409
365 370
365 368
365 367
365 366
366 367
366 409
366 370
366 368
366 381
367 388
367 385
367 384
367 386
367 375
367 368
367 370
368 386
368 369
368 370
368 372
368 374
368 375
368 384
368 385
369 374
369 372
369 370
369 375
370 386
370 385
370 374
370 375
371 390
371 393
371 392
371 373
371 372
371 375
371 374
371 376
371 391
372 376
372 373
372 374
372 375
373 376
373 375
373 374
373 392
374 376
374 375
375 376
375 388
375 390
375 385
375 387
375 386
376 390
376 391
376 392
377 379
377 378
377 380
377 397
377 396
377 400
378 410
378 380
378 379
379 400
379 397
379 396
379 380
380 381
381 409
381 383
381 382
381 402
382 383
382 384
382 402
382 403
382 401
383 401
383 403
383 402
383 384
384 385
384 386
384 387
384 388
384 389
384 403
384 405
385 389
385 388
385 387
385 386
386 388
386 389
386 387
386 405
387 405
387 404
387 407
387 389
387 388
387 390
387 393
388 404
388 405
388 406
388 407
388 389
388 390
389 407
389 405
389 393
389 404
389 392
389 391
389 390
390 392
390 393
390 391
390 407
391 393
391 392
391 407
392 393
392 407
393 407
395 400
395 397
395 396
395 399
396 400
396 397
397 400
397 399
398 402
398 400
398 401
398 399
399 401
399 400
401 403
401 402
402 403
403 405
403 404
403 406
404 405
404 406
405 407
405 406
