0 218
0 219
0 1
0 316
0 2
0 317
0 3
0 4
0 113
0 319
0 328
0 5
0 114
0 329
0 6
0 115
0 116
0 117
0 118
1 137
1 6
1 136
1 5
1 4
1 233
1 26
1 232
1 25
1 135
1 134
1 133
1 23
1 115
1 22
1 114
1 9
1 21
1 113
1 330
1 329
1 328
1 118
1 117
1 219
1 116
1 3
1 218
1 2
1 319
1 318
1 317
1 316
2 316
2 317
2 4
2 5
2 118
2 116
2 117
2 114
2 115
2 113
2 134
2 328
2 251
2 135
2 329
2 26
2 133
2 218
2 25
2 219
2 22
2 21
2 234
2 232
2 233
3 321
3 320
3 113
3 23
3 322
3 115
3 114
3 219
3 117
3 116
3 220
3 118
3 120
3 317
3 316
3 319
3 318
3 5
3 4
3 7
3 6
3 9
4 321
4 138
4 322
4 113
4 114
4 115
4 218
4 219
4 334
4 329
4 120
4 330
4 331
4 9
4 23
4 232
4 235
4 316
4 317
4 318
4 319
4 26
4 116
4 27
4 117
4 220
4 118
4 5
4 136
4 320
4 6
5 138
5 317
5 334
5 26
5 316
5 136
5 235
5 330
5 6
5 329
5 328
5 232
5 134
5 23
5 9
5 220
5 219
5 218
5 118
5 117
5 116
5 115
5 321
5 114
5 319
5 320
5 113
5 318
6 318
6 319
6 316
6 220
6 317
6 329
6 120
6 9
6 114
6 320
6 115
6 113
6 118
6 116
6 218
6 117
6 219
7 221
7 220
7 223
7 222
7 28
7 321
7 320
7 322
7 121
7 120
7 237
7 23
7 123
7 236
7 122
7 117
7 138
7 119
7 408
7 13
7 12
7 333
7 14
7 332
7 9
7 318
7 8
7 334
7 225
7 11
7 224
7 10
7 331
8 11
8 12
8 117
8 224
8 320
8 13
8 225
8 321
8 14
8 119
8 322
8 120
8 121
8 122
8 23
8 27
8 318
8 28
8 235
8 331
8 240
8 236
8 332
8 136
8 30
8 237
8 333
8 334
8 138
8 139
8 140
8 408
8 32
8 220
8 33
8 221
8 222
8 223
8 9
8 10
9 322
9 235
9 321
9 320
9 122
9 120
9 11
9 237
9 331
9 236
9 330
9 219
9 14
9 12
9 334
9 23
9 333
9 222
9 221
9 220
9 138
9 27
9 319
9 136
9 318
9 317
9 115
9 114
9 28
9 119
9 118
9 117
10 333
10 240
10 221
10 241
10 408
10 337
10 14
10 119
10 15
10 12
10 32
10 226
10 13
10 33
10 227
10 224
10 11
10 225
10 236
10 127
10 322
10 237
10 16
10 323
10 125
10 142
10 122
10 321
10 123
10 140
10 31
10 141
10 28
10 335
10 222
10 121
10 332
10 223
11 222
11 28
11 331
11 30
11 333
11 139
11 332
11 138
11 335
11 141
11 241
11 140
11 240
11 321
11 320
11 121
11 323
11 120
11 322
11 123
11 122
11 125
11 13
11 12
11 15
11 237
11 337
11 14
11 236
11 408
11 225
11 119
11 224
11 227
11 33
11 32
11 221
11 223
12 320
12 127
12 321
12 408
12 120
12 322
12 121
12 236
12 323
12 122
12 123
12 33
12 119
12 220
12 221
12 222
12 223
12 224
12 225
12 227
12 13
12 14
12 125
13 121
13 223
13 120
13 222
13 119
13 221
13 227
13 408
13 226
13 225
13 224
13 142
13 141
13 337
13 140
13 28
13 335
13 333
13 332
13 33
13 331
13 32
13 241
13 240
13 127
13 237
13 236
13 125
13 16
13 323
13 15
13 322
13 123
13 14
13 321
13 122
14 331
14 119
14 122
14 332
14 236
14 123
14 333
14 237
14 120
14 121
14 408
14 240
14 127
14 337
14 241
14 125
14 140
14 32
14 322
14 33
14 323
14 227
14 320
14 224
14 321
14 225
14 28
14 222
14 223
14 220
14 221
15 143
15 227
15 33
15 142
15 125
15 226
15 32
15 124
15 35
15 325
15 127
15 34
15 324
15 126
15 327
15 121
15 123
15 41
15 323
15 244
15 408
15 335
15 246
15 52
15 157
15 241
15 240
15 243
15 242
15 20
15 132
15 17
15 16
15 229
15 337
15 37
15 223
15 339
15 230
15 36
15 141
15 338
15 225
15 31
15 140
15 224
16 121
16 327
16 244
16 245
16 31
16 123
16 246
16 124
16 17
16 125
16 18
16 126
16 141
16 337
16 127
16 142
16 20
16 338
16 143
16 41
16 339
16 129
16 132
16 225
16 226
16 227
16 33
16 228
16 34
16 229
16 35
16 230
16 36
16 37
16 335
16 147
16 323
16 240
16 324
16 241
16 325
16 242
16 243
16 223
17 341
17 144
17 226
17 231
17 230
17 229
17 228
17 19
17 18
17 143
17 327
17 131
17 41
17 326
17 130
17 20
17 325
17 129
17 324
17 128
17 246
17 35
17 126
17 132
17 339
17 125
17 124
17 38
17 147
18 41
18 38
18 39
18 146
18 246
18 147
18 247
18 144
18 35
18 245
18 326
18 327
18 143
18 324
18 325
18 126
18 124
18 132
18 20
18 130
18 230
18 131
18 340
18 231
18 128
18 19
18 341
18 228
18 129
18 229
18 339
18 42
19 228
19 341
19 147
19 231
19 230
19 41
19 124
19 126
19 129
19 128
19 325
19 131
19 324
19 130
19 327
19 20
19 326
19 132
19 246
19 229
19 144
20 326
20 143
20 327
20 244
20 245
20 246
20 247
20 37
20 148
20 38
20 242
20 39
20 144
20 145
20 35
20 146
20 147
20 228
20 229
20 340
20 230
20 341
20 231
20 40
20 132
20 41
20 42
20 226
20 124
20 338
20 125
20 339
20 128
20 126
20 129
20 130
20 131
20 324
20 325
20 142
21 218
21 251
21 137
21 250
21 249
21 151
21 248
21 150
21 330
21 149
21 329
21 26
21 328
21 25
21 343
21 342
21 115
21 234
21 233
21 135
21 232
21 134
21 133
21 153
21 46
21 152
21 44
21 43
21 22
22 137
22 149
22 26
22 24
22 218
22 25
22 219
22 115
22 250
22 134
22 251
22 135
22 248
22 249
22 330
22 133
22 116
22 117
22 343
22 328
22 329
22 152
22 23
22 153
22 316
22 43
22 317
22 234
22 46
22 232
22 233
22 44
22 136
23 257
23 329
23 156
23 232
23 235
23 331
23 117
23 330
23 152
23 118
23 317
23 321
23 220
23 115
23 320
23 319
23 29
23 318
23 28
23 219
23 25
23 24
23 137
23 27
23 136
23 26
23 139
23 138
23 237
23 333
23 236
23 45
23 238
23 334
23 48
24 238
24 45
24 46
24 48
24 330
24 49
24 331
24 152
24 50
24 153
24 333
24 154
24 334
24 156
24 318
24 256
24 252
24 257
24 253
24 254
24 255
24 25
24 136
24 343
24 26
24 137
24 344
24 27
24 138
24 28
24 139
24 346
24 29
24 347
24 232
24 30
24 348
24 235
24 236
24 237
25 136
25 251
25 250
25 249
25 115
25 248
25 43
25 219
25 343
25 218
25 253
25 46
25 117
25 151
25 45
25 44
25 149
25 235
25 234
25 233
25 232
25 153
25 152
25 238
25 318
25 317
25 156
25 135
25 330
25 134
25 329
25 133
25 328
25 27
25 26
25 137
26 219
26 138
26 238
26 117
26 136
26 115
26 137
26 234
26 29
26 235
26 232
26 27
26 233
26 46
26 45
26 43
26 156
26 334
26 134
26 135
26 152
26 318
26 133
26 153
26 330
26 253
26 319
26 331
26 316
26 328
26 251
26 317
26 329
26 248
26 48
26 343
26 218
27 138
27 331
27 343
27 117
27 330
27 333
27 332
27 253
27 334
27 29
27 219
27 48
27 321
27 28
27 30
27 232
27 45
27 235
27 152
27 257
27 237
27 154
27 46
27 236
27 156
27 346
27 238
27 348
27 122
27 137
27 136
27 318
27 139
28 32
28 33
28 346
28 347
28 154
28 255
28 221
28 332
28 336
28 408
28 222
28 333
28 337
28 223
28 334
28 29
28 140
28 335
28 30
28 141
28 257
28 318
28 136
28 236
28 240
28 331
28 237
28 138
28 238
28 48
28 139
28 239
28 121
28 122
28 321
28 235
28 348
28 119
28 224
29 334
29 48
29 333
29 332
29 336
29 331
29 330
29 239
29 238
29 237
29 236
29 235
29 156
29 155
29 154
29 32
29 153
29 63
29 348
29 30
29 347
29 346
29 345
29 140
29 255
29 257
29 54
29 344
29 139
29 256
29 343
29 138
29 253
29 137
29 252
29 47
29 136
29 46
29 50
29 45
29 49
30 258
30 346
30 50
30 347
30 51
30 156
30 344
30 257
30 48
30 157
30 49
30 45
30 350
30 408
30 54
30 255
30 348
30 52
30 349
30 53
30 138
30 139
30 331
30 235
30 122
30 140
30 31
30 32
30 141
30 33
30 334
30 238
30 243
30 335
30 239
30 336
30 240
30 332
30 236
30 337
30 333
30 237
30 154
31 223
31 36
31 353
31 352
31 33
31 32
31 35
31 157
31 34
31 227
31 226
31 158
31 332
31 125
31 53
31 335
31 239
31 52
31 55
31 126
31 244
31 121
31 160
31 258
31 162
31 337
31 241
31 408
31 336
31 240
31 339
31 243
31 338
31 242
31 349
31 141
31 351
31 140
31 143
31 142
31 37
32 34
32 221
32 138
32 222
32 139
32 223
32 140
32 347
32 141
32 348
32 142
32 349
32 255
32 351
32 240
32 336
32 408
32 241
32 337
32 242
32 338
32 243
32 121
32 257
32 122
32 51
32 258
32 52
32 331
32 53
32 236
32 332
32 54
32 237
32 333
32 154
32 239
32 335
32 224
32 157
32 226
32 227
32 33
33 52
33 243
33 242
33 338
33 241
33 337
33 157
33 123
33 240
33 336
33 122
33 34
33 121
33 239
33 335
33 139
33 125
33 237
33 333
33 236
33 332
33 227
33 323
33 143
33 226
33 142
33 225
33 141
33 119
33 224
33 140
33 223
33 222
33 408
33 258
33 221
34 162
34 159
34 163
34 54
34 160
34 55
34 157
34 161
34 338
34 52
34 335
34 339
34 53
34 336
34 337
34 51
34 258
34 259
34 226
34 148
34 40
34 142
34 143
34 140
34 39
34 141
34 36
34 37
34 356
34 35
34 354
34 351
34 355
34 352
34 349
34 353
34 244
34 245
34 242
34 239
34 243
34 240
34 56
34 158
34 241
35 37
35 227
35 36
35 226
35 39
35 229
35 129
35 38
35 228
35 41
35 40
35 230
35 42
35 132
35 325
35 353
35 324
35 241
35 327
35 125
35 243
35 124
35 242
35 55
35 245
35 145
35 126
35 141
35 244
35 144
35 247
35 147
35 337
35 143
35 246
35 142
35 339
35 335
35 148
35 338
35 341
36 354
36 160
36 335
36 141
36 355
36 161
36 142
36 162
36 56
36 143
36 163
36 148
36 57
36 173
36 336
36 337
36 338
36 37
36 339
36 145
36 260
36 126
36 39
36 226
36 263
36 351
36 157
36 158
36 159
36 258
36 259
36 244
36 245
36 246
36 52
36 40
36 247
36 53
36 41
36 42
36 241
36 55
36 356
36 242
36 243
36 358
36 165
36 352
36 166
36 353
37 42
37 226
37 41
37 52
37 40
37 166
37 129
37 247
37 143
37 163
37 246
37 327
37 142
37 162
37 245
37 141
37 161
37 244
37 160
37 243
37 58
37 242
37 57
37 358
37 148
37 357
37 39
37 147
37 38
37 335
37 146
37 355
37 263
37 145
37 144
37 353
37 352
37 260
37 259
37 157
37 341
37 340
37 339
37 230
37 338
37 229
37 55
37 126
38 228
38 229
38 340
38 341
38 58
38 39
38 57
38 263
38 246
38 260
38 247
38 244
38 129
38 245
38 327
38 126
38 146
38 358
38 147
38 42
38 144
38 145
38 40
38 357
38 41
38 230
38 148
38 231
39 148
39 242
39 145
39 144
39 327
39 41
39 147
39 40
39 146
39 357
39 126
39 42
39 359
39 143
39 358
39 353
39 261
39 229
39 352
39 260
39 263
39 230
39 341
39 340
39 57
39 259
39 59
39 129
39 165
39 58
39 339
39 164
39 338
39 166
39 55
39 245
39 161
39 244
39 160
39 247
39 163
39 246
40 230
40 41
40 327
40 78
40 42
40 160
40 161
40 259
40 163
40 260
40 164
40 261
40 165
40 338
40 242
40 129
40 262
40 166
40 339
40 126
40 263
40 340
40 244
40 55
40 341
40 245
40 246
40 57
40 247
40 58
40 59
40 352
40 353
40 144
40 145
40 355
40 146
40 147
40 143
40 357
40 148
40 358
40 359
40 76
41 231
41 263
41 230
41 229
41 228
41 260
41 147
41 126
41 143
41 146
41 142
41 145
41 124
41 357
41 144
41 42
41 327
41 242
41 148
41 325
41 324
41 247
41 246
41 245
41 55
41 244
41 339
41 338
41 57
41 129
41 341
41 128
41 340
41 226
41 132
42 244
42 245
42 58
42 59
42 262
42 263
42 57
42 260
42 129
42 261
42 259
42 340
42 341
42 339
42 148
42 230
42 146
42 231
42 147
42 126
42 144
42 229
42 145
42 55
42 358
42 359
42 357
42 166
42 327
42 164
42 246
42 247
43 137
43 60
43 233
43 232
43 234
43 265
43 264
43 153
43 133
43 152
43 135
43 361
43 134
43 249
43 248
43 343
43 44
43 362
43 251
43 342
43 250
43 329
43 46
43 328
43 330
43 149
43 168
43 151
43 150
44 149
44 234
44 150
44 151
44 342
44 60
44 343
44 62
44 252
44 168
44 253
44 169
44 254
44 360
44 361
44 248
44 362
44 249
44 250
44 137
44 251
44 167
44 268
44 135
44 271
44 45
44 264
44 46
44 265
44 152
44 266
44 153
44 267
45 47
45 136
45 46
45 235
45 276
45 348
45 275
45 347
45 346
45 156
45 155
45 255
45 344
45 154
45 254
45 271
45 343
45 153
45 253
45 63
45 152
45 252
45 62
45 151
45 268
45 361
45 330
45 257
45 50
45 67
45 139
45 256
45 49
45 138
45 238
45 48
45 137
46 361
46 234
46 151
46 62
46 235
46 63
46 232
46 149
46 60
46 342
46 238
46 343
46 256
46 152
46 257
46 67
46 153
46 156
46 344
46 267
46 135
46 265
46 271
46 250
46 50
46 268
46 136
46 251
46 269
46 137
46 248
46 48
46 330
46 275
46 254
46 252
46 253
46 362
47 71
47 349
47 70
47 348
47 65
47 54
47 276
47 64
47 49
47 350
47 67
47 48
47 278
47 345
47 66
47 51
47 273
47 344
47 50
47 272
47 347
47 275
47 346
47 171
47 274
47 170
47 63
47 253
47 252
47 255
47 254
47 281
47 156
47 257
47 153
47 256
47 155
47 154
47 269
47 268
47 363
47 271
47 239
47 187
47 409
47 238
47 68
47 53
48 345
48 136
48 269
48 237
48 346
48 137
48 238
48 347
48 138
48 271
48 239
48 348
48 139
48 256
48 257
48 170
48 252
48 152
48 63
48 253
48 153
48 254
48 154
48 343
48 49
48 255
48 155
48 50
48 156
48 273
48 330
48 274
48 275
48 54
48 276
48 67
48 235
48 344
48 151
48 268
49 257
49 256
49 158
49 239
49 238
49 156
49 275
49 347
49 274
49 346
49 273
49 345
49 67
49 344
49 139
49 255
49 278
49 350
49 64
49 253
49 349
49 63
49 276
49 71
49 252
49 348
49 170
49 68
49 51
49 409
49 336
49 50
49 271
49 269
49 155
49 54
49 154
49 53
49 258
50 54
50 361
50 269
50 254
50 350
50 170
50 255
50 252
50 348
50 253
50 71
50 346
50 51
50 409
50 347
50 344
50 156
50 345
50 67
50 154
50 64
50 343
50 155
50 256
50 153
50 257
50 151
50 238
50 239
50 276
50 62
50 63
50 274
50 275
50 272
50 273
50 270
50 139
50 363
50 271
50 268
51 347
51 409
51 239
51 346
51 349
51 356
51 348
51 351
51 243
51 350
51 160
51 155
51 162
51 273
51 154
51 364
51 157
51 69
51 274
51 366
51 159
51 68
51 158
51 71
51 53
51 171
51 278
51 52
51 255
51 170
51 281
51 280
51 54
51 336
51 172
51 74
51 282
51 139
51 56
51 257
51 258
51 345
51 344
52 243
52 56
52 335
52 255
52 258
52 259
52 336
52 74
52 337
52 338
52 157
52 356
52 239
52 158
52 159
52 349
52 160
52 350
52 161
52 278
52 351
52 162
52 352
52 53
52 163
52 353
52 54
52 244
52 354
52 55
52 173
52 355
52 347
52 240
52 140
52 241
52 141
52 242
52 69
52 142
53 348
53 158
53 242
53 347
53 157
53 354
53 346
53 240
53 353
53 345
53 155
53 255
53 352
53 162
53 344
53 154
53 161
53 366
53 160
53 74
53 364
53 173
53 335
53 278
53 409
53 170
53 56
53 141
53 274
53 140
53 273
53 139
53 239
53 282
53 71
53 280
53 336
53 69
53 351
53 258
53 350
53 257
53 54
53 349
53 159
53 243
53 356
54 278
54 356
54 276
54 239
54 158
54 159
54 157
54 170
54 56
54 171
54 346
54 258
54 409
54 347
54 344
54 256
54 345
54 257
54 350
54 139
54 351
54 74
54 348
54 162
54 349
54 160
54 140
54 336
54 280
54 255
54 366
54 281
54 364
54 243
54 274
54 71
54 154
54 68
54 273
54 155
54 69
55 159
55 158
55 351
55 173
55 177
55 372
55 148
55 369
55 145
55 245
55 78
55 244
55 247
55 142
55 261
55 165
55 260
55 164
55 74
55 57
55 263
55 56
55 339
55 243
55 166
55 59
55 338
55 242
55 161
55 357
55 58
55 160
55 356
55 259
55 163
55 359
55 258
55 162
55 358
55 353
55 352
55 355
55 354
55 157
56 351
56 174
56 74
56 352
56 175
56 75
56 280
56 353
56 176
56 354
56 177
56 282
56 355
56 178
56 78
56 283
56 356
56 258
56 259
56 157
56 158
56 159
56 364
56 160
56 365
56 161
56 366
56 162
56 163
56 368
56 164
56 369
56 165
56 370
56 372
56 374
56 69
56 242
56 243
56 71
56 349
56 172
56 72
56 350
56 173
56 73
56 278
57 163
57 259
57 78
57 247
57 246
57 161
57 76
57 245
57 160
57 284
57 244
57 340
57 263
57 166
57 262
57 165
57 261
57 80
57 59
57 164
57 260
57 58
57 372
57 147
57 146
57 355
57 145
57 354
57 173
57 144
57 353
57 352
57 359
57 358
57 177
57 148
57 357
57 242
58 358
58 359
58 284
58 357
58 166
58 262
58 263
58 164
58 260
58 165
58 261
58 259
58 78
58 76
58 247
58 340
58 245
58 59
58 148
58 372
58 146
58 147
58 144
58 145
58 80
59 145
59 263
59 372
59 262
59 374
59 177
59 148
59 77
59 76
59 285
59 178
59 284
59 181
59 78
59 180
59 355
59 182
59 357
59 359
59 358
59 174
59 161
59 376
59 163
59 165
59 164
59 166
59 369
59 340
59 259
59 371
59 81
59 261
59 80
59 260
59 373
60 266
60 249
60 267
60 250
60 152
60 153
60 149
60 150
60 186
60 151
60 342
60 286
60 183
60 168
60 169
60 360
60 61
60 268
60 361
60 62
60 252
60 83
60 362
60 270
60 271
60 254
60 264
60 167
60 410
60 265
60 248
61 62
61 250
61 286
61 362
61 289
61 361
61 288
61 360
61 169
61 168
61 167
61 87
61 85
61 270
61 84
61 83
61 82
61 267
61 266
61 342
61 265
61 378
61 151
61 264
61 150
61 186
61 185
61 184
61 410
61 183
62 167
62 63
62 168
62 169
62 250
62 151
62 149
62 256
62 254
62 362
62 85
62 183
62 252
62 253
62 153
62 360
62 361
62 186
62 342
62 289
62 266
62 343
62 156
62 267
62 264
62 265
62 270
62 275
62 66
62 271
62 272
62 67
62 268
62 269
62 378
62 276
63 378
63 254
63 276
63 273
63 272
63 275
63 151
63 274
63 169
63 343
63 170
63 361
63 156
63 363
63 153
63 155
63 68
63 257
63 71
63 345
63 256
63 344
63 380
63 65
63 187
63 409
63 64
63 346
63 269
63 67
63 268
63 253
63 66
63 271
63 252
63 270
63 255
64 252
64 169
64 277
64 170
64 171
64 85
64 268
64 86
64 269
64 290
64 270
64 291
64 271
64 363
64 256
64 65
64 66
64 67
64 68
64 280
64 70
64 281
64 71
64 88
64 187
64 90
64 377
64 190
64 92
64 378
64 191
64 379
64 155
64 296
64 272
64 380
64 344
64 273
64 381
64 345
64 274
64 275
64 409
64 276
65 66
65 189
65 188
65 275
65 71
65 274
65 70
65 273
65 296
65 272
65 171
65 68
65 279
65 409
65 170
65 91
65 90
65 277
65 89
65 276
65 291
65 88
65 290
65 270
65 377
65 269
65 93
65 383
65 92
65 382
65 381
65 345
65 380
65 292
65 86
65 363
65 187
65 281
65 280
65 366
65 191
65 155
65 67
65 365
65 190
66 377
66 270
66 67
66 271
66 275
66 296
66 268
66 272
66 269
66 273
66 92
66 292
66 90
66 290
66 91
66 291
66 88
66 363
66 188
66 288
66 289
66 86
66 186
66 187
66 256
66 85
66 254
66 155
66 252
66 380
66 70
66 281
66 170
66 381
66 171
66 378
66 68
66 379
66 276
66 169
67 71
67 70
67 253
67 252
67 255
67 409
67 254
67 378
67 345
67 273
67 380
67 269
67 344
67 272
67 268
67 187
67 151
67 275
67 271
67 346
67 274
67 270
67 153
67 276
67 155
67 281
67 156
67 90
67 361
67 363
67 291
67 169
67 256
67 171
67 170
67 68
68 281
68 381
68 295
68 170
68 72
68 171
68 290
68 350
68 291
68 345
68 189
68 190
68 92
68 409
68 296
68 191
68 269
68 88
68 276
68 187
68 364
68 277
68 90
68 365
68 278
68 366
68 279
68 272
68 69
68 155
68 273
68 70
68 274
68 71
68 275
68 363
68 172
68 280
68 380
69 345
69 273
69 162
69 356
69 161
69 355
69 160
69 354
69 92
69 175
69 353
69 174
69 352
69 173
69 367
69 283
69 172
69 366
69 282
69 171
69 365
69 71
69 281
69 170
69 364
69 70
69 280
69 96
69 176
69 370
69 369
69 258
69 190
69 368
69 189
69 409
69 159
69 75
69 158
69 74
69 157
69 351
69 279
69 73
69 350
69 278
69 72
69 349
69 277
69 165
69 274
69 163
70 189
70 296
70 276
70 277
70 193
70 290
70 409
70 72
70 291
70 363
70 170
70 171
70 294
70 96
70 366
70 295
70 402
70 367
70 292
70 364
70 293
70 365
70 172
70 280
70 90
70 281
70 91
70 71
70 88
70 89
70 94
70 187
70 274
70 92
70 382
70 93
70 383
70 272
70 380
70 190
70 273
70 381
70 191
70 345
70 155
70 278
70 188
70 279
71 72
71 366
71 282
71 277
71 74
71 276
71 363
71 190
71 162
71 279
71 278
71 273
71 356
71 187
71 159
71 272
71 158
71 92
71 275
71 381
71 274
71 155
71 349
71 90
71 409
71 351
71 350
71 345
71 172
71 344
71 347
71 346
71 255
71 171
71 256
71 170
71 370
71 365
71 258
71 281
71 364
71 280
72 171
72 280
72 176
72 172
72 281
72 177
72 173
72 282
72 178
72 174
72 283
72 179
72 175
72 180
72 368
72 364
72 181
72 369
72 365
72 92
72 370
72 366
72 367
72 95
72 158
72 374
72 159
72 409
72 375
72 189
72 96
72 190
72 97
72 160
72 293
72 161
72 162
72 384
72 73
72 295
72 163
72 385
72 74
72 386
72 352
72 192
72 75
72 165
72 193
72 298
72 354
72 194
72 299
72 355
72 195
72 277
72 356
72 79
72 278
72 279
73 299
73 374
73 385
73 298
73 384
73 372
73 165
73 164
73 279
73 388
73 98
73 376
73 304
73 97
73 300
73 283
73 96
73 179
73 175
73 282
73 75
73 178
73 174
73 74
73 177
73 173
73 280
73 176
73 355
73 195
73 172
73 354
73 194
73 79
73 193
73 285
73 78
73 181
73 352
73 192
73 81
73 77
73 180
73 80
73 159
73 198
73 356
73 189
73 367
73 295
73 370
73 163
73 366
73 95
73 369
73 365
73 368
73 161
73 387
73 364
73 375
73 386
74 299
74 176
74 355
74 157
74 177
74 352
74 353
74 366
74 386
74 367
74 364
74 282
74 365
74 79
74 385
74 374
74 283
74 96
74 375
74 280
74 372
74 281
74 75
74 350
74 370
74 351
74 368
74 165
74 349
74 369
74 162
74 163
74 259
74 160
74 161
74 174
74 194
74 175
74 172
74 173
74 193
74 278
74 279
74 171
74 181
74 277
74 356
74 158
74 178
74 409
74 298
74 159
74 179
74 354
75 97
75 96
75 165
75 280
75 98
75 159
75 283
75 282
75 369
75 95
75 189
75 293
75 368
75 94
75 295
75 370
75 190
75 177
75 372
75 176
75 375
75 179
75 374
75 178
75 193
75 181
75 277
75 192
75 180
75 195
75 304
75 385
75 279
75 194
75 384
75 278
75 387
75 365
75 386
75 364
75 367
75 171
75 198
75 388
75 366
75 79
75 173
75 172
75 355
75 175
75 299
75 354
75 174
75 298
75 161
75 356
75 300
75 163
76 166
76 372
76 373
76 161
76 374
76 303
76 375
76 260
76 163
76 261
76 369
76 262
76 80
76 263
76 284
76 371
76 81
76 285
76 180
76 145
76 181
76 259
76 182
76 77
76 78
76 79
76 177
76 178
76 357
76 358
76 174
76 359
76 355
76 304
76 376
76 164
76 165
77 81
77 80
77 79
77 78
77 166
77 304
77 165
77 359
77 303
77 164
77 301
77 262
77 298
77 261
77 100
77 285
77 99
77 182
77 376
77 284
77 181
77 375
77 180
77 374
77 199
77 393
77 179
77 373
77 198
77 392
77 178
77 372
77 197
77 391
77 177
77 371
77 390
77 369
77 174
78 174
78 80
78 81
78 371
78 173
78 368
78 178
78 369
78 179
78 374
78 283
78 375
78 177
78 372
78 182
78 373
78 180
78 259
78 181
78 145
78 284
78 376
78 285
78 262
78 354
78 148
78 263
78 355
78 260
78 352
78 261
78 163
78 358
78 303
78 359
78 161
78 166
78 357
78 164
78 165
78 304
78 79
79 195
79 368
79 194
79 371
79 100
79 299
79 370
79 161
79 298
79 95
79 97
79 96
79 173
79 99
79 172
79 98
79 376
79 175
79 304
79 389
79 174
79 388
79 391
79 390
79 355
79 385
79 354
79 384
79 181
79 387
79 180
79 285
79 386
79 367
79 284
79 182
79 177
79 176
79 179
79 178
79 197
79 283
79 392
79 196
79 373
79 282
79 301
79 199
79 372
79 300
79 81
79 198
79 375
79 303
79 80
79 193
79 374
79 165
79 302
79 192
79 369
79 164
80 298
80 355
80 376
80 177
80 178
80 358
80 179
80 359
80 180
80 303
80 181
80 182
80 81
80 368
80 369
80 371
80 372
80 259
80 173
80 373
80 260
80 174
80 374
80 261
80 375
80 262
80 283
80 263
80 161
80 304
80 284
80 285
80 392
80 163
80 164
80 165
80 166
81 304
81 284
81 376
81 179
81 178
81 177
81 194
81 391
81 176
81 299
81 390
81 371
81 298
81 389
81 182
81 199
81 181
81 198
81 369
81 180
81 197
81 303
81 375
81 302
81 374
81 301
81 373
81 372
81 174
81 99
81 315
81 212
81 393
81 100
81 262
81 392
81 164
81 285
82 286
82 396
82 287
82 394
82 186
82 102
82 103
82 184
82 185
82 306
82 101
82 183
82 360
82 305
82 410
82 202
82 203
82 200
82 201
82 87
82 84
82 85
82 167
82 288
82 83
82 289
83 287
83 286
83 289
83 360
83 288
83 167
83 169
83 267
83 266
83 410
83 85
83 84
83 87
83 305
83 183
83 378
83 201
83 200
83 185
83 203
83 184
83 202
83 186
83 394
84 102
84 184
84 103
84 185
84 186
84 167
84 394
84 360
84 305
84 286
84 287
84 85
84 86
84 87
84 169
84 288
84 289
84 200
84 201
84 202
84 183
84 203
84 410
84 378
84 379
84 396
84 101
85 87
85 86
85 204
85 203
85 397
85 167
85 187
85 396
85 186
85 380
85 272
85 185
85 379
85 287
85 184
85 378
85 377
85 91
85 88
85 102
85 101
85 400
85 292
85 169
85 291
85 270
85 183
85 269
85 289
85 360
85 288
85 410
86 396
86 397
86 204
86 272
86 306
86 378
86 379
86 186
86 87
86 270
86 377
86 187
86 185
86 296
86 269
86 380
86 104
86 188
86 290
86 291
86 363
86 288
86 289
86 400
86 169
86 90
86 292
86 102
86 91
86 88
86 203
86 287
86 89
86 101
87 377
87 289
87 397
87 288
87 379
87 287
87 396
87 400
87 378
87 104
87 395
87 394
87 101
87 103
87 102
87 204
87 305
87 201
87 200
87 185
87 306
87 203
87 184
87 202
87 186
87 410
87 183
88 272
88 206
88 381
88 382
88 171
88 383
88 277
88 279
88 281
88 290
88 363
88 291
88 292
88 293
88 294
88 295
88 296
88 400
88 187
88 401
88 188
88 402
88 189
88 190
88 191
88 89
88 90
88 91
88 377
88 92
88 93
88 204
88 379
88 307
88 94
88 205
88 380
89 104
89 307
89 395
89 308
89 399
89 291
89 398
89 187
89 290
89 397
89 207
89 206
89 91
89 205
89 90
89 402
89 204
89 191
89 379
89 294
89 401
89 190
89 293
89 400
89 189
89 377
89 292
89 188
89 94
89 93
89 383
89 92
89 382
89 107
89 381
89 296
89 106
89 380
89 105
90 187
90 280
90 402
90 281
90 94
90 296
90 269
90 92
90 382
90 170
90 93
90 383
90 171
90 380
90 409
90 91
90 381
90 379
90 279
90 276
90 377
90 277
90 274
90 272
90 366
90 273
90 294
90 190
90 295
90 191
90 292
90 365
90 188
90 293
90 189
90 290
90 363
90 291
91 93
91 92
91 205
91 292
91 204
91 187
91 105
91 294
91 206
91 104
91 188
91 107
91 401
91 191
91 400
91 190
91 402
91 395
91 377
91 397
91 307
91 287
91 396
91 379
91 101
91 306
91 399
91 398
91 381
91 296
91 380
91 102
91 383
91 382
91 289
91 291
91 203
91 290
92 296
92 193
92 272
92 273
92 274
92 380
92 292
92 381
92 293
92 382
92 96
92 294
92 383
92 295
92 188
92 189
92 190
92 290
92 409
92 191
92 291
92 187
92 93
92 364
92 94
92 365
92 366
92 367
92 172
92 402
92 280
92 281
92 363
92 175
92 277
92 170
92 171
92 192
92 279
93 383
93 382
93 281
93 381
93 308
93 386
93 307
93 279
93 97
93 207
93 96
93 384
93 277
93 206
93 210
93 205
93 209
93 191
93 208
93 297
93 190
93 296
93 189
93 295
93 188
93 94
93 367
93 294
93 187
93 293
93 365
93 292
93 291
93 290
93 195
93 403
93 398
93 193
93 402
93 109
93 192
93 401
93 108
93 107
93 106
93 105
93 171
94 401
94 175
94 406
94 172
94 294
94 367
94 295
94 106
94 405
94 365
94 107
94 293
94 105
94 299
94 296
94 297
94 108
94 194
94 109
94 190
94 195
94 300
94 191
94 192
94 386
94 188
94 382
94 193
94 189
94 383
94 311
94 384
94 308
94 385
94 381
94 309
94 196
94 388
94 279
94 312
94 277
94 210
94 206
94 211
94 98
94 207
94 280
94 171
94 208
94 402
94 95
94 281
94 209
94 96
94 403
94 290
94 97
94 291
95 98
95 109
95 214
95 302
95 108
95 309
95 297
95 208
95 110
95 211
95 311
95 299
95 210
95 310
95 298
95 365
95 304
95 106
95 279
95 367
95 112
95 172
95 175
95 389
95 174
95 375
95 388
95 374
95 180
95 197
95 313
95 390
95 196
95 312
95 368
95 385
95 199
95 384
95 198
95 314
95 370
95 387
95 176
95 193
95 293
95 386
95 179
95 192
95 178
95 195
95 295
95 283
95 189
95 194
95 294
95 405
95 97
95 96
95 301
95 99
95 212
95 300
96 384
96 385
96 97
96 375
96 386
96 98
96 364
96 387
96 210
96 304
96 365
96 277
96 388
96 211
96 366
96 367
96 279
96 297
96 298
96 299
96 189
96 300
96 190
96 192
96 191
96 193
96 176
96 194
96 195
96 178
96 196
96 179
96 280
96 381
96 281
96 293
96 382
96 171
96 282
96 294
96 405
96 383
96 172
96 283
96 106
96 295
96 368
96 174
96 370
96 175
96 109
97 98
97 172
97 295
97 367
97 207
97 294
97 293
97 387
97 365
97 386
97 385
97 195
97 314
97 384
97 194
97 313
97 193
97 312
97 390
97 192
97 389
97 388
97 198
97 197
97 196
97 279
97 191
97 190
97 277
97 189
97 304
97 299
97 311
97 179
97 383
97 298
97 310
97 112
97 382
97 297
97 309
97 403
97 106
97 176
97 402
97 105
97 211
97 302
97 370
97 210
97 209
97 300
97 110
97 406
97 368
97 208
97 109
97 175
97 405
97 375
97 108
97 174
97 404
97 214
98 194
98 407
98 298
98 174
98 195
98 178
98 404
98 299
98 175
98 192
98 179
98 405
98 193
98 176
98 297
98 295
98 293
98 392
98 110
98 393
98 216
98 111
98 390
98 108
98 112
98 391
98 214
98 109
98 388
98 375
98 215
98 106
98 389
98 212
98 386
98 387
98 210
98 314
98 367
98 384
98 211
98 315
98 385
98 368
98 208
98 312
98 209
98 100
98 313
98 189
98 310
98 311
98 99
98 309
98 198
98 302
98 199
98 303
98 196
98 300
98 304
98 197
98 180
98 406
98 301
99 393
99 315
99 392
99 371
99 373
99 375
99 112
99 111
99 376
99 110
99 407
99 194
99 197
99 196
99 199
99 198
99 179
99 299
99 178
99 298
99 181
99 301
99 180
99 304
99 300
99 303
99 182
99 387
99 302
99 212
99 389
99 388
99 214
99 391
99 285
99 217
99 313
99 390
99 100
99 216
100 112
100 199
100 389
100 298
100 179
100 390
100 376
100 304
100 391
100 285
100 387
100 212
100 213
100 214
100 313
100 392
100 393
100 315
100 407
100 373
100 216
100 180
100 217
100 110
100 300
100 111
100 301
100 182
100 302
100 371
100 196
100 303
100 197
100 198
101 377
101 202
101 288
101 201
101 200
101 399
101 103
101 185
101 287
101 102
101 397
101 306
101 396
101 305
101 395
101 394
101 400
101 104
101 292
101 379
101 204
101 203
101 289
102 104
102 400
102 185
102 379
102 202
102 203
102 377
102 200
102 394
102 201
102 395
102 288
102 204
102 103
102 289
102 205
102 399
102 396
102 287
102 397
102 292
102 306
102 305
103 104
103 287
103 400
103 397
103 396
103 204
103 395
103 201
103 394
103 200
103 203
103 202
103 305
103 185
103 306
104 377
104 290
104 287
104 379
104 292
104 395
104 400
104 396
104 401
104 397
104 188
104 203
104 398
104 204
104 399
104 205
104 206
104 306
104 307
105 297
105 406
105 296
105 307
105 383
105 311
105 382
105 207
105 308
105 210
105 206
105 209
105 205
105 107
105 208
105 106
105 312
105 109
105 108
105 290
105 295
105 294
105 403
105 399
105 293
105 402
105 195
105 398
105 191
105 401
105 189
105 188
106 402
106 293
106 403
106 290
106 210
106 401
106 211
106 208
106 209
106 300
106 310
106 108
106 311
106 109
106 308
106 296
106 309
106 297
106 107
106 388
106 367
106 386
106 196
106 112
106 387
106 384
106 194
106 385
106 195
106 398
106 192
106 190
106 193
106 191
106 206
106 312
106 207
106 406
106 313
106 189
106 294
106 382
106 404
106 295
106 383
106 405
107 308
107 311
107 297
107 296
107 205
107 207
107 401
107 206
107 403
107 383
107 402
107 382
107 290
107 293
107 312
107 292
107 406
107 294
107 109
107 108
107 209
107 208
107 399
107 188
107 307
107 398
107 191
107 210
108 388
108 215
108 208
108 297
108 209
108 384
108 210
108 211
108 189
108 387
108 293
108 294
108 112
108 295
108 207
108 404
108 405
108 406
108 312
108 109
108 196
108 313
108 314
108 401
108 402
108 308
108 403
108 192
108 309
108 193
108 310
108 382
108 311
108 383
108 195
108 300
109 309
109 308
109 112
109 110
109 198
109 302
109 197
109 196
109 300
109 195
109 389
109 194
109 388
109 193
109 387
109 297
109 192
109 386
109 295
109 384
109 294
109 189
109 293
109 216
109 215
109 214
109 212
109 406
109 211
109 405
109 210
109 404
109 314
109 209
109 403
109 313
109 208
109 312
109 207
109 311
109 310
110 393
110 304
110 310
110 210
110 311
110 211
110 309
110 314
110 214
110 315
110 215
110 312
110 212
110 406
110 313
110 213
110 407
110 404
110 405
110 216
110 217
110 194
110 387
110 198
110 199
110 196
110 390
110 111
110 297
110 197
110 391
110 302
110 388
110 389
110 300
110 301
110 112
110 392
111 392
111 313
111 405
111 404
111 315
111 407
111 213
111 314
111 212
111 215
111 214
111 301
111 300
111 211
111 302
111 389
111 391
111 197
111 217
111 390
111 196
111 309
111 216
111 199
111 198
111 387
111 310
111 112
111 393
112 304
112 384
112 385
112 386
112 192
112 387
112 193
112 309
112 388
112 194
112 310
112 389
112 195
112 216
112 311
112 390
112 196
112 217
112 391
112 197
112 297
112 198
112 298
112 199
112 299
112 300
112 301
112 179
112 302
112 208
112 209
112 404
112 210
112 405
112 211
112 406
112 212
112 312
112 407
112 213
112 313
112 214
112 314
112 393
112 215
112 315
113 219
113 118
113 218
113 117
113 116
113 319
113 329
113 317
113 316
113 115
113 114
114 329
114 318
114 319
114 316
114 317
114 320
114 118
114 220
114 116
114 218
114 117
114 219
114 115
115 135
115 134
115 137
115 136
115 219
115 218
115 317
115 316
115 319
115 318
115 329
115 233
115 328
115 232
115 117
115 235
115 116
115 330
115 234
115 118
115 334
115 133
116 316
116 328
116 317
116 329
116 319
116 133
116 134
116 117
116 118
116 218
116 219
116 232
116 233
117 138
117 137
117 118
117 136
117 220
117 219
117 218
117 319
117 318
117 236
117 317
117 235
117 316
117 322
117 134
117 120
117 321
117 232
117 320
117 334
117 333
117 331
117 330
117 329
118 120
118 329
118 218
118 219
118 318
118 319
118 316
118 320
118 317
118 220
119 138
119 221
119 331
119 220
119 223
119 222
119 321
119 408
119 237
119 320
119 236
119 322
119 121
119 120
119 123
119 225
119 122
119 224
119 333
119 332
120 322
120 220
120 331
120 221
120 138
120 222
120 334
120 224
120 122
120 318
120 319
120 236
120 320
120 321
121 223
121 222
121 335
121 221
121 227
121 332
121 226
121 225
121 224
121 337
121 123
121 122
121 408
121 127
121 323
121 125
121 143
121 142
121 241
121 141
121 325
121 240
121 140
121 324
122 224
122 225
122 239
122 236
122 237
122 235
122 336
122 337
122 154
122 125
122 123
122 222
122 223
122 240
122 221
122 241
122 322
122 408
122 140
122 320
122 141
122 321
122 138
122 334
122 139
122 335
122 332
122 333
122 331
122 227
123 221
123 223
123 222
123 241
123 408
123 323
123 325
123 324
123 225
123 224
123 125
123 227
123 124
123 226
123 127
123 337
124 225
124 226
124 227
124 323
124 143
124 132
124 246
124 128
124 125
124 129
124 126
124 130
124 127
124 131
124 228
124 324
124 229
124 325
124 230
124 326
124 327
125 127
125 126
125 335
125 339
125 242
125 338
125 241
125 337
125 240
125 143
125 142
125 141
125 230
125 325
125 324
125 223
125 227
125 323
125 222
125 226
125 225
125 224
125 132
125 408
126 247
126 128
126 244
126 129
126 338
126 245
126 339
126 132
126 341
126 142
126 147
126 226
126 143
126 144
126 227
126 145
126 141
126 230
126 148
126 231
126 228
126 229
126 323
126 326
126 327
126 242
126 324
126 325
126 127
126 241
126 246
126 131
127 225
127 224
127 132
127 227
127 325
127 226
127 324
127 323
127 143
127 241
127 223
128 129
128 130
128 131
128 132
128 341
128 246
128 144
128 324
128 228
128 147
128 325
128 229
128 326
128 230
128 327
128 231
129 357
129 147
129 327
129 146
129 326
129 145
129 325
129 144
129 324
129 148
129 143
129 247
129 246
129 245
129 244
129 131
129 130
129 339
129 226
129 132
129 341
129 340
129 231
129 230
129 229
129 228
129 260
130 341
130 230
130 231
130 228
130 229
130 147
130 326
130 327
130 132
130 131
131 327
131 326
131 132
131 341
131 229
131 228
131 231
131 230
131 147
131 246
131 325
131 324
132 231
132 147
132 339
132 226
132 227
132 246
132 324
132 325
132 326
132 327
132 323
132 143
132 341
132 228
132 229
132 230
133 218
133 316
133 329
133 328
133 149
133 137
133 234
133 233
133 232
133 152
133 135
133 251
133 134
133 249
133 248
134 251
134 248
134 249
134 136
134 316
134 137
134 218
134 317
134 219
134 330
134 328
134 329
134 135
134 152
134 234
134 232
134 233
135 343
135 219
135 218
135 137
135 316
135 136
135 329
135 233
135 328
135 232
135 330
135 234
135 153
135 152
135 149
135 249
135 248
135 251
135 150
135 250
136 330
136 318
136 331
136 319
136 333
136 334
136 232
136 343
136 235
136 236
136 237
136 137
136 238
136 138
136 139
136 219
136 321
136 152
136 154
136 156
136 329
136 257
136 317
137 252
137 151
137 235
137 153
137 234
137 330
137 152
137 233
137 329
137 232
137 328
137 238
137 334
137 156
137 219
137 343
137 218
137 251
137 318
137 250
137 257
137 317
137 249
137 248
137 138
137 253
138 236
138 332
138 237
138 333
138 330
138 235
138 331
138 140
138 222
138 257
138 139
138 220
138 221
138 219
138 348
138 408
138 156
138 154
138 322
138 318
138 319
138 320
138 321
138 238
138 334
139 345
139 344
139 140
139 347
139 240
139 346
139 408
139 349
139 348
139 336
139 155
139 154
139 235
139 156
139 237
139 236
139 257
139 239
139 256
139 238
139 331
139 258
139 330
139 333
139 332
139 335
139 334
139 253
139 255
140 257
140 237
140 258
140 336
140 239
140 337
140 338
140 141
140 142
140 332
140 333
140 221
140 335
140 222
140 223
140 224
140 331
140 408
140 255
140 227
140 157
140 348
140 349
140 351
140 154
140 240
140 241
140 347
140 242
140 243
140 236
141 241
141 349
141 240
141 158
141 239
141 347
141 157
141 353
141 162
141 160
141 223
141 339
141 338
141 337
141 336
141 227
141 408
141 335
141 226
141 143
141 332
141 142
141 258
141 244
141 243
141 351
141 242
142 226
142 325
142 227
142 258
142 230
142 223
142 335
142 162
142 338
142 339
142 336
142 337
142 242
142 157
142 243
142 408
142 240
142 241
142 246
142 353
142 244
142 323
142 351
142 245
142 143
142 324
143 335
143 148
143 341
143 245
143 244
143 147
143 246
143 157
143 337
143 241
143 240
143 339
143 243
143 338
143 242
143 353
143 325
143 229
143 324
143 228
143 327
143 223
143 230
143 323
143 227
143 226
144 260
144 263
144 357
144 358
144 228
144 229
144 230
144 327
144 231
144 145
144 146
144 147
144 148
144 339
144 340
144 244
144 341
144 245
144 246
144 247
145 357
145 148
145 327
145 231
145 230
145 229
145 259
145 163
145 339
145 263
145 262
145 166
145 261
145 165
145 260
145 164
145 247
145 246
145 341
145 245
145 340
145 244
145 147
145 146
145 352
145 359
145 358
146 230
146 262
146 231
146 263
146 260
146 229
146 261
146 358
146 359
146 357
146 148
146 327
146 246
146 147
146 247
146 244
146 245
146 166
146 340
146 341
147 324
147 327
147 326
147 357
147 245
147 244
147 247
147 246
147 339
147 338
147 341
147 340
147 260
147 226
147 263
147 229
147 228
147 231
147 230
147 148
148 247
148 259
148 242
148 340
148 341
148 338
148 229
148 339
148 230
148 164
148 327
148 165
148 166
148 357
148 160
148 358
148 161
148 359
148 352
148 260
148 163
148 353
148 261
148 244
148 262
148 245
148 355
148 263
148 246
149 267
149 153
149 266
149 152
149 265
149 167
149 264
149 254
149 251
149 343
149 250
149 342
149 249
149 362
149 151
149 248
149 361
149 150
149 360
149 168
149 234
150 234
150 151
150 168
150 342
150 250
150 251
150 362
150 248
150 249
150 360
150 361
150 266
150 167
150 152
150 267
150 264
150 265
151 276
151 152
151 269
151 268
151 271
151 275
151 270
151 265
151 264
151 253
151 267
151 252
151 343
151 266
151 342
151 254
151 248
151 250
151 169
151 256
151 168
151 361
151 360
151 167
151 362
151 156
151 153
152 153
152 342
152 343
152 156
152 248
152 249
152 250
152 251
152 264
152 168
152 252
152 265
152 253
152 254
152 361
152 362
152 328
152 232
152 329
152 233
152 330
152 234
152 235
152 238
153 254
153 253
153 252
153 276
153 362
153 361
153 330
153 234
153 257
153 232
153 256
153 238
153 156
153 267
153 266
153 265
153 169
153 264
153 168
153 343
153 271
153 342
153 270
153 269
153 268
153 251
153 275
153 346
153 250
153 344
153 248
154 155
154 255
154 252
154 253
154 336
154 170
154 258
154 350
154 256
154 348
154 257
154 349
154 238
154 346
154 239
154 347
154 236
154 344
154 237
154 345
154 235
154 332
154 333
154 274
154 331
154 156
154 240
154 273
155 363
155 238
155 171
155 170
155 273
155 272
155 275
155 274
155 276
155 253
155 278
155 252
155 269
155 255
155 268
155 409
155 254
155 271
155 345
155 257
155 344
155 256
155 187
155 347
155 346
155 258
155 349
155 348
155 350
155 281
155 239
155 156
156 253
156 254
156 256
156 255
156 257
156 330
156 170
156 237
156 238
156 276
156 239
156 348
156 268
156 235
156 344
156 269
156 273
156 345
156 274
156 346
156 271
156 275
156 347
156 343
156 361
156 252
157 244
157 239
157 243
157 159
157 242
157 158
157 241
157 351
157 240
157 350
157 349
157 348
157 347
157 259
157 258
157 173
157 226
157 335
157 339
157 255
157 338
157 337
157 336
157 163
157 278
157 162
157 356
157 161
157 355
157 160
157 354
157 353
157 352
158 336
158 242
158 243
158 258
158 239
158 259
158 347
158 345
158 354
158 350
158 355
158 351
158 352
158 162
158 353
158 163
158 349
158 159
158 160
158 161
158 356
158 274
158 255
158 409
158 170
158 278
158 370
158 366
158 364
158 365
158 282
158 172
158 283
158 173
158 280
159 172
159 243
159 356
159 175
159 174
159 353
159 352
159 355
159 354
159 177
159 365
159 176
159 364
159 280
159 367
159 178
159 283
159 366
159 282
159 372
159 374
159 369
159 368
159 370
159 259
159 165
159 258
159 161
159 349
159 160
159 163
159 351
159 162
159 279
159 350
159 173
159 278
160 336
160 177
160 338
160 258
160 369
160 259
160 370
160 172
160 372
160 173
160 174
160 263
160 242
160 243
160 364
160 244
160 161
160 282
160 245
160 162
160 283
160 163
160 164
160 352
160 165
160 353
160 166
160 354
160 355
160 356
160 358
160 349
160 278
160 350
160 351
161 372
161 366
161 278
161 245
161 364
161 244
161 355
161 354
161 353
161 178
161 352
161 177
161 359
161 176
161 259
161 358
161 258
161 356
161 181
161 351
161 180
161 263
161 175
161 174
161 173
161 172
161 283
161 163
161 282
161 162
161 370
161 166
161 369
161 165
161 368
161 164
161 375
161 374
161 242
162 244
162 242
162 338
162 239
162 335
162 243
162 336
162 165
162 258
162 366
162 163
162 259
162 370
162 364
162 369
162 282
162 283
162 280
162 356
162 278
162 350
162 354
162 255
162 351
162 355
162 352
162 349
162 353
162 347
162 172
162 173
163 369
163 244
163 368
163 364
163 370
163 177
163 173
163 372
163 176
163 172
163 375
163 374
163 178
163 174
163 181
163 180
163 351
163 278
163 283
163 282
163 353
163 352
163 355
163 354
163 356
163 359
163 259
163 358
163 165
163 261
163 164
163 260
163 243
163 263
163 242
163 166
163 262
163 245
164 261
164 369
164 262
164 173
164 263
164 174
164 371
164 180
164 181
164 259
164 182
164 376
164 177
164 178
164 357
164 358
164 245
164 359
164 352
164 247
164 354
164 284
164 355
164 340
164 285
164 165
164 166
164 372
164 373
164 374
164 283
164 375
164 260
165 285
165 166
165 376
165 284
165 304
165 359
165 283
165 358
165 282
165 357
165 356
165 245
165 355
165 263
165 354
165 262
165 175
165 353
165 261
165 174
165 352
165 260
165 173
165 259
165 172
165 182
165 181
165 375
165 180
165 374
165 179
165 373
165 178
165 372
165 177
165 176
165 370
165 369
165 368
165 298
166 340
166 178
166 369
166 374
166 259
166 177
166 372
166 182
166 373
166 262
166 180
166 263
166 181
166 260
166 261
166 284
166 285
166 174
166 247
166 354
166 355
166 173
166 245
166 352
166 358
166 359
166 357
167 250
167 361
167 269
167 360
167 268
167 271
167 362
167 185
167 270
167 184
167 265
167 264
167 186
167 267
167 266
167 410
167 183
167 287
167 342
167 378
167 286
167 289
167 288
167 169
167 168
167 254
168 360
168 254
168 361
168 362
168 183
168 286
168 264
168 265
168 342
168 266
168 267
168 169
168 248
168 249
168 250
168 251
169 183
169 276
169 186
169 185
169 287
169 379
169 286
169 378
169 342
169 289
169 377
169 288
169 256
169 380
169 410
169 254
169 252
169 267
169 266
169 265
169 264
169 275
169 271
169 270
169 362
169 269
169 361
169 272
169 268
169 360
170 380
170 271
170 409
170 381
170 268
170 269
170 350
170 278
170 255
170 171
170 348
170 252
170 276
170 349
170 253
170 277
170 346
170 274
170 347
170 275
170 344
170 272
170 345
170 273
170 366
170 187
170 280
170 281
170 363
170 256
170 257
171 282
171 273
171 381
171 345
171 272
171 380
171 383
171 274
171 382
171 277
171 172
171 296
171 276
171 175
171 279
171 278
171 370
171 350
171 409
171 187
171 291
171 363
171 290
171 189
171 293
171 365
171 191
171 364
171 295
171 190
171 367
171 366
171 281
171 193
171 280
172 295
172 374
172 375
172 368
172 369
172 370
172 364
172 176
172 280
172 365
172 177
172 281
172 366
172 178
172 282
172 367
172 179
172 283
172 173
172 277
172 174
172 278
172 175
172 279
172 356
172 192
172 381
172 193
172 194
172 354
172 384
172 298
172 195
172 355
172 385
172 299
172 386
172 189
172 293
172 190
172 350
172 409
172 191
173 299
173 298
173 370
173 369
173 368
173 367
173 366
173 365
173 181
173 364
173 180
173 263
173 179
173 178
173 177
173 176
173 259
173 175
173 358
173 174
173 356
173 283
173 355
173 282
173 354
173 353
173 280
173 352
173 279
173 351
173 278
173 375
173 385
173 374
173 372
174 194
174 385
174 279
174 390
174 192
174 193
174 304
174 388
174 198
174 282
174 366
174 283
174 367
174 280
174 364
174 365
174 175
174 259
174 370
174 371
174 284
174 368
174 178
174 285
174 369
174 179
174 374
174 176
174 375
174 177
174 372
174 182
174 373
174 180
174 181
174 376
174 298
174 354
174 299
174 355
174 352
174 386
174 303
174 387
174 356
174 384
175 191
175 300
175 375
175 190
175 374
175 369
175 277
175 297
175 368
175 279
175 388
175 299
175 370
175 278
175 298
175 385
175 384
175 387
175 386
175 356
175 304
175 281
175 280
175 355
175 283
175 354
175 181
175 282
175 365
175 180
175 293
175 364
175 198
175 367
175 193
175 295
175 366
175 192
175 177
175 195
175 176
175 194
175 179
175 178
175 189
176 366
176 389
176 367
176 390
176 189
176 297
176 354
176 298
176 355
176 299
176 376
176 177
176 300
176 178
176 179
176 192
176 180
176 193
176 280
176 181
176 194
176 195
176 282
176 196
176 283
176 197
176 368
176 198
176 369
176 285
176 293
176 370
176 295
176 372
176 374
176 375
176 304
176 277
176 211
176 384
176 385
176 279
176 386
176 364
176 387
176 365
176 388
177 352
177 359
177 358
177 304
177 376
177 356
177 179
177 178
177 299
177 371
177 298
177 182
177 370
177 181
177 369
177 180
177 368
177 259
177 303
177 375
177 374
177 373
177 283
177 372
177 263
177 282
177 262
177 261
177 285
177 284
177 385
177 355
177 354
177 194
178 374
178 282
178 375
178 392
178 283
178 372
178 373
178 390
178 370
178 371
178 388
178 368
178 389
178 369
178 386
178 387
178 367
178 364
178 385
178 182
178 304
178 180
178 181
178 198
178 303
178 179
178 300
178 197
178 301
178 354
178 194
178 298
178 355
178 299
178 192
178 193
178 259
178 376
178 284
178 285
179 192
179 299
179 195
179 298
179 194
179 301
179 197
179 300
179 196
179 303
179 199
179 302
179 198
179 181
179 180
179 304
179 182
179 385
179 384
179 367
179 387
179 386
179 369
179 389
179 368
179 388
179 211
179 371
179 391
179 370
179 390
179 373
179 393
179 212
179 372
179 283
179 392
179 375
179 282
179 214
179 374
179 285
179 376
179 295
179 193
180 285
180 261
180 392
180 262
180 282
180 393
180 372
180 283
180 300
180 373
180 301
180 374
180 375
180 303
180 368
180 369
180 181
180 370
180 182
180 298
180 371
180 299
180 376
180 304
180 197
180 198
180 388
180 199
180 359
180 389
180 390
180 391
180 194
180 355
180 385
180 386
180 284
180 387
181 304
181 375
181 374
181 373
181 372
181 371
181 370
181 392
181 285
181 369
181 198
181 284
181 368
181 283
181 262
181 282
181 261
181 182
181 194
181 303
181 259
181 359
181 358
181 301
181 376
181 299
181 355
181 298
181 354
181 390
181 385
182 262
182 371
182 392
182 393
182 369
182 261
182 374
182 375
182 372
182 373
182 198
182 199
182 304
182 284
182 390
182 285
182 298
182 197
182 391
182 359
182 303
182 301
182 376
183 286
183 394
183 185
183 378
183 184
183 186
183 270
183 265
183 264
183 267
183 266
183 289
183 342
183 288
183 360
183 362
183 410
183 287
184 305
184 394
184 286
184 287
184 360
184 288
184 289
184 266
184 200
184 267
184 201
184 202
184 185
184 186
184 410
185 270
185 394
185 203
185 202
185 305
185 201
185 360
185 200
185 396
185 204
185 287
185 286
185 186
185 289
185 288
185 410
185 267
185 266
185 379
185 378
185 377
186 362
186 202
186 270
186 203
186 360
186 268
186 288
186 201
186 410
186 289
186 266
186 267
186 265
186 396
186 380
186 394
186 378
186 286
186 379
186 287
186 377
186 305
187 289
187 291
187 363
187 290
187 281
187 292
187 189
187 188
187 191
187 190
187 273
187 272
187 275
187 274
187 277
187 377
187 276
187 279
187 379
187 269
187 378
187 381
187 296
187 409
187 271
187 380
187 270
187 383
187 382
188 307
188 296
188 380
188 292
188 381
188 293
188 382
188 294
188 383
188 204
188 205
188 377
188 206
188 189
188 396
188 400
188 207
188 190
188 397
188 290
188 401
188 379
188 191
188 398
188 291
188 402
188 399
188 395
188 308
189 279
189 385
189 384
189 211
189 277
189 210
189 383
189 208
189 382
189 381
189 299
189 191
189 195
189 297
189 190
189 194
189 403
189 296
189 193
189 402
189 295
189 367
189 192
189 294
189 366
189 370
189 293
189 365
189 364
189 368
189 291
189 290
189 282
189 388
189 281
189 280
189 386
190 290
190 363
190 291
190 409
190 370
190 366
190 294
190 367
190 295
190 195
190 364
190 192
190 386
190 365
190 293
190 193
190 384
190 385
190 296
190 297
190 279
190 191
190 277
190 382
190 383
190 280
190 402
190 381
190 281
191 210
191 291
191 290
191 277
191 409
191 279
191 297
191 296
191 365
191 385
191 364
191 307
191 384
191 367
191 193
191 281
191 366
191 386
191 192
191 280
191 195
191 363
191 207
191 206
191 293
191 381
191 401
191 292
191 380
191 295
191 383
191 403
191 294
191 382
191 402
191 208
192 382
192 299
192 311
192 386
192 383
192 300
192 387
192 193
192 368
192 277
192 388
192 194
192 302
192 389
192 195
192 370
192 279
192 390
192 196
192 197
192 198
192 375
192 364
192 293
192 365
192 294
192 366
192 295
192 367
192 312
192 313
192 208
192 280
192 403
192 210
192 282
192 405
192 211
192 283
192 406
192 304
192 297
192 309
192 384
192 298
192 385
193 367
193 280
193 405
193 366
193 365
193 364
193 304
193 299
193 311
193 298
193 387
193 297
193 309
193 386
193 211
193 296
193 385
193 210
193 279
193 384
193 208
193 277
193 300
193 389
193 388
193 383
193 295
193 382
193 294
193 381
193 293
193 195
193 194
193 370
193 403
193 368
193 402
193 312
193 198
193 375
193 283
193 282
193 196
193 281
194 210
194 211
194 392
194 393
194 312
194 390
194 313
194 282
194 388
194 198
194 283
194 389
194 199
194 386
194 309
194 196
194 302
194 387
194 197
194 303
194 384
194 279
194 300
194 385
194 304
194 195
194 376
194 301
194 298
194 374
194 299
194 375
194 297
194 370
194 295
194 367
194 364
194 368
194 293
194 365
194 369
194 214
194 405
194 212
195 312
195 390
195 279
195 314
195 403
195 402
195 405
195 365
195 404
195 293
195 197
195 368
195 196
195 367
195 406
195 295
195 370
195 294
195 198
195 297
195 375
195 299
195 298
195 209
195 304
195 208
195 300
195 211
195 207
195 210
195 385
195 302
195 309
195 384
195 387
195 383
195 311
195 386
195 382
195 310
195 214
195 389
195 313
195 388
195 277
196 210
196 385
196 315
196 211
196 386
196 387
196 293
196 295
196 216
196 404
196 217
196 392
196 405
196 393
196 406
196 300
196 407
196 301
196 197
196 302
196 198
196 199
196 403
196 309
196 297
196 310
196 298
196 311
196 299
196 304
196 212
196 388
196 214
196 389
196 215
196 375
196 390
196 312
196 208
196 391
196 313
196 209
196 384
196 314
197 304
197 199
197 198
197 391
197 390
197 389
197 315
197 388
197 314
197 387
197 313
197 386
197 385
197 384
197 215
197 375
197 214
197 213
197 407
197 212
197 211
197 371
197 405
197 393
197 303
197 404
197 392
197 302
197 301
197 300
197 299
197 310
197 298
197 309
197 297
197 217
197 216
197 376
198 314
198 407
198 315
198 404
198 312
198 405
198 313
198 199
198 216
198 217
198 392
198 393
198 304
198 210
198 376
198 211
198 386
198 285
198 310
198 387
198 384
198 214
198 385
198 309
198 215
198 390
198 298
198 212
198 391
198 299
198 388
198 371
198 389
198 368
198 297
198 302
198 374
198 303
198 375
198 300
198 301
199 213
199 212
199 299
199 215
199 405
199 298
199 214
199 404
199 376
199 407
199 211
199 375
199 313
199 371
199 315
199 314
199 393
199 309
199 392
199 310
199 389
199 388
199 304
199 391
199 390
199 301
199 217
199 300
199 387
199 216
199 303
199 302
200 305
200 306
200 287
200 394
200 201
200 202
200 203
201 410
201 203
201 202
201 306
201 204
201 305
201 287
201 394
201 397
201 396
201 288
202 410
202 288
202 306
202 396
202 287
202 394
202 305
202 203
203 305
203 306
203 204
203 400
203 377
203 379
203 378
203 289
203 395
203 288
203 394
203 397
203 396
203 292
203 287
204 305
204 377
204 306
204 378
204 307
204 379
204 205
204 206
204 292
204 400
204 287
204 288
204 396
204 289
204 397
204 290
204 398
204 291
204 399
204 395
204 380
205 395
205 308
205 307
205 306
205 383
205 382
205 296
205 294
205 402
205 207
205 401
205 292
205 206
205 400
205 399
205 290
205 398
205 397
205 396
206 397
206 402
206 294
206 403
206 400
206 292
206 401
206 382
206 383
206 296
206 207
206 307
206 208
206 308
206 395
206 398
206 290
206 399
206 291
207 399
207 398
207 293
207 312
207 295
207 294
207 405
207 404
207 209
207 208
207 406
207 211
207 401
207 210
207 403
207 402
207 297
207 296
207 309
207 308
207 383
207 311
207 382
207 310
207 384
207 307
208 313
208 406
208 293
208 314
208 294
208 295
208 398
208 307
208 384
208 308
208 309
208 386
208 310
208 311
208 388
208 296
208 297
208 300
208 209
208 210
208 211
208 401
208 402
208 382
208 403
208 383
208 404
208 312
208 215
208 405
209 404
209 311
209 310
209 382
209 309
209 308
209 387
209 297
209 384
209 300
209 388
209 314
209 294
209 403
209 313
209 293
209 402
209 312
209 401
209 211
209 210
209 406
209 405
209 215
210 406
210 404
210 314
210 405
210 402
210 312
210 403
210 313
210 310
210 367
210 401
210 311
210 308
210 309
210 214
210 215
210 302
210 300
210 382
210 211
210 388
210 383
210 389
210 299
210 386
210 387
210 297
210 384
210 294
210 385
210 295
210 293
211 386
211 299
211 389
211 298
211 388
211 301
211 212
211 300
211 390
211 215
211 393
211 214
211 302
211 216
211 304
211 309
211 311
211 310
211 313
211 403
211 312
211 315
211 405
211 314
211 404
211 407
211 406
211 293
211 367
211 295
211 385
211 294
211 384
211 297
211 387
212 390
212 391
212 213
212 309
212 214
212 310
212 215
212 387
212 304
212 392
212 393
212 216
212 404
212 217
212 313
212 405
212 314
212 315
212 407
212 300
212 301
212 302
212 303
212 388
212 389
212 298
213 302
213 301
213 391
213 217
213 216
213 215
213 393
213 214
213 315
213 407
213 314
213 313
214 298
214 310
214 311
214 297
214 309
214 302
214 303
214 300
214 406
214 301
214 407
214 392
214 404
214 393
214 405
214 216
214 217
214 387
214 314
214 315
214 312
214 390
214 313
214 391
214 388
214 389
214 215
214 304
215 387
215 312
215 315
215 314
215 309
215 217
215 216
215 311
215 310
215 301
215 300
215 405
215 302
215 404
215 297
215 407
215 406
215 393
215 389
215 388
215 390
215 313
216 404
216 405
216 406
216 217
216 407
216 300
216 301
216 302
216 387
216 388
216 389
216 390
216 309
216 391
216 310
216 311
216 393
216 312
216 313
216 314
216 315
217 302
217 407
217 301
217 300
217 405
217 404
217 310
217 309
217 315
217 314
217 391
217 313
217 390
217 389
217 393
218 251
218 219
218 330
218 328
218 329
218 234
218 232
218 233
218 319
218 316
218 317
219 220
219 329
219 233
219 328
219 232
219 331
219 235
219 330
219 334
219 317
219 321
219 316
219 320
219 319
219 318
220 317
220 221
220 318
220 222
220 319
220 236
220 334
220 331
220 320
220 321
220 322
221 223
221 222
221 322
221 321
221 320
221 237
221 236
221 240
221 334
221 333
221 332
221 408
221 331
221 318
221 225
221 224
222 321
222 240
222 236
222 241
222 237
222 331
222 335
222 332
222 337
222 333
222 408
222 227
222 223
222 224
222 225
222 322
222 323
222 320
223 322
223 332
223 335
223 337
223 225
223 224
223 338
223 227
223 226
223 237
223 236
223 408
223 325
223 241
223 324
223 240
223 323
224 240
224 241
224 337
224 236
224 237
224 225
224 331
224 332
224 227
224 333
224 335
224 408
224 320
224 321
224 322
224 323
225 323
225 322
225 241
225 325
225 240
225 324
225 227
225 226
225 337
225 408
226 245
226 242
226 243
226 240
226 241
226 408
226 230
226 228
226 229
226 227
226 338
226 335
226 339
226 337
226 327
226 324
226 325
226 246
226 323
226 244
227 323
227 325
227 324
227 337
227 339
227 335
227 338
227 230
227 241
227 240
227 408
227 242
228 231
228 341
228 339
228 246
228 324
228 325
228 326
228 327
228 229
228 230
229 231
229 327
229 230
229 326
229 325
229 324
229 247
229 246
229 245
229 341
229 244
229 340
229 339
229 338
230 326
230 231
230 327
230 324
230 325
230 242
230 338
230 339
230 246
230 247
230 244
230 340
230 245
230 341
231 245
231 247
231 246
231 341
231 340
231 327
231 326
231 357
232 343
232 233
232 234
232 235
232 248
232 249
232 251
232 328
232 329
232 330
232 316
232 317
232 318
232 334
233 317
233 316
233 251
233 249
233 248
233 330
233 329
233 328
233 234
234 250
234 251
234 248
234 249
234 316
234 342
234 330
234 343
234 328
234 329
235 343
235 331
235 330
235 333
235 332
235 334
235 321
235 237
235 236
235 238
235 346
235 257
235 348
235 317
235 319
235 253
235 318
236 318
236 333
236 237
236 334
236 238
236 239
236 257
236 330
236 331
236 348
236 320
236 321
236 322
236 408
236 347
236 336
236 240
236 332
237 255
237 322
237 321
237 348
237 347
237 346
237 318
237 257
237 337
237 336
237 240
237 335
237 239
237 334
237 238
237 333
237 332
237 331
237 330
237 408
238 254
238 255
238 252
238 348
238 253
238 330
238 331
238 256
238 257
238 334
238 239
238 318
238 332
238 333
238 343
238 346
238 347
238 344
239 408
239 333
239 332
239 335
239 241
239 331
239 274
239 240
239 243
239 255
239 337
239 336
239 257
239 349
239 348
239 351
239 258
239 350
239 345
239 344
239 347
239 346
240 337
240 338
240 339
240 258
240 332
240 333
240 335
240 323
240 408
240 241
240 347
240 242
240 348
240 243
240 349
240 351
240 336
241 335
241 408
241 332
241 323
241 243
241 325
241 242
241 324
241 258
241 339
241 244
241 338
241 337
241 336
242 338
242 339
242 336
242 337
242 263
242 335
242 258
242 259
242 246
242 244
242 327
242 245
242 324
242 243
242 351
242 356
242 355
242 352
242 353
243 337
243 336
243 339
243 338
243 408
243 353
243 352
243 347
243 245
243 244
243 349
243 356
243 351
243 259
243 258
243 332
243 335
244 247
244 260
244 337
244 338
244 263
244 339
244 356
244 357
244 358
244 259
244 351
244 352
244 324
244 353
244 355
244 327
244 335
244 340
244 341
244 245
244 246
245 353
245 352
245 263
245 261
245 260
245 259
245 247
245 246
245 341
245 340
245 339
245 338
245 359
245 358
245 357
245 355
245 327
246 247
246 338
246 339
246 340
246 341
246 263
246 260
246 357
246 326
246 327
246 324
246 325
247 339
247 357
247 359
247 358
247 327
247 261
247 260
247 263
247 262
247 259
247 341
247 340
248 361
248 362
248 249
248 250
248 251
248 342
248 343
248 264
248 265
248 266
248 328
249 342
249 328
249 362
249 251
249 265
249 250
249 264
250 342
250 251
250 362
250 343
250 360
250 361
250 268
250 266
250 267
250 264
250 265
250 254
251 329
251 328
251 343
251 342
251 362
251 265
251 264
252 253
252 267
252 254
252 343
252 255
252 256
252 257
252 361
252 362
252 363
252 276
252 268
252 272
252 344
252 269
252 273
252 345
252 270
252 274
252 346
252 271
252 275
252 265
253 276
253 271
253 275
253 362
253 270
253 361
253 269
253 273
253 268
253 265
253 348
253 346
253 345
253 257
253 344
253 256
253 343
253 255
253 254
253 330
254 276
254 362
254 360
254 361
254 342
254 343
254 346
254 256
254 344
254 378
254 266
254 267
254 264
254 265
254 270
254 275
254 271
254 272
254 268
254 269
255 349
255 348
255 276
255 409
255 351
255 350
255 278
255 345
255 273
255 344
255 347
255 275
255 346
255 274
255 332
255 257
255 256
255 258
255 336
256 345
256 257
256 346
256 347
256 348
256 350
256 361
256 362
256 363
256 343
256 272
256 273
256 274
256 275
256 276
256 265
256 268
256 269
256 270
256 409
256 271
256 344
257 350
257 349
257 348
257 336
257 331
257 343
257 330
257 334
257 333
257 332
257 275
257 347
257 274
257 346
257 273
257 345
257 344
258 337
258 278
258 356
258 354
258 274
258 352
258 353
258 350
258 351
258 348
258 349
258 346
258 347
258 345
258 338
258 335
258 332
258 336
259 358
259 369
259 372
259 283
259 282
259 374
259 284
259 340
259 261
259 353
259 260
259 352
259 263
259 355
259 351
259 262
259 354
259 357
259 356
259 359
260 341
260 339
260 357
260 358
260 359
260 352
260 284
260 355
260 327
260 372
260 261
260 262
260 263
260 340
261 263
261 262
261 376
261 359
261 358
261 357
261 355
261 374
261 373
261 372
261 285
261 369
261 284
261 340
262 284
262 285
262 355
262 358
262 359
262 376
262 357
262 371
262 369
262 374
262 372
262 263
262 373
262 340
263 369
263 340
263 339
263 357
263 284
263 356
263 359
263 358
263 353
263 352
263 355
263 354
263 372
264 360
264 361
264 362
264 265
264 342
264 266
264 267
264 286
265 362
265 361
265 360
265 343
265 342
265 267
265 266
265 275
265 271
265 270
265 269
265 268
266 267
266 286
266 342
266 410
266 362
266 270
266 271
266 360
266 268
266 288
266 361
267 286
267 275
267 378
267 269
267 410
267 268
267 271
267 270
267 342
267 289
267 361
267 288
267 360
267 362
268 342
268 378
268 343
268 289
268 276
268 272
268 273
268 275
268 360
268 361
268 269
268 362
268 270
268 363
268 271
268 344
268 380
269 291
269 363
269 362
269 289
269 361
269 360
269 276
269 275
269 274
269 346
269 273
269 345
269 272
269 344
269 380
269 271
269 343
269 409
269 379
269 270
269 378
269 377
270 378
270 379
270 271
270 377
270 275
270 380
270 272
270 276
270 362
270 363
270 291
270 360
270 288
270 361
270 289
270 287
270 410
271 361
271 276
271 360
271 363
271 362
271 273
271 272
271 275
271 274
271 343
271 380
271 378
271 345
271 344
271 346
272 290
272 291
272 363
272 292
272 281
272 377
272 378
272 379
272 380
272 344
272 273
272 381
272 345
272 274
272 275
272 296
272 276
272 277
272 409
272 289
273 276
273 409
273 347
273 346
273 381
273 345
273 380
273 344
273 350
273 349
273 348
273 281
273 280
273 363
273 275
273 366
273 274
273 278
273 277
274 281
274 381
274 278
274 350
274 279
274 276
274 348
274 277
274 349
274 346
274 275
274 347
274 344
274 345
274 409
274 366
274 364
274 365
274 363
274 280
275 378
275 409
275 380
275 361
275 276
275 363
275 362
275 343
275 345
275 344
275 346
276 281
276 361
276 363
276 291
276 350
276 409
276 344
276 380
276 345
276 381
276 346
276 378
277 366
277 365
277 364
277 363
277 282
277 281
277 280
277 402
277 295
277 294
277 350
277 370
277 293
277 368
277 291
277 383
277 290
277 382
277 345
277 381
277 409
277 386
277 279
277 385
277 278
277 384
277 296
277 367
278 349
278 282
278 283
278 280
278 281
278 370
278 368
278 369
278 366
278 367
278 279
278 364
278 409
278 365
278 354
278 355
278 352
278 353
278 347
278 356
278 345
278 350
278 351
279 282
279 350
279 381
279 385
279 384
279 383
279 382
279 386
279 296
279 409
279 299
279 298
279 293
279 365
279 364
279 368
279 295
279 367
279 294
279 366
279 370
279 290
279 281
279 280
279 283
280 281
280 282
280 283
280 293
280 295
280 381
280 345
280 354
280 299
280 356
280 349
280 350
280 409
280 363
280 364
280 384
280 365
280 385
280 366
280 386
280 367
280 368
280 369
280 370
281 381
281 345
281 380
281 350
281 363
281 291
281 290
281 282
281 367
281 295
281 366
281 365
281 293
281 364
281 370
281 296
281 383
281 409
281 382
282 355
282 352
282 353
282 366
282 367
282 409
282 364
282 386
282 365
282 385
282 374
282 375
282 372
282 370
282 295
282 368
282 369
282 283
282 350
282 351
282 356
282 298
282 349
282 354
282 299
283 376
283 295
283 369
283 368
283 370
283 373
283 372
283 375
283 374
283 385
283 365
283 384
283 364
283 285
283 304
283 367
283 386
283 366
283 352
283 355
283 299
283 354
283 298
283 356
284 371
284 357
284 358
284 359
284 285
284 392
284 304
284 376
284 303
284 372
284 373
284 374
284 375
284 369
285 298
285 376
285 375
285 374
285 373
285 372
285 371
285 369
285 368
285 359
285 303
285 358
285 392
285 391
285 301
285 390
285 304
285 299
286 360
286 394
286 342
286 288
286 410
287 394
287 400
287 289
287 288
287 380
287 410
287 377
287 305
287 379
287 378
287 306
287 397
287 396
287 292
287 395
288 378
288 379
288 380
288 410
288 360
288 289
288 394
288 396
288 305
288 377
289 397
289 396
289 360
289 306
289 305
289 410
289 379
289 291
289 378
289 377
289 400
289 380
289 292
290 291
290 363
290 382
290 383
290 308
290 380
290 381
290 307
290 379
290 377
290 296
290 398
290 402
290 399
290 294
290 400
290 295
290 401
290 292
290 293
291 380
291 383
291 382
291 400
291 396
291 402
291 409
291 363
291 292
291 294
291 296
291 377
291 379
291 307
291 378
291 381
292 397
292 398
292 399
292 395
292 380
292 400
292 381
292 401
292 294
292 382
292 402
292 383
292 377
292 378
292 379
292 296
292 306
292 307
292 396
293 297
293 308
293 296
293 388
293 387
293 386
293 385
293 384
293 406
293 405
293 312
293 367
293 295
293 366
293 403
293 294
293 365
293 402
293 364
293 401
293 370
293 368
293 300
293 383
293 311
293 299
293 382
293 298
293 381
294 398
294 295
294 367
294 312
294 386
294 384
294 385
294 388
294 307
294 382
294 311
294 383
294 308
294 402
294 309
294 403
294 381
294 401
294 296
294 406
294 297
294 405
295 300
295 381
295 297
295 403
295 296
295 383
295 402
295 299
295 382
295 298
295 388
295 368
295 312
295 370
295 385
295 365
295 384
295 364
295 387
295 367
295 386
295 366
295 405
296 377
296 379
296 307
296 380
296 308
296 381
296 382
296 383
296 400
296 401
296 402
296 398
296 403
296 399
296 363
296 365
297 309
297 308
297 367
297 314
297 387
297 313
297 386
297 312
297 385
297 384
297 389
297 388
297 383
297 403
297 382
297 402
297 401
297 299
297 298
297 406
297 405
297 404
297 302
297 300
297 311
297 310
298 369
298 301
298 299
298 376
298 304
298 390
298 391
298 388
298 389
298 386
298 387
298 313
298 384
298 367
298 385
298 364
298 374
298 375
298 372
298 373
298 370
298 392
298 302
298 371
298 405
298 393
298 303
298 368
298 300
299 370
299 301
299 300
299 372
299 303
299 375
299 302
299 374
299 405
299 313
299 365
299 364
299 367
299 366
299 392
299 304
299 376
299 385
299 384
299 387
299 386
299 389
299 388
299 369
299 368
299 390
300 304
300 389
300 390
300 391
300 384
300 385
300 301
300 386
300 302
300 387
300 303
300 404
300 405
300 406
300 407
300 403
300 375
300 368
300 312
300 313
300 314
300 315
300 392
300 393
300 309
300 310
300 367
300 311
300 388
301 374
301 391
301 373
301 390
301 389
301 371
301 388
301 387
301 407
301 405
301 315
301 314
301 313
301 309
301 304
301 376
301 393
301 303
301 375
301 392
301 302
302 315
302 312
302 406
302 313
302 407
302 404
302 405
302 387
302 384
302 390
302 391
302 388
302 303
302 389
302 392
302 393
302 304
302 310
302 311
302 309
302 314
303 393
303 392
303 376
303 304
303 407
303 315
303 389
303 373
303 391
303 372
303 390
303 375
303 374
303 387
303 371
304 393
304 368
304 369
304 313
304 371
304 384
304 315
304 372
304 385
304 373
304 386
304 374
304 387
304 375
304 388
304 389
304 390
304 391
304 367
304 376
304 407
304 392
305 397
305 396
305 306
305 410
305 395
305 394
306 379
306 377
306 400
306 399
306 396
306 397
306 394
306 395
307 395
307 397
307 399
307 398
307 401
307 400
307 403
307 402
307 383
307 382
307 308
308 309
308 382
308 383
308 311
308 398
308 399
308 312
308 406
308 401
308 402
308 403
309 390
309 389
309 388
309 387
309 386
309 315
309 384
309 314
309 313
309 312
309 407
309 406
309 405
309 404
309 403
309 311
309 310
310 314
310 315
310 312
310 403
310 313
310 406
310 407
310 404
310 405
310 311
310 387
310 384
310 388
310 389
311 405
311 404
311 406
311 401
311 403
311 402
311 313
311 312
311 389
311 314
311 388
311 384
311 387
312 314
312 404
312 405
312 406
312 384
312 386
312 387
312 388
312 389
312 382
312 401
312 402
312 313
312 403
313 406
313 405
313 404
313 387
313 386
313 384
313 391
313 390
313 389
313 388
313 393
313 315
313 314
313 403
313 407
314 393
314 406
314 315
314 407
314 404
314 405
314 403
314 390
314 388
314 389
314 387
315 388
315 391
315 390
315 393
315 405
315 371
315 392
315 404
315 407
315 387
315 389
316 317
316 318
316 328
316 319
316 329
317 320
317 334
317 330
317 329
317 328
317 319
317 318
318 330
318 331
318 319
318 329
318 334
318 333
318 322
318 320
318 321
319 334
319 329
319 331
319 330
319 321
319 320
319 322
320 331
320 333
320 334
320 321
320 322
321 408
321 331
321 334
321 333
321 332
321 322
322 408
322 333
322 331
322 334
323 325
323 324
323 337
323 408
324 325
324 326
324 327
324 341
324 337
324 338
324 339
325 341
325 339
325 338
325 337
325 327
325 326
326 341
326 327
327 341
327 340
327 339
327 338
327 357
328 329
328 330
329 330
330 334
330 333
330 343
330 331
331 333
331 332
331 334
331 408
331 347
331 348
332 348
332 349
332 346
332 408
332 347
332 336
332 337
332 333
332 334
332 335
333 348
333 347
333 336
333 334
333 408
335 348
335 351
335 408
335 353
335 347
335 337
335 336
335 339
335 338
335 349
336 347
336 348
336 349
336 350
336 351
336 337
336 338
336 353
336 408
336 345
336 346
337 339
337 338
337 353
337 351
337 408
338 352
338 353
338 351
338 339
339 341
339 353
340 357
340 358
340 359
340 341
341 357
342 343
342 362
342 360
342 361
343 361
343 362
343 344
343 346
344 361
344 363
344 409
344 345
344 346
344 347
344 348
344 349
344 350
345 366
345 364
345 347
345 346
345 351
345 409
345 350
345 349
345 348
345 363
346 409
346 350
346 348
346 349
346 347
347 349
347 348
347 351
347 350
348 351
348 349
348 350
349 409
349 366
349 364
349 356
349 354
349 353
349 351
349 350
350 354
350 351
350 356
350 363
350 370
350 366
350 364
350 365
350 409
351 364
351 366
351 356
351 353
351 352
351 355
351 354
352 353
352 354
352 355
352 356
352 358
352 359
352 369
352 370
352 372
352 374
352 364
353 358
353 356
353 369
353 355
353 354
354 374
354 375
354 372
354 366
354 370
354 367
354 364
354 368
354 365
354 369
354 358
354 356
354 355
355 356
355 359
355 358
355 369
355 368
355 364
355 370
355 372
355 375
355 374
356 364
356 365
356 366
356 372
356 374
356 368
356 369
356 370
357 359
357 358
358 369
358 374
358 372
358 359
359 376
359 373
359 372
359 374
359 369
360 378
360 410
360 361
360 362
361 362
361 378
362 378
363 377
363 379
363 378
363 381
363 380
363 366
363 409
364 367
364 381
364 375
364 368
364 369
364 384
364 370
364 385
364 386
364 365
364 409
364 366
365 382
365 381
365 386
365 385
365 384
365 409
365 370
365 369
365 368
365 367
365 366
365 383
366 367
366 409
366 386
366 370
366 384
366 385
366 368
366 369
366 381
367 383
367 382
367 388
367 385
367 384
367 387
367 386
367 375
367 374
367 369
367 368
367 370
367 381
368 386
368 387
368 388
368 389
368 390
368 369
368 370
368 372
368 374
368 375
368 376
368 384
368 385
369 374
369 373
369 372
369 385
369 376
369 370
369 375
370 386
370 384
370 385
370 409
370 374
370 375
371 390
371 393
371 392
371 373
371 372
371 375
371 374
371 376
371 389
371 391
372 376
372 373
372 374
372 375
373 390
373 376
373 375
373 374
373 392
373 391
374 392
374 386
374 385
374 376
374 390
374 375
375 376
375 392
375 389
375 388
375 391
375 390
375 385
375 384
375 387
375 386
376 389
376 390
376 391
376 392
376 393
377 379
377 378
377 395
377 381
377 380
377 399
377 397
377 396
377 400
378 410
378 380
378 379
378 396
379 410
379 400
379 395
379 397
379 396
379 380
380 409
380 396
380 400
380 381
381 409
381 383
381 382
381 402
382 383
382 386
382 384
382 385
382 402
382 398
382 403
382 399
382 401
383 398
383 401
383 403
383 402
383 384
383 386
383 399
384 385
384 386
384 387
384 388
384 389
384 390
384 402
384 403
384 404
384 405
384 406
385 390
385 389
385 388
385 405
385 387
385 386
386 390
386 388
386 389
386 387
386 405
386 403
387 403
387 405
387 404
387 407
387 406
387 389
387 388
387 391
387 390
387 393
387 392
388 404
388 392
388 405
388 393
388 406
388 407
388 403
388 389
388 390
388 391
389 407
389 406
389 405
389 393
389 404
389 392
389 391
389 390
390 405
390 392
390 393
390 391
390 407
391 393
391 392
391 407
392 393
392 407
393 407
393 405
394 410
394 396
395 400
395 397
395 396
395 399
395 398
396 400
396 397
396 399
397 400
397 399
397 398
398 402
398 403
398 400
398 401
398 399
399 401
399 400
399 402
400 401
400 402
401 403
401 402
401 406
402 406
402 403
403 405
403 404
403 406
404 405
404 406
404 407
405 407
405 406
