0 320
0 218
0 219
0 220
0 9
0 133
0 23
0 134
0 232
0 233
0 1
0 316
0 2
0 317
0 3
0 318
0 4
0 113
0 319
0 328
0 5
0 114
0 329
0 6
0 115
0 116
0 117
0 118
1 137
1 6
1 320
1 136
1 5
1 220
1 235
1 4
1 234
1 27
1 233
1 26
1 232
1 25
1 135
1 43
1 134
1 133
1 23
1 115
1 22
1 114
1 152
1 9
1 21
1 113
1 330
1 251
1 329
1 328
1 118
1 117
1 334
1 219
1 116
1 3
1 218
1 2
1 319
1 318
1 317
1 138
1 316
2 318
2 319
2 316
2 6
2 317
2 4
2 5
2 118
2 3
2 116
2 117
2 114
2 115
2 136
2 330
2 137
2 113
2 134
2 328
2 251
2 135
2 329
2 248
2 26
2 249
2 133
2 218
2 25
2 219
2 22
2 23
2 21
2 43
2 234
2 232
2 233
2 152
3 321
3 320
3 113
3 23
3 322
3 115
3 114
3 219
3 117
3 218
3 116
3 221
3 119
3 220
3 26
3 329
3 118
3 331
3 120
3 317
3 330
3 136
3 316
3 319
3 138
3 318
3 334
3 235
3 5
3 4
3 7
3 6
3 9
3 8
4 321
4 7
4 138
4 322
4 113
4 114
4 115
4 218
4 333
4 219
4 334
4 328
4 329
4 120
4 330
4 8
4 236
4 331
4 9
4 22
4 23
4 232
4 233
4 134
4 235
4 135
4 316
4 317
4 318
4 25
4 319
4 26
4 116
4 27
4 117
4 220
4 118
4 5
4 136
4 221
4 320
4 6
4 137
5 138
5 27
5 317
5 334
5 137
5 26
5 316
5 136
5 25
5 331
5 235
5 7
5 330
5 6
5 329
5 233
5 328
5 232
5 120
5 135
5 134
5 23
5 133
5 22
5 9
5 220
5 8
5 219
5 218
5 118
5 117
5 116
5 322
5 115
5 321
5 114
5 319
5 320
5 113
5 318
6 318
6 319
6 316
6 220
6 317
6 23
6 329
6 120
6 334
6 9
6 322
6 114
6 320
6 115
6 321
6 113
6 118
6 136
6 116
6 7
6 218
6 117
6 219
7 221
7 220
7 223
7 222
7 28
7 321
7 30
7 320
7 219
7 322
7 27
7 140
7 240
7 121
7 120
7 237
7 23
7 123
7 136
7 236
7 122
7 139
7 117
7 138
7 119
7 235
7 408
7 13
7 12
7 333
7 14
7 319
7 332
7 9
7 318
7 8
7 334
7 225
7 11
7 224
7 10
7 33
7 331
7 32
8 11
8 154
8 12
8 117
8 224
8 320
8 13
8 225
8 321
8 14
8 119
8 322
8 120
8 121
8 122
8 123
8 23
8 24
8 257
8 27
8 330
8 318
8 28
8 235
8 331
8 240
8 336
8 319
8 29
8 236
8 332
8 136
8 241
8 337
8 30
8 237
8 333
8 238
8 334
8 138
8 239
8 335
8 139
8 140
8 408
8 219
8 32
8 220
8 33
8 221
8 222
8 223
8 348
8 9
8 10
9 322
9 235
9 321
9 320
9 122
9 120
9 11
9 10
9 237
9 331
9 236
9 330
9 219
9 329
9 14
9 13
9 12
9 334
9 23
9 333
9 222
9 332
9 221
9 220
9 139
9 138
9 27
9 26
9 319
9 136
9 318
9 24
9 317
9 115
9 114
9 224
9 28
9 408
9 119
9 118
9 117
10 139
10 333
10 240
10 221
10 241
10 331
10 338
10 408
10 336
10 337
10 14
10 34
10 119
10 15
10 12
10 32
10 226
10 13
10 33
10 227
10 224
10 11
10 225
10 324
10 239
10 325
10 236
10 127
10 322
10 237
10 124
10 16
10 323
10 125
10 142
10 320
10 122
10 143
10 30
10 321
10 123
10 140
10 31
10 120
10 141
10 28
10 335
10 222
10 121
10 138
10 332
10 223
10 243
11 222
11 28
11 331
11 31
11 30
11 333
11 139
11 332
11 138
11 16
11 335
11 141
11 241
11 334
11 140
11 240
11 321
11 243
11 320
11 142
11 121
11 323
11 120
11 23
11 322
11 123
11 122
11 125
11 127
11 348
11 13
11 154
11 235
11 12
11 15
11 237
11 337
11 14
11 236
11 336
11 239
11 408
11 225
11 119
11 224
11 227
11 33
11 226
11 32
11 221
11 27
11 220
11 223
12 241
12 320
12 127
12 321
12 408
12 120
12 28
12 322
12 121
12 236
12 323
12 122
12 237
12 123
12 32
12 140
12 33
12 119
12 220
12 221
12 222
12 337
12 138
12 223
12 224
12 332
12 225
12 333
12 227
12 13
12 14
12 331
12 125
12 240
13 320
13 121
13 223
13 120
13 222
13 119
13 221
13 227
13 408
13 226
13 225
13 143
13 224
13 142
13 31
13 338
13 141
13 30
13 337
13 140
13 336
13 139
13 28
13 335
13 138
13 333
13 332
13 33
13 331
13 32
13 243
13 241
13 240
13 239
13 127
13 325
13 237
13 324
13 236
13 125
13 16
13 323
13 124
13 15
13 322
13 123
13 14
13 321
13 122
14 331
14 119
14 334
14 335
14 122
14 332
14 236
14 123
14 333
14 237
14 15
14 120
14 121
14 408
14 240
14 127
14 337
14 241
14 125
14 138
14 142
14 140
14 32
14 322
14 141
14 33
14 323
14 227
14 320
14 224
14 30
14 321
14 225
14 28
14 222
14 223
14 220
14 221
15 143
15 227
15 33
15 142
15 125
15 226
15 258
15 32
15 124
15 35
15 353
15 325
15 127
15 34
15 324
15 126
15 327
15 121
15 148
15 123
15 122
15 41
15 323
15 245
15 244
15 332
15 147
15 408
15 335
15 246
15 52
15 157
15 241
15 55
15 240
15 243
15 242
15 20
15 132
15 17
15 16
15 129
15 229
15 337
15 228
15 18
15 336
15 37
15 223
15 339
15 230
15 36
15 222
15 141
15 338
15 225
15 39
15 31
15 140
15 224
16 121
16 327
16 244
16 245
16 31
16 123
16 246
16 52
16 124
16 247
16 17
16 125
16 140
16 18
16 126
16 141
16 408
16 19
16 337
16 127
16 142
16 40
16 20
16 338
16 143
16 41
16 339
16 128
16 42
16 129
16 341
16 131
16 132
16 224
16 225
16 226
16 32
16 227
16 33
16 228
16 34
16 157
16 229
16 35
16 353
16 230
16 36
16 37
16 335
16 39
16 147
16 148
16 323
16 240
16 324
16 241
16 325
16 242
16 326
16 243
16 223
17 37
17 146
17 341
17 144
17 227
17 226
17 231
17 230
17 229
17 228
17 19
17 18
17 323
17 143
17 142
17 42
17 327
17 131
17 41
17 326
17 130
17 20
17 325
17 129
17 324
17 247
17 128
17 246
17 245
17 127
17 244
17 35
17 126
17 132
17 339
17 125
17 338
17 124
17 39
17 38
17 147
18 41
18 260
18 38
18 148
18 39
18 146
18 37
18 246
18 147
18 247
18 144
18 35
18 357
18 244
18 145
18 245
18 326
18 327
18 143
18 324
18 325
18 126
18 124
18 132
18 20
18 130
18 230
18 131
18 340
18 231
18 128
18 19
18 341
18 228
18 129
18 229
18 339
18 226
18 42
18 40
19 228
19 341
19 147
19 231
19 230
19 38
19 41
19 124
19 126
19 129
19 128
19 325
19 131
19 324
19 130
19 327
19 20
19 326
19 132
19 246
19 143
19 229
19 35
19 144
20 326
20 143
20 327
20 244
20 245
20 246
20 357
20 247
20 36
20 323
20 37
20 148
20 57
20 241
20 38
20 260
20 242
20 39
20 144
20 263
20 34
20 145
20 35
20 146
20 147
20 228
20 229
20 340
20 230
20 341
20 231
20 40
20 132
20 41
20 42
20 226
20 124
20 227
20 338
20 125
20 339
20 128
20 126
20 129
20 127
20 130
20 131
20 324
20 325
20 142
21 265
21 218
21 264
21 253
21 251
21 137
21 250
21 136
21 249
21 151
21 248
21 150
21 330
21 149
21 329
21 26
21 328
21 168
21 25
21 343
21 24
21 60
21 116
21 342
21 362
21 115
21 361
21 235
21 234
21 317
21 233
21 316
21 135
21 232
21 134
21 133
21 153
21 46
21 152
21 45
21 44
21 23
21 43
21 22
21 219
22 137
22 149
22 26
22 27
22 24
22 218
22 25
22 219
22 115
22 250
22 134
22 251
22 135
22 248
22 249
22 330
22 133
22 116
22 342
22 117
22 343
22 328
22 329
22 152
22 23
22 253
22 153
22 362
22 318
22 316
22 156
22 43
22 317
22 234
22 235
22 46
22 232
22 265
22 233
22 44
22 238
22 150
22 45
22 151
22 136
23 257
23 120
23 233
23 329
23 156
23 232
23 328
23 46
23 122
23 235
23 331
23 117
23 330
23 116
23 152
23 119
23 118
23 154
23 221
23 317
23 321
23 220
23 316
23 115
23 320
23 319
23 29
23 114
23 318
23 28
23 322
23 253
23 30
23 219
23 25
23 218
23 24
23 137
23 27
23 136
23 26
23 139
23 138
23 135
23 134
23 343
23 237
23 333
23 236
23 332
23 45
23 238
23 334
23 48
24 238
24 44
24 239
24 271
24 45
24 46
24 47
24 329
24 48
24 330
24 151
24 275
24 49
24 331
24 152
24 50
24 332
24 153
24 333
24 154
24 334
24 155
24 156
24 248
24 318
24 256
24 252
24 257
24 253
24 134
24 115
24 254
24 135
24 255
24 219
24 25
24 136
24 343
24 117
24 26
24 137
24 344
24 63
24 27
24 138
24 28
24 139
24 346
24 29
24 347
24 232
24 30
24 348
24 234
24 235
24 236
24 268
24 237
24 43
24 361
25 136
25 251
25 250
25 29
25 249
25 115
25 248
25 265
25 43
25 219
25 343
25 254
25 218
25 342
25 253
25 252
25 46
25 117
25 151
25 45
25 116
25 150
25 44
25 149
25 235
25 234
25 233
25 48
25 232
25 153
25 152
25 238
25 362
25 318
25 361
25 317
25 156
25 316
25 135
25 330
25 134
25 329
25 133
25 328
25 27
25 26
25 334
25 138
25 60
25 137
26 219
26 116
26 138
26 238
26 117
26 139
26 136
26 236
26 115
26 137
26 237
26 234
26 29
26 151
26 235
26 257
26 232
26 27
26 149
26 233
26 46
26 44
26 45
26 43
26 156
26 334
26 134
26 135
26 152
26 333
26 252
26 318
26 133
26 153
26 330
26 253
26 319
26 331
26 250
26 316
26 328
26 251
26 317
26 329
26 248
26 48
26 249
26 343
26 218
26 118
27 115
27 138
27 331
27 343
27 117
27 140
27 330
27 333
27 332
27 253
27 252
27 49
27 334
27 255
27 29
27 219
27 48
27 321
27 28
27 320
27 221
27 50
27 30
27 322
27 135
27 222
27 232
27 153
27 45
27 235
27 152
27 257
27 237
27 154
27 344
27 256
27 46
27 236
27 347
27 239
27 156
27 346
27 32
27 238
27 348
27 122
27 317
27 137
27 319
27 136
27 318
27 139
27 329
28 157
28 225
28 344
28 32
28 33
28 346
28 347
28 154
28 255
28 221
28 332
28 336
28 408
28 222
28 333
28 337
28 223
28 334
28 29
28 140
28 335
28 30
28 141
28 31
28 142
28 257
28 52
28 318
28 258
28 53
28 330
28 136
28 236
28 240
28 54
28 331
28 237
28 241
28 138
28 238
28 48
28 139
28 120
28 239
28 45
28 243
28 49
28 121
28 122
28 320
28 321
28 235
28 322
28 117
28 348
28 119
28 349
28 156
28 224
29 334
29 48
29 333
29 332
29 336
29 331
29 330
29 67
29 239
29 238
29 276
29 237
29 271
29 275
29 236
29 240
29 274
29 122
29 235
29 156
29 273
29 155
29 154
29 32
29 153
29 63
29 152
29 350
29 349
29 348
29 30
29 170
29 347
29 346
29 318
29 258
29 345
29 140
29 255
29 257
29 54
29 344
29 139
29 254
29 256
29 53
29 343
29 138
29 253
29 137
29 252
29 47
29 51
29 136
29 46
29 50
29 45
29 49
30 155
30 258
30 162
30 158
30 346
30 50
30 347
30 256
30 51
30 156
30 47
30 344
30 257
30 48
30 157
30 345
30 49
30 45
30 350
30 408
30 54
30 351
30 255
30 348
30 52
30 349
30 253
30 170
30 53
30 222
30 223
30 224
30 321
30 274
30 221
30 138
30 139
30 136
30 142
30 34
30 331
30 235
30 122
30 140
30 31
30 32
30 141
30 33
30 334
30 238
30 121
30 243
30 335
30 239
30 336
30 240
30 332
30 236
30 337
30 241
30 333
30 237
30 154
31 223
31 36
31 139
31 353
31 39
31 325
31 352
31 324
31 33
31 354
31 32
31 35
31 157
31 34
31 224
31 227
31 159
31 226
31 158
31 237
31 332
31 125
31 53
31 41
31 335
31 239
31 52
31 40
31 55
31 245
31 154
31 126
31 161
31 54
31 244
31 121
31 160
31 259
31 163
31 246
31 258
31 162
31 51
31 337
31 241
31 122
31 408
31 336
31 240
31 339
31 243
31 338
31 242
31 349
31 348
31 141
31 351
31 255
31 140
31 56
31 350
31 143
31 142
31 356
31 148
31 37
31 347
32 34
32 353
32 119
32 36
32 221
32 138
32 222
32 139
32 346
32 223
32 140
32 347
32 141
32 348
32 142
32 349
32 143
32 350
32 255
32 351
32 240
32 336
32 408
32 241
32 337
32 242
32 338
32 48
32 243
32 49
32 121
32 257
32 122
32 51
32 162
32 258
32 123
32 52
32 235
32 331
32 53
32 125
32 236
32 332
32 54
32 237
32 333
32 154
32 238
32 239
32 335
32 224
32 157
32 225
32 321
32 158
32 226
32 227
32 33
33 154
33 53
33 349
33 52
33 348
33 243
33 339
33 242
33 338
33 241
33 337
33 157
33 123
33 240
33 336
33 35
33 122
33 331
33 34
33 121
33 127
33 244
33 126
33 239
33 335
33 139
33 125
33 138
33 237
33 333
33 36
33 236
33 332
33 227
33 323
33 143
33 226
33 142
33 225
33 321
33 141
33 119
33 224
33 140
33 325
33 353
33 324
33 223
33 347
33 222
33 408
33 162
33 258
33 221
33 351
34 162
34 57
34 159
34 163
34 54
34 126
34 160
34 55
34 157
34 161
34 338
34 52
34 263
34 335
34 339
34 53
34 125
34 332
34 336
34 337
34 51
34 258
34 259
34 226
34 227
34 148
34 40
34 142
34 41
34 143
34 74
34 140
34 255
34 39
34 141
34 36
34 37
34 356
34 35
34 278
34 173
34 350
34 354
34 351
34 355
34 69
34 246
34 348
34 352
34 349
34 353
34 244
34 245
34 347
34 242
34 239
34 243
34 240
34 165
34 56
34 408
34 158
34 241
35 157
35 37
35 227
35 36
35 226
35 39
35 229
35 129
35 38
35 228
35 128
35 41
35 231
35 131
35 40
35 230
35 323
35 42
35 121
35 132
35 160
35 325
35 353
35 324
35 352
35 241
35 327
35 240
35 125
35 326
35 243
35 124
35 52
35 357
35 242
35 127
35 55
35 245
35 145
35 126
35 141
35 244
35 259
35 144
35 57
35 247
35 147
35 337
35 143
35 246
35 146
35 142
35 260
35 339
35 335
35 263
35 148
35 338
35 223
35 341
35 340
36 140
36 354
36 160
36 335
36 141
36 355
36 161
36 340
36 142
36 162
36 56
36 143
36 163
36 148
36 57
36 58
36 173
36 336
36 229
36 337
36 230
36 282
36 338
36 37
36 339
36 145
36 38
36 260
36 126
36 146
36 39
36 349
36 147
36 226
36 369
36 263
36 69
36 351
36 157
36 158
36 159
36 258
36 239
36 259
36 244
36 245
36 246
36 52
36 40
36 247
36 53
36 41
36 240
36 327
36 42
36 78
36 241
36 55
36 356
36 242
36 278
36 357
36 243
36 358
36 164
36 129
36 359
36 165
36 74
36 51
36 352
36 166
36 353
37 42
37 125
37 351
37 226
37 41
37 52
37 40
37 132
37 166
37 129
37 165
37 164
37 247
37 143
37 163
37 246
37 327
37 142
37 162
37 245
37 141
37 161
37 244
37 325
37 160
37 243
37 324
37 58
37 242
37 359
37 57
37 241
37 358
37 56
37 173
37 240
37 148
37 357
37 39
37 147
37 356
37 38
37 335
37 146
37 355
37 263
37 145
37 354
37 144
37 353
37 261
37 159
37 352
37 260
37 158
37 259
37 157
37 258
37 341
37 340
37 231
37 339
37 230
37 338
37 229
37 337
37 228
37 55
37 126
38 228
38 229
38 340
38 341
38 143
38 58
38 59
38 39
38 262
38 130
38 57
38 263
38 246
38 260
38 247
38 128
38 261
38 244
38 129
38 245
38 326
38 166
38 327
38 126
38 55
38 146
38 358
38 147
38 42
38 359
38 144
38 145
38 40
38 357
38 41
38 230
38 339
38 148
38 231
39 148
39 243
39 242
39 145
39 144
39 327
39 41
39 147
39 40
39 146
39 357
39 126
39 356
39 42
39 359
39 143
39 358
39 142
39 353
39 261
39 229
39 352
39 260
39 228
39 355
39 263
39 231
39 354
39 262
39 230
39 341
39 340
39 57
39 76
39 259
39 56
39 226
39 59
39 78
39 157
39 129
39 372
39 165
39 58
39 339
39 164
39 338
39 52
39 166
39 55
39 245
39 161
39 244
39 160
39 247
39 163
39 246
39 162
40 230
40 41
40 327
40 231
40 78
40 42
40 369
40 160
40 161
40 157
40 162
40 372
40 259
40 163
40 159
40 260
40 164
40 261
40 165
40 52
40 338
40 242
40 129
40 262
40 166
40 339
40 243
40 126
40 263
40 340
40 244
40 55
40 341
40 245
40 56
40 246
40 57
40 247
40 58
40 59
40 177
40 173
40 352
40 353
40 144
40 354
40 145
40 355
40 146
40 142
40 356
40 147
40 143
40 357
40 148
40 358
40 226
40 359
40 284
40 229
40 80
40 76
41 231
41 263
41 230
41 229
41 353
41 228
41 260
41 147
41 126
41 143
41 146
41 125
41 142
41 358
41 145
41 124
41 141
41 357
41 144
41 42
41 243
41 327
41 242
41 326
41 241
41 148
41 325
41 324
41 247
41 246
41 245
41 55
41 244
41 339
41 335
41 338
41 58
41 131
41 57
41 130
41 129
41 341
41 128
41 340
41 227
41 259
41 226
41 132
42 163
42 244
42 160
42 245
42 58
42 161
42 242
42 59
42 262
42 263
42 57
42 260
42 129
42 261
42 143
42 259
42 340
42 78
42 341
42 338
42 76
42 339
42 148
42 230
42 146
42 231
42 147
42 228
42 126
42 144
42 229
42 145
42 226
42 55
42 358
42 359
42 357
42 166
42 355
42 327
42 352
42 164
42 353
42 165
42 246
42 247
43 137
43 136
43 60
43 62
43 233
43 232
43 234
43 265
43 264
43 153
43 133
43 267
43 152
43 266
43 135
43 361
43 134
43 115
43 249
43 156
43 45
43 248
43 343
43 44
43 362
43 251
43 342
43 250
43 329
43 46
43 253
43 328
43 252
43 330
43 254
43 218
43 149
43 168
43 151
43 150
44 233
44 149
44 234
44 150
44 256
44 151
44 67
44 342
44 60
44 343
44 61
44 62
44 252
44 168
44 63
44 253
44 169
44 254
44 360
44 361
44 248
44 362
44 249
44 250
44 137
44 251
44 167
44 330
44 48
44 133
44 275
44 134
44 268
44 50
44 135
44 269
44 156
44 270
44 271
44 45
44 264
44 46
44 265
44 152
44 266
44 153
44 267
44 183
44 232
45 47
45 136
45 236
45 46
45 135
45 235
45 232
45 276
45 348
45 275
45 347
45 274
45 346
45 156
45 273
45 345
45 155
45 255
45 344
45 154
45 254
45 271
45 343
45 153
45 253
45 63
45 152
45 252
45 269
45 62
45 151
45 268
45 250
45 265
45 318
45 362
45 334
45 54
45 361
45 333
45 170
45 332
45 331
45 330
45 257
45 50
45 67
45 139
45 239
45 256
45 49
45 138
45 238
45 48
45 137
45 237
46 276
46 360
46 361
46 150
46 234
46 151
46 62
46 235
46 63
46 232
46 149
46 60
46 154
46 342
46 238
46 155
46 343
46 256
46 152
46 257
46 67
46 153
46 346
46 156
46 344
46 266
46 134
46 267
46 135
46 264
46 47
46 265
46 270
46 271
46 139
46 250
46 167
46 50
46 268
46 136
46 251
46 269
46 137
46 248
46 48
46 249
46 330
46 49
46 275
46 254
46 168
46 252
46 169
46 253
46 362
47 71
47 349
47 70
47 277
47 90
47 348
47 65
47 54
47 276
47 64
47 49
47 139
47 350
47 67
47 48
47 278
47 345
47 381
47 66
47 51
47 273
47 344
47 169
47 380
47 50
47 272
47 347
47 275
47 151
47 346
47 171
47 274
47 170
47 63
47 253
47 62
47 252
47 255
47 254
47 281
47 280
47 156
47 158
47 257
47 153
47 256
47 155
47 366
47 258
47 154
47 361
47 269
47 268
47 343
47 363
47 271
47 239
47 92
47 187
47 409
47 270
47 238
47 336
47 69
47 68
47 53
48 236
48 345
48 136
48 269
48 237
48 346
48 137
48 238
48 347
48 138
48 271
48 239
48 348
48 139
48 256
48 349
48 140
48 257
48 350
48 170
48 336
48 62
48 252
48 152
48 63
48 253
48 153
48 254
48 154
48 343
48 49
48 255
48 155
48 50
48 156
48 51
48 273
48 330
48 274
48 331
48 53
48 275
48 332
48 54
48 276
48 67
48 333
48 361
48 334
48 362
48 71
48 265
48 235
48 344
48 151
48 268
49 52
49 257
49 256
49 158
49 239
49 363
49 157
49 238
49 281
49 156
49 237
49 280
49 332
49 366
49 275
49 347
49 274
49 346
49 273
49 345
49 272
49 67
49 344
49 139
49 255
49 351
49 278
49 65
49 254
49 350
49 64
49 253
49 349
49 63
49 276
49 71
49 252
49 348
49 171
49 170
49 69
49 68
49 51
49 140
49 409
49 336
49 50
49 271
49 343
49 269
49 268
49 155
49 54
49 154
49 235
49 53
49 162
49 258
49 153
50 54
50 137
50 361
50 269
50 254
50 350
50 170
50 255
50 171
50 252
50 348
50 53
50 253
50 349
50 71
50 169
50 265
50 346
50 51
50 68
50 409
50 347
50 344
50 156
50 380
50 66
50 345
50 67
50 154
50 64
50 343
50 155
50 65
50 152
50 256
50 153
50 257
50 151
50 187
50 281
50 238
50 239
50 276
50 62
50 63
50 274
50 235
50 275
50 272
50 273
50 362
50 270
50 139
50 363
50 271
50 136
50 268
51 347
51 409
51 354
51 239
51 346
51 349
51 356
51 348
51 240
51 351
51 243
51 350
51 161
51 160
51 363
51 163
51 65
51 155
51 162
51 64
51 273
51 365
51 154
51 67
51 364
51 157
51 275
51 156
51 69
51 274
51 366
51 159
51 68
51 277
51 158
51 71
51 276
51 70
51 279
51 53
51 335
51 171
51 278
51 52
51 370
51 255
51 170
51 72
51 281
51 173
51 280
51 54
51 336
51 172
51 74
51 282
51 139
51 56
51 257
51 256
51 141
51 140
51 258
51 353
51 63
51 345
51 352
51 344
51 355
52 332
52 243
52 143
52 71
52 282
52 56
52 335
52 255
52 139
52 148
52 258
52 259
52 72
52 226
52 336
52 74
52 337
52 338
52 165
52 157
52 339
52 356
52 239
52 158
52 348
52 159
52 349
52 160
52 350
52 161
52 278
52 351
52 162
52 352
52 53
52 154
52 163
52 353
52 54
52 244
52 345
52 354
52 55
52 245
52 173
52 355
52 274
52 347
52 364
52 240
52 140
52 241
52 141
52 242
52 69
52 142
53 348
53 158
53 242
53 355
53 347
53 157
53 354
53 346
53 240
53 353
53 163
53 345
53 155
53 255
53 352
53 162
53 344
53 154
53 161
53 366
53 160
53 365
53 74
53 364
53 173
53 335
53 278
53 72
53 172
53 171
53 409
53 170
53 332
53 142
53 56
53 141
53 274
53 140
53 273
53 139
53 239
53 370
53 282
53 338
53 71
53 281
53 337
53 280
53 336
53 259
53 69
53 351
53 258
53 68
53 55
53 350
53 257
53 54
53 349
53 159
53 243
53 356
54 278
54 356
54 279
54 238
54 276
54 239
54 158
54 277
54 159
54 156
54 157
54 170
54 56
54 171
54 346
54 258
54 409
54 347
54 344
54 256
54 63
54 345
54 257
54 370
54 350
54 139
54 172
54 351
54 74
54 173
54 348
54 162
54 349
54 72
54 363
54 282
54 160
54 140
54 161
54 336
54 141
54 280
54 255
54 366
54 281
54 252
54 253
54 364
54 67
54 365
54 64
54 243
54 354
54 65
54 240
54 274
54 335
54 70
54 352
54 275
54 332
54 71
54 353
54 154
54 68
54 273
54 155
54 69
55 283
55 159
55 282
55 158
55 226
55 181
55 351
55 278
55 173
55 177
55 372
55 148
55 174
55 76
55 178
55 80
55 374
55 141
55 369
55 145
55 245
55 78
55 340
55 244
55 73
55 143
55 147
55 247
55 72
55 142
55 146
55 246
55 261
55 165
55 260
55 164
55 74
55 57
55 263
55 69
55 56
55 335
55 339
55 243
55 262
55 166
55 59
55 338
55 242
55 161
55 357
55 58
55 160
55 356
55 259
55 163
55 359
55 258
55 162
55 358
55 353
55 126
55 284
55 352
55 355
55 327
55 354
55 157
56 351
56 174
56 74
56 57
56 279
56 352
56 175
56 75
56 280
56 148
56 353
56 176
56 354
56 177
56 282
56 355
56 178
56 78
56 283
56 356
56 179
56 79
56 180
56 80
56 358
56 181
56 258
56 259
56 157
56 158
56 263
56 336
56 159
56 364
56 409
56 160
56 365
56 161
56 366
56 162
56 367
56 163
56 385
56 368
56 164
56 369
56 165
56 370
56 298
56 166
56 299
56 372
56 96
56 141
56 374
56 69
56 274
56 242
56 375
56 243
56 171
56 71
56 244
56 349
56 172
56 72
56 277
56 245
56 350
56 173
56 73
56 278
57 163
57 259
57 78
57 247
57 162
57 246
57 161
57 76
57 285
57 245
57 341
57 160
57 369
57 284
57 244
57 340
57 263
57 166
57 262
57 165
57 261
57 374
57 80
57 59
57 164
57 260
57 58
57 372
57 147
57 327
57 146
57 355
57 174
57 145
57 354
57 173
57 144
57 353
57 352
57 359
57 358
57 177
57 148
57 357
57 356
57 126
57 181
57 159
57 339
57 129
57 242
57 338
58 177
58 358
58 359
58 284
58 357
58 285
58 166
58 262
58 355
58 263
58 352
58 164
58 260
58 129
58 165
58 261
58 163
58 259
58 78
58 161
58 246
58 76
58 247
58 244
58 340
58 245
58 341
58 59
58 148
58 372
58 373
58 146
58 147
58 144
58 145
58 181
58 80
58 231
58 327
59 145
59 263
59 372
59 73
59 262
59 375
59 374
59 146
59 177
59 283
59 148
59 77
59 179
59 76
59 285
59 178
59 79
59 284
59 181
59 352
59 78
59 180
59 355
59 354
59 182
59 357
59 173
59 359
59 358
59 174
59 304
59 161
59 376
59 245
59 163
59 247
59 165
59 164
59 166
59 369
59 340
59 259
59 303
59 371
59 81
59 261
59 80
59 260
59 373
60 266
60 249
60 267
60 250
60 251
60 152
60 153
60 256
60 67
60 184
60 149
60 185
60 150
60 186
60 288
60 151
60 342
60 378
60 286
60 343
60 234
60 183
60 168
60 169
60 360
60 61
60 268
60 361
60 62
60 269
60 252
60 83
60 362
60 63
60 270
60 253
60 271
60 254
60 275
60 264
60 167
60 410
60 265
60 248
61 62
61 287
61 250
61 286
61 362
61 289
61 361
61 288
61 360
61 169
61 168
61 394
61 167
61 202
61 87
61 271
61 85
61 270
61 84
61 83
61 268
61 82
61 267
61 266
61 342
61 265
61 378
61 151
61 264
61 150
61 186
61 149
61 185
61 184
61 410
61 183
61 254
62 167
62 380
62 63
62 170
62 286
62 168
62 83
62 169
62 250
62 150
62 151
62 248
62 86
62 149
62 256
62 254
62 155
62 362
62 85
62 183
62 252
62 152
62 363
62 253
62 153
62 360
62 288
62 361
62 186
62 342
62 289
62 266
62 343
62 156
62 267
62 410
62 185
62 264
62 265
62 270
62 275
62 66
62 271
62 344
62 272
62 67
62 268
62 273
62 64
62 269
62 378
62 379
62 276
63 378
63 265
63 254
63 276
63 85
63 267
63 273
63 272
63 86
63 275
63 151
63 274
63 169
63 343
63 171
63 92
63 170
63 281
63 361
63 156
63 363
63 362
63 153
63 238
63 90
63 348
63 155
63 68
63 154
63 350
63 257
63 71
63 345
63 381
63 256
63 70
63 344
63 380
63 65
63 347
63 187
63 409
63 64
63 346
63 269
63 67
63 289
63 268
63 253
63 66
63 271
63 252
63 291
63 167
63 270
63 255
64 252
64 169
64 277
64 253
64 170
64 278
64 350
64 254
64 171
64 279
64 85
64 255
64 268
64 86
64 289
64 269
64 290
64 270
64 291
64 271
64 363
64 292
64 256
64 365
64 366
64 65
64 66
64 67
64 68
64 69
64 280
64 70
64 281
64 71
64 88
64 187
64 89
64 188
64 90
64 189
64 91
64 377
64 190
64 92
64 378
64 191
64 93
64 379
64 155
64 296
64 272
64 380
64 344
64 273
64 381
64 345
64 274
64 382
64 346
64 275
64 383
64 409
64 276
65 66
65 364
65 189
65 188
65 275
65 71
65 274
65 70
65 273
65 296
65 69
65 272
65 171
65 68
65 279
65 409
65 170
65 91
65 278
65 169
65 90
65 277
65 89
65 379
65 276
65 291
65 271
65 88
65 378
65 290
65 270
65 377
65 289
65 269
65 94
65 268
65 172
65 93
65 383
65 295
65 402
65 92
65 382
65 294
65 381
65 345
65 293
65 380
65 344
65 292
65 256
65 350
65 86
65 252
65 363
65 85
65 187
65 281
65 367
65 280
65 96
65 366
65 191
65 155
65 67
65 365
65 190
66 277
66 377
66 270
66 67
66 274
66 167
66 271
66 275
66 296
66 268
66 272
66 344
66 269
66 273
66 345
66 267
66 92
66 292
66 204
66 90
66 190
66 290
66 91
66 191
66 291
66 88
66 203
66 363
66 188
66 288
66 89
66 360
66 289
66 86
66 361
66 186
66 87
66 409
66 187
66 256
66 85
66 185
66 254
66 183
66 155
66 287
66 252
66 396
66 400
66 151
66 380
66 70
66 281
66 170
66 381
66 71
66 171
66 378
66 68
66 379
66 276
66 169
67 71
67 70
67 253
67 377
67 252
67 265
67 255
67 379
67 409
67 343
67 254
67 378
67 267
67 381
67 345
67 273
67 380
67 269
67 344
67 272
67 268
67 187
67 151
67 85
67 275
67 271
67 186
67 346
67 274
67 270
67 153
67 277
67 86
67 276
67 155
67 350
67 154
67 88
67 281
67 156
67 90
67 92
67 361
67 289
67 360
67 363
67 167
67 291
67 238
67 362
67 169
67 257
67 256
67 171
67 170
67 68
68 293
68 281
68 381
68 282
68 382
68 295
68 170
68 72
68 383
68 171
68 86
68 74
68 349
68 290
68 75
68 350
68 291
68 193
68 256
68 344
68 188
68 345
68 189
68 346
68 190
68 92
68 409
68 296
68 191
68 93
68 268
68 94
68 269
68 270
68 88
68 271
68 158
68 276
68 187
68 89
68 159
68 364
68 277
68 90
68 365
68 252
68 278
68 366
68 96
68 279
68 367
68 272
68 69
68 155
68 255
68 273
68 70
68 274
68 71
68 275
68 363
68 172
68 370
68 280
68 175
68 380
69 345
69 273
69 162
69 356
69 161
69 355
69 160
69 354
69 243
69 92
69 175
69 353
69 174
69 352
69 90
69 173
69 367
69 295
69 283
69 172
69 366
69 255
69 282
69 171
69 365
69 293
69 71
69 281
69 170
69 364
69 70
69 375
69 280
69 374
69 96
69 179
69 178
69 177
69 176
69 370
69 259
69 191
69 369
69 258
69 190
69 79
69 368
69 189
69 299
69 409
69 298
69 381
69 159
69 75
69 158
69 336
69 74
69 157
69 351
69 279
69 73
69 350
69 239
69 278
69 72
69 155
69 349
69 194
69 277
69 193
69 165
69 192
69 386
69 385
69 274
69 163
70 386
70 189
70 296
70 106
70 276
70 86
70 277
70 384
70 385
70 195
70 192
70 74
70 193
70 75
70 290
70 409
70 72
70 291
70 363
70 170
70 269
70 171
70 294
70 96
70 366
70 295
70 97
70 402
70 367
70 292
70 364
70 293
70 365
70 175
70 282
70 172
70 280
70 90
70 281
70 91
70 71
70 88
70 89
70 94
70 377
70 187
70 274
70 92
70 382
70 275
70 93
70 383
70 272
70 380
70 190
70 273
70 381
70 191
70 206
70 345
70 155
70 278
70 370
70 188
70 350
70 279
71 283
71 72
71 366
71 189
71 282
71 75
71 160
71 277
71 74
71 191
71 276
71 363
71 190
71 162
71 96
71 279
71 157
71 278
71 273
71 356
71 187
71 159
71 272
71 158
71 92
71 275
71 381
71 274
71 239
71 380
71 269
71 155
71 154
71 88
71 354
71 349
71 90
71 348
71 409
71 351
71 295
71 350
71 173
71 345
71 172
71 344
71 175
71 347
71 291
71 346
71 252
71 255
71 257
71 171
71 256
71 170
71 370
71 365
71 258
71 281
71 364
71 336
71 280
71 367
72 171
72 280
72 176
72 172
72 281
72 177
72 173
72 282
72 178
72 174
72 283
72 179
72 175
72 180
72 368
72 364
72 181
72 369
72 365
72 92
72 370
72 366
72 367
72 94
72 372
72 95
72 158
72 374
72 259
72 159
72 409
72 375
72 349
72 189
72 96
72 350
72 190
72 97
72 351
72 191
72 98
72 160
72 293
72 161
72 381
72 162
72 384
72 73
72 295
72 163
72 385
72 74
72 386
72 352
72 192
72 75
72 165
72 274
72 353
72 193
72 298
72 388
72 354
72 194
72 299
72 355
72 195
72 304
72 78
72 277
72 356
72 79
72 278
72 279
73 299
73 374
73 385
73 298
73 373
73 166
73 384
73 297
73 372
73 165
73 164
73 390
73 279
73 303
73 171
73 389
73 278
73 99
73 388
73 277
73 98
73 301
73 376
73 304
73 97
73 300
73 283
73 96
73 179
73 175
73 282
73 75
73 178
73 174
73 392
73 74
73 177
73 173
73 280
73 176
73 355
73 195
73 172
73 354
73 194
73 79
73 182
73 193
73 285
73 78
73 181
73 352
73 192
73 81
73 284
73 77
73 180
73 80
73 259
73 76
73 159
73 198
73 158
73 197
73 356
73 196
73 190
73 189
73 371
73 211
73 367
73 295
73 370
73 163
73 366
73 95
73 369
73 162
73 365
73 94
73 293
73 368
73 161
73 387
73 364
73 375
73 160
73 386
74 299
74 176
74 355
74 157
74 177
74 352
74 190
74 353
74 366
74 386
74 367
74 304
74 189
74 364
74 78
74 384
74 282
74 365
74 79
74 385
74 374
74 283
74 96
74 375
74 280
74 97
74 372
74 281
74 166
74 75
74 350
74 370
74 351
74 164
74 368
74 165
74 349
74 369
74 162
74 258
74 80
74 163
74 259
74 295
74 160
74 161
74 293
74 345
74 95
74 174
74 194
74 92
74 175
74 172
74 192
74 173
74 193
74 278
74 279
74 171
74 180
74 181
74 277
74 356
74 158
74 178
74 274
74 409
74 298
74 159
74 179
74 354
75 259
75 97
75 303
75 162
75 96
75 281
75 165
75 280
75 164
75 98
75 159
75 283
75 158
75 92
75 282
75 369
75 95
75 189
75 285
75 293
75 368
75 94
75 81
75 191
75 295
75 370
75 80
75 190
75 373
75 177
75 372
75 176
75 375
75 179
75 374
75 178
75 193
75 181
75 277
75 192
75 180
75 195
75 304
75 385
75 279
75 194
75 384
75 278
75 197
75 387
75 365
75 196
75 386
75 364
75 409
75 389
75 367
75 77
75 171
75 198
75 388
75 366
75 79
75 173
75 297
75 390
75 352
75 78
75 172
75 106
75 355
75 175
75 299
75 354
75 174
75 298
75 161
75 301
75 376
75 356
75 211
75 160
75 300
75 210
75 163
76 166
76 372
76 373
76 99
76 161
76 374
76 303
76 375
76 260
76 163
76 368
76 261
76 148
76 369
76 262
76 298
76 80
76 263
76 284
76 371
76 81
76 285
76 180
76 145
76 181
76 392
76 259
76 146
76 182
76 77
76 78
76 79
76 177
76 283
76 178
76 179
76 357
76 173
76 358
76 174
76 359
76 352
76 247
76 354
76 355
76 304
76 340
76 376
76 164
76 165
77 81
77 80
77 79
77 78
77 166
77 304
77 212
77 165
77 359
77 303
77 164
77 358
77 302
77 301
77 299
77 262
77 298
77 95
77 261
77 100
77 285
77 99
77 182
77 376
77 284
77 98
77 181
77 375
77 283
77 180
77 374
77 199
77 393
77 179
77 373
77 198
77 392
77 178
77 372
77 197
77 391
77 177
77 371
77 390
77 315
77 176
77 389
77 369
77 194
77 174
77 368
78 174
78 175
78 80
78 81
78 371
78 173
78 368
78 178
78 369
78 179
78 282
78 374
78 176
78 283
78 375
78 177
78 372
78 182
78 146
78 392
78 373
78 180
78 259
78 181
78 145
78 284
78 376
78 340
78 285
78 298
78 262
78 354
78 299
78 148
78 263
78 355
78 260
78 352
78 261
78 353
78 163
78 247
78 358
78 160
78 303
78 359
78 161
78 245
78 356
78 166
78 357
78 159
78 164
78 165
78 304
78 79
79 195
79 368
79 159
79 194
79 371
79 166
79 100
79 299
79 370
79 161
79 298
79 95
79 163
79 97
79 96
79 173
79 99
79 172
79 98
79 356
79 376
79 175
79 304
79 359
79 389
79 174
79 279
79 388
79 391
79 212
79 110
79 352
79 390
79 355
79 385
79 214
79 354
79 384
79 181
79 365
79 387
79 180
79 293
79 313
79 364
79 285
79 386
79 211
79 367
79 284
79 182
79 295
79 315
79 366
79 177
79 176
79 179
79 280
79 393
79 178
79 112
79 197
79 283
79 392
79 189
79 262
79 196
79 373
79 282
79 301
79 199
79 372
79 300
79 81
79 198
79 375
79 405
79 303
79 259
79 80
79 193
79 374
79 165
79 302
79 192
79 369
79 164
79 297
80 298
80 355
80 176
80 299
80 376
80 177
80 357
80 178
80 301
80 358
80 179
80 359
80 180
80 303
80 390
80 181
80 145
80 391
80 182
80 81
80 148
80 368
80 369
80 371
80 372
80 259
80 173
80 373
80 260
80 194
80 174
80 374
80 261
80 282
80 375
80 262
80 160
80 283
80 263
80 161
80 304
80 284
80 198
80 285
80 392
80 163
80 164
80 165
80 99
80 166
80 100
80 352
80 354
81 304
81 387
81 284
81 376
81 179
81 385
81 178
81 177
81 194
81 391
81 176
81 299
81 390
81 371
81 298
81 389
81 182
81 199
81 388
81 181
81 198
81 369
81 180
81 197
81 368
81 303
81 196
81 375
81 302
81 374
81 301
81 373
81 300
81 110
81 372
81 175
81 174
81 99
81 407
81 98
81 315
81 214
81 283
81 212
81 393
81 100
81 262
81 166
81 392
81 261
81 165
81 164
81 359
81 285
81 95
82 286
82 396
82 287
82 397
82 394
82 186
82 102
82 103
82 184
82 185
82 306
82 101
82 183
82 360
82 305
82 204
82 410
82 202
82 203
82 200
82 201
82 378
82 379
82 86
82 267
82 87
82 377
82 84
82 169
82 85
82 167
82 288
82 83
82 289
83 287
83 396
83 286
83 289
83 360
83 288
83 167
83 101
83 362
83 169
83 265
83 103
83 168
83 264
83 267
83 266
83 342
83 270
83 410
83 85
83 84
83 377
83 87
83 305
83 86
83 379
83 183
83 378
83 201
83 200
83 185
83 203
83 184
83 202
83 186
83 394
84 102
84 184
84 103
84 185
84 186
84 167
84 394
84 360
84 305
84 286
84 306
84 287
84 85
84 86
84 204
84 87
84 169
84 288
84 289
84 200
84 270
84 201
84 202
84 183
84 203
84 410
84 266
84 377
84 267
84 378
84 379
84 396
84 397
84 101
85 87
85 86
85 104
85 276
85 204
85 275
85 203
85 188
85 397
85 167
85 202
85 187
85 396
85 201
85 186
85 395
85 380
85 272
85 185
85 394
85 379
85 287
85 184
85 378
85 286
85 306
85 377
85 91
85 305
85 90
85 89
85 88
85 103
85 102
85 101
85 400
85 292
85 169
85 363
85 271
85 291
85 270
85 290
85 183
85 269
85 289
85 360
85 268
85 288
85 410
85 267
86 399
86 201
86 396
86 206
86 397
86 92
86 275
86 204
86 272
86 205
86 167
86 306
86 378
86 307
86 379
86 276
86 186
86 87
86 305
86 270
86 377
86 187
86 271
86 410
86 268
86 185
86 296
86 269
86 380
86 381
86 191
86 104
86 188
86 290
86 291
86 363
86 288
86 360
86 289
86 400
86 183
86 169
86 395
86 90
86 292
86 102
86 91
86 103
86 88
86 203
86 287
86 89
86 101
87 377
87 289
87 397
87 288
87 379
87 287
87 396
87 400
87 378
87 169
87 286
87 104
87 395
87 394
87 167
87 101
87 103
87 102
87 360
87 270
87 204
87 305
87 201
87 91
87 200
87 185
87 306
87 203
87 184
87 202
87 186
87 410
87 380
87 183
87 292
88 272
88 206
88 381
88 170
88 104
88 273
88 382
88 171
88 105
88 383
88 106
88 107
88 276
88 277
88 279
88 280
88 289
88 281
88 290
88 363
88 291
88 292
88 365
88 293
88 366
88 396
88 294
88 397
88 295
88 193
88 398
88 296
88 399
88 400
88 187
88 401
88 188
88 402
88 189
88 96
88 190
88 191
88 89
88 90
88 91
88 377
88 269
88 92
88 378
88 270
88 93
88 204
88 379
88 409
88 307
88 94
88 205
88 380
89 104
89 307
89 363
89 306
89 108
89 395
89 308
89 272
89 203
89 277
89 399
89 291
89 398
89 187
89 290
89 397
89 207
89 289
89 396
89 206
89 281
89 91
89 403
89 205
89 90
89 295
89 402
89 204
89 191
89 379
89 294
89 401
89 190
89 293
89 400
89 189
89 377
89 292
89 102
89 188
89 94
89 101
89 208
89 93
89 383
89 92
89 382
89 107
89 381
89 296
89 106
89 380
89 105
89 171
90 187
90 280
90 289
90 193
90 402
90 281
90 206
90 400
90 155
90 204
90 401
90 205
90 270
90 271
90 94
90 296
90 172
90 269
90 92
90 382
90 170
90 93
90 383
90 171
90 380
90 409
90 91
90 381
90 96
90 378
90 278
90 379
90 307
90 279
90 276
90 377
90 277
90 274
90 275
90 272
90 345
90 366
90 273
90 294
90 105
90 367
90 190
90 295
90 364
90 191
90 292
90 365
90 188
90 293
90 189
90 290
90 363
90 291
91 93
91 293
91 92
91 205
91 292
91 204
91 187
91 94
91 207
91 105
91 294
91 206
91 189
91 104
91 188
91 107
91 401
91 191
91 400
91 190
91 402
91 395
91 377
91 397
91 307
91 287
91 396
91 379
91 101
91 306
91 399
91 378
91 398
91 381
91 296
91 103
91 308
91 272
91 380
91 102
91 383
91 382
91 277
91 289
91 291
91 203
91 363
91 290
92 296
92 193
92 272
92 107
92 297
92 273
92 384
92 195
92 274
92 385
92 380
92 386
92 292
92 381
92 293
92 382
92 96
92 294
92 383
92 97
92 295
92 188
92 377
92 189
92 190
92 350
92 290
92 409
92 191
92 291
92 345
92 187
92 93
92 364
92 94
92 365
92 206
92 366
92 370
92 367
92 401
92 155
92 172
92 402
92 176
92 280
92 281
92 363
92 282
92 175
92 276
92 277
92 170
92 278
92 171
92 105
92 192
92 279
92 106
93 383
93 382
93 388
93 281
93 381
93 308
93 280
93 98
93 386
93 307
93 279
93 97
93 385
93 207
93 96
93 384
93 211
93 277
93 206
93 210
93 205
93 209
93 191
93 208
93 297
93 190
93 296
93 189
93 95
93 295
93 188
93 94
93 367
93 294
93 187
93 366
93 293
93 365
93 292
93 291
93 406
93 363
93 290
93 405
93 195
93 399
93 194
93 403
93 398
93 193
93 402
93 109
93 175
93 192
93 401
93 108
93 400
93 107
93 106
93 172
93 105
93 171
93 104
93 312
93 311
94 401
94 175
94 406
94 176
94 370
94 172
94 366
94 294
94 367
94 404
94 295
94 368
94 364
94 106
94 405
94 292
94 365
94 107
94 293
94 298
94 105
94 299
94 296
94 187
94 297
94 112
94 108
94 307
94 194
94 109
94 190
94 195
94 300
94 191
94 192
94 386
94 188
94 382
94 310
94 193
94 387
94 189
94 383
94 311
94 384
94 308
94 385
94 381
94 309
94 196
94 388
94 279
94 312
94 313
94 277
94 210
94 206
94 211
94 98
94 207
94 280
94 171
94 208
94 402
94 95
94 398
94 281
94 209
94 96
94 403
94 290
94 205
94 97
94 291
95 98
95 215
95 303
95 109
95 214
95 302
95 108
95 403
95 209
95 309
95 297
95 111
95 208
95 110
95 211
95 311
95 299
95 210
95 310
95 298
95 277
95 365
95 304
95 106
95 364
95 279
95 367
95 112
95 366
95 172
95 216
95 175
95 389
95 174
95 375
95 388
95 181
95 374
95 391
95 180
95 197
95 313
95 369
95 390
95 196
95 312
95 368
95 385
95 199
95 315
95 384
95 177
95 198
95 314
95 370
95 387
95 176
95 193
95 293
95 386
95 179
95 192
95 280
95 178
95 195
95 295
95 283
95 383
95 189
95 194
95 294
95 100
95 282
95 382
95 191
95 405
95 376
95 393
95 190
95 207
95 97
95 404
95 392
95 96
95 407
95 301
95 99
95 406
95 212
95 300
96 384
96 374
96 385
96 97
96 208
96 375
96 386
96 98
96 209
96 364
96 387
96 210
96 304
96 365
96 277
96 388
96 211
96 366
96 278
96 389
96 367
96 279
96 390
96 296
96 297
96 309
96 354
96 159
96 298
96 409
96 299
96 311
96 189
96 300
96 207
96 190
96 192
96 191
96 193
96 176
96 194
96 177
96 195
96 178
96 112
96 196
96 179
96 290
96 197
96 180
96 402
96 280
96 198
96 181
96 403
96 381
96 281
96 293
96 382
96 171
96 282
96 105
96 294
96 405
96 383
96 172
96 283
96 106
96 295
96 368
96 173
96 312
96 369
96 174
96 108
96 313
96 370
96 175
96 109
97 98
97 172
97 283
97 212
97 295
97 367
97 207
97 282
97 294
97 366
97 293
97 387
97 365
97 280
97 386
97 364
97 385
97 195
97 314
97 384
97 194
97 313
97 193
97 312
97 390
97 192
97 389
97 199
97 388
97 198
97 197
97 196
97 279
97 191
97 190
97 277
97 189
97 304
97 299
97 311
97 179
97 383
97 298
97 310
97 112
97 178
97 382
97 297
97 107
97 309
97 403
97 381
97 296
97 106
97 308
97 176
97 402
97 105
97 171
97 401
97 211
97 302
97 370
97 210
97 301
97 407
97 209
97 300
97 110
97 180
97 406
97 368
97 208
97 109
97 175
97 405
97 375
97 215
97 108
97 174
97 404
97 374
97 214
97 99
98 194
98 181
98 407
98 298
98 174
98 195
98 178
98 404
98 299
98 175
98 192
98 179
98 405
98 172
98 193
98 176
98 297
98 382
98 177
98 403
98 294
98 295
98 293
98 392
98 110
98 393
98 376
98 216
98 111
98 390
98 217
98 108
98 112
98 391
98 374
98 214
98 109
98 388
98 375
98 215
98 283
98 106
98 389
98 212
98 386
98 387
98 370
98 210
98 314
98 367
98 207
98 190
98 384
98 371
98 211
98 279
98 315
98 385
98 368
98 208
98 312
98 365
98 209
98 100
98 313
98 189
98 310
98 311
98 99
98 309
98 198
98 302
98 199
98 303
98 196
98 300
98 304
98 197
98 180
98 406
98 301
99 393
99 368
99 315
99 392
99 371
99 314
99 373
99 375
99 374
99 112
99 405
99 192
99 111
99 376
99 110
99 407
99 194
99 197
99 196
99 199
99 198
99 177
99 176
99 179
99 299
99 178
99 174
99 298
99 181
99 301
99 180
99 304
99 385
99 300
99 211
99 303
99 182
99 387
99 302
99 213
99 309
99 212
99 389
99 215
99 388
99 214
99 391
99 285
99 217
99 313
99 390
99 100
99 284
99 216
100 112
100 199
100 389
100 298
100 179
100 390
100 299
100 376
100 304
100 391
100 285
100 194
100 387
100 212
100 213
100 214
100 313
100 392
100 215
100 405
100 314
100 393
100 315
100 407
100 211
100 373
100 374
100 375
100 216
100 180
100 217
100 110
100 300
100 181
100 111
100 301
100 182
100 302
100 371
100 196
100 303
100 197
100 198
100 388
100 178
101 377
101 202
101 288
101 201
101 200
101 188
101 186
101 399
101 103
101 185
101 287
101 307
101 102
101 184
101 397
101 306
101 396
101 305
101 395
101 394
101 400
101 104
101 206
101 292
101 205
101 379
101 204
101 203
101 289
102 104
102 400
102 186
102 378
102 185
102 379
102 202
102 203
102 377
102 200
102 394
102 188
102 201
102 395
102 206
102 291
102 288
102 204
102 398
102 103
102 289
102 205
102 399
102 396
102 287
102 397
102 292
102 306
102 307
102 305
103 104
103 292
103 287
103 400
103 289
103 397
103 288
103 396
103 399
103 205
103 204
103 395
103 201
103 394
103 200
103 203
103 202
103 305
103 377
103 379
103 185
103 306
103 184
103 186
104 289
104 377
104 290
104 291
104 287
104 379
104 292
104 395
104 201
104 400
104 396
104 401
104 397
104 188
104 203
104 402
104 398
104 204
104 296
104 399
104 205
104 206
104 105
104 305
104 107
104 306
104 307
104 308
105 297
105 406
105 296
105 405
105 307
105 404
105 383
105 311
105 382
105 310
105 381
105 309
105 211
105 207
105 308
105 210
105 206
105 209
105 205
105 107
105 208
105 106
105 312
105 384
105 109
105 291
105 108
105 290
105 295
105 294
105 403
105 399
105 293
105 402
105 195
105 398
105 191
105 292
105 401
105 190
105 400
105 193
105 189
105 192
105 188
106 402
106 293
106 381
106 403
106 290
106 210
106 401
106 211
106 208
106 302
106 209
106 300
106 110
106 310
106 298
106 108
106 311
106 299
106 109
106 175
106 308
106 296
106 309
106 297
106 107
106 307
106 388
106 279
106 198
106 367
106 389
106 386
106 277
106 196
106 365
106 112
106 387
106 384
106 194
106 385
106 176
106 195
106 398
106 192
106 314
106 190
106 193
106 191
106 206
106 312
106 188
106 207
106 406
106 313
106 189
106 294
106 205
106 382
106 404
106 295
106 214
106 383
106 405
106 215
107 190
107 309
107 384
107 308
107 311
107 310
107 297
107 296
107 205
107 207
107 401
107 206
107 381
107 400
107 193
107 403
107 192
107 383
107 402
107 291
107 195
107 382
107 405
107 290
107 404
107 293
107 312
107 292
107 406
107 295
107 294
107 109
107 108
107 209
107 189
107 208
107 399
107 188
107 307
107 211
107 398
107 191
107 210
108 388
108 302
108 214
108 389
108 215
108 296
108 208
108 297
108 209
108 384
108 210
108 385
108 211
108 386
108 189
108 387
108 293
108 190
108 205
108 294
108 191
108 206
108 112
108 295
108 207
108 404
108 405
108 406
108 312
108 109
108 196
108 313
108 110
108 314
108 401
108 198
108 402
108 308
108 403
108 192
108 309
108 193
108 310
108 382
108 194
108 311
108 383
108 398
108 195
108 216
108 307
108 300
109 309
109 308
109 112
109 111
109 110
109 199
109 198
109 302
109 197
109 301
109 196
109 390
109 300
109 383
109 195
109 389
109 299
109 382
109 194
109 388
109 298
109 193
109 387
109 297
109 192
109 386
109 191
109 385
109 295
109 384
109 294
109 217
109 189
109 293
109 216
109 215
109 214
109 407
109 212
109 406
109 211
109 405
109 315
109 210
109 404
109 314
109 209
109 403
109 313
109 208
109 402
109 312
109 207
109 367
109 401
109 311
109 310
110 393
110 304
110 310
110 210
110 311
110 211
110 309
110 209
110 314
110 214
110 315
110 215
110 312
110 212
110 406
110 313
110 213
110 407
110 404
110 405
110 216
110 217
110 194
110 195
110 192
110 179
110 386
110 387
110 298
110 198
110 384
110 299
110 199
110 196
110 390
110 111
110 297
110 197
110 391
110 302
110 388
110 303
110 389
110 300
110 301
110 112
110 392
111 392
111 313
111 405
111 312
111 404
111 315
111 407
111 213
111 314
111 212
111 215
111 214
111 301
111 300
111 211
111 303
111 302
111 389
111 388
111 391
111 197
111 217
111 390
111 196
111 309
111 216
111 199
111 198
111 311
111 387
111 310
111 304
111 112
111 393
112 295
112 367
112 175
112 304
112 384
112 385
112 207
112 386
112 192
112 387
112 193
112 309
112 388
112 194
112 310
112 389
112 195
112 216
112 311
112 390
112 196
112 217
112 391
112 197
112 297
112 198
112 298
112 199
112 176
112 299
112 300
112 301
112 179
112 302
112 180
112 208
112 303
112 375
112 403
112 209
112 404
112 210
112 405
112 211
112 406
112 212
112 312
112 407
112 213
112 313
112 392
112 214
112 293
112 314
112 393
112 215
112 294
112 315
113 219
113 118
113 218
113 117
113 116
113 319
113 220
113 318
113 329
113 317
113 328
113 316
113 134
113 115
113 114
114 328
114 329
114 318
114 319
114 316
114 317
114 320
114 120
114 118
114 220
114 116
114 218
114 117
114 219
114 115
115 135
115 134
115 137
115 136
115 138
115 251
115 320
115 219
115 218
115 317
115 316
115 220
115 319
115 318
115 329
115 233
115 328
115 232
115 117
115 331
115 235
115 152
115 116
115 330
115 234
115 118
115 334
115 133
116 316
116 328
116 317
116 329
116 318
116 330
116 319
116 133
116 134
116 135
116 117
116 118
116 218
116 219
116 136
116 137
116 232
116 233
116 234
117 138
117 119
117 137
117 118
117 136
117 221
117 220
117 219
117 218
117 238
117 319
117 237
117 318
117 236
117 317
117 235
117 316
117 135
117 322
117 134
117 120
117 233
117 321
117 133
117 232
117 320
117 152
117 334
117 333
117 331
117 330
117 329
117 328
118 120
118 134
118 330
118 328
118 329
118 334
118 218
118 219
118 318
118 322
118 319
118 316
118 320
118 317
118 136
118 321
118 220
119 334
119 138
119 221
119 331
119 220
119 223
119 222
119 321
119 408
119 237
119 320
119 241
119 236
119 323
119 240
119 322
119 125
119 127
119 121
119 319
119 120
119 318
119 123
119 225
119 122
119 224
119 140
119 227
119 333
119 337
119 332
120 322
120 408
120 219
120 220
120 331
120 221
120 332
120 138
120 222
120 333
120 223
120 334
120 224
120 225
120 121
120 122
120 317
120 123
120 318
120 235
120 319
120 236
120 320
120 237
120 321
121 223
121 222
121 335
121 221
121 333
121 227
121 332
121 226
121 225
121 338
121 224
121 337
121 336
121 123
121 122
121 408
121 127
121 323
121 125
121 322
121 124
121 237
121 321
121 236
121 243
121 143
121 242
121 142
121 241
121 141
121 325
121 240
121 140
121 324
121 331
122 224
122 225
122 238
122 239
122 236
122 237
122 318
122 235
122 336
122 127
122 337
122 258
122 154
122 125
122 348
122 257
122 123
122 222
122 347
122 223
122 243
122 220
122 240
122 221
122 142
122 241
122 322
122 408
122 323
122 140
122 320
122 141
122 321
122 138
122 334
122 139
122 335
122 136
122 332
122 333
122 226
122 331
122 227
123 221
123 132
123 223
123 222
123 241
123 332
123 240
123 335
123 321
123 408
123 323
123 322
123 325
123 324
123 225
123 141
123 224
123 140
123 125
123 227
123 143
123 124
123 226
123 142
123 127
123 337
124 225
124 226
124 223
124 227
124 323
124 142
124 143
124 147
124 132
124 341
124 246
124 128
124 125
124 129
124 126
124 130
124 241
124 127
124 131
124 338
124 339
124 228
124 324
124 229
124 325
124 230
124 326
124 327
125 246
125 127
125 244
125 126
125 335
125 243
125 339
125 242
125 338
125 241
125 337
125 240
125 143
125 142
125 141
125 140
125 327
125 230
125 229
125 325
125 228
125 324
125 223
125 227
125 323
125 222
125 226
125 221
125 225
125 224
125 132
125 408
126 247
126 128
126 357
126 244
126 129
126 338
126 245
126 339
126 335
126 132
126 337
126 340
126 341
126 146
126 142
126 147
126 226
126 143
126 144
126 227
126 145
126 141
126 263
126 260
126 230
126 148
126 231
126 228
126 229
126 323
126 326
126 327
126 242
126 324
126 243
126 325
126 353
126 240
126 127
126 241
126 130
126 246
126 131
127 229
127 228
127 230
127 225
127 224
127 132
127 227
127 325
127 226
127 324
127 131
127 323
127 143
127 142
127 241
127 335
127 240
127 223
127 222
127 337
127 408
127 339
127 338
128 143
128 129
128 130
128 131
128 132
128 341
128 246
128 144
128 324
128 228
128 147
128 325
128 229
128 326
128 230
128 327
128 231
129 358
129 357
129 147
129 327
129 146
129 326
129 145
129 325
129 144
129 324
129 242
129 148
129 143
129 247
129 246
129 245
129 244
129 131
129 130
129 339
129 338
129 226
129 132
129 341
129 340
129 231
129 263
129 230
129 229
129 228
129 260
130 341
130 230
130 231
130 228
130 229
130 147
130 144
130 326
130 327
130 324
130 325
130 132
130 246
130 131
131 327
131 326
131 132
131 341
131 229
131 228
131 231
131 230
131 144
131 147
131 143
131 246
131 325
131 324
132 231
132 147
132 338
132 339
132 226
132 227
132 244
132 245
132 246
132 324
132 325
132 241
132 326
132 327
132 323
132 142
132 143
132 341
132 228
132 144
132 229
132 230
133 219
133 218
133 317
133 316
133 330
133 329
133 150
133 328
133 149
133 137
133 234
133 233
133 232
133 152
133 135
133 251
133 134
133 250
133 249
133 248
134 250
134 149
134 251
134 318
134 248
134 319
134 249
134 136
134 316
134 137
134 218
134 317
134 219
134 343
134 330
134 328
134 329
134 135
134 152
134 234
134 235
134 232
134 233
134 150
135 343
135 219
135 342
135 218
135 265
135 264
135 168
135 317
135 361
135 137
135 316
135 136
135 318
135 362
135 238
135 329
135 233
135 328
135 232
135 235
135 330
135 234
135 153
135 253
135 152
135 149
135 249
135 248
135 151
135 251
135 150
135 250
136 330
136 318
136 331
136 319
136 332
136 333
136 334
136 232
136 233
136 234
136 343
136 235
136 344
136 236
136 237
136 346
136 137
136 238
136 347
136 138
136 348
136 139
136 218
136 219
136 320
136 220
136 321
136 221
136 322
136 152
136 253
136 153
136 154
136 328
136 316
136 156
136 329
136 257
136 317
137 252
137 265
137 151
137 149
137 154
137 235
137 331
137 153
137 234
137 330
137 152
137 233
137 329
137 232
137 328
137 238
137 334
137 362
137 156
137 237
137 333
137 361
137 236
137 219
137 343
137 218
137 342
137 319
137 251
137 318
137 250
137 346
137 257
137 317
137 249
137 256
137 316
137 248
137 344
137 139
137 138
137 254
137 253
138 239
138 236
138 332
138 237
138 333
138 330
138 343
138 235
138 331
138 232
138 140
138 329
138 222
138 257
138 139
138 220
138 240
138 336
138 221
138 219
138 255
138 348
138 253
138 408
138 346
138 347
138 156
138 154
138 322
138 318
138 319
138 224
138 320
138 321
138 317
138 238
138 334
139 345
139 141
139 344
139 241
139 140
139 347
139 274
139 240
139 318
139 346
139 408
139 243
139 349
139 170
139 348
139 351
139 350
139 337
139 336
139 155
139 154
139 235
139 157
139 156
139 237
139 343
139 236
139 257
139 239
139 256
139 238
139 331
139 258
139 224
139 330
139 333
139 332
139 221
139 335
139 334
139 321
139 222
139 253
139 252
139 273
139 255
140 257
140 237
140 258
140 238
140 336
140 239
140 337
140 338
140 141
140 142
140 332
140 235
140 143
140 333
140 334
140 221
140 335
140 222
140 223
140 224
140 225
140 331
140 408
140 226
140 255
140 227
140 157
140 158
140 348
140 349
140 321
140 350
140 351
140 154
140 162
140 353
140 240
140 346
140 241
140 347
140 242
140 243
140 236
141 241
141 349
141 159
141 240
141 348
141 158
141 239
141 356
141 347
141 157
141 237
141 236
141 353
141 154
141 352
141 162
141 160
141 223
141 222
141 339
141 338
141 337
141 255
141 336
141 227
141 408
141 335
141 226
141 225
141 143
141 224
141 332
141 142
141 258
141 246
141 245
141 244
141 325
141 243
141 324
141 351
141 242
141 323
142 226
142 325
142 227
142 224
142 147
142 258
142 225
142 259
142 230
142 222
142 223
142 335
142 229
142 148
142 332
142 162
142 338
142 160
142 339
142 336
142 337
142 239
142 158
142 242
142 157
142 243
142 408
142 240
142 241
142 352
142 246
142 353
142 244
142 323
142 351
142 245
142 349
142 143
142 327
142 324
143 335
143 148
143 145
143 341
143 245
143 144
143 244
143 147
143 247
143 246
143 157
143 337
143 241
143 336
143 240
143 339
143 243
143 338
143 242
143 160
143 351
143 353
143 325
143 229
143 324
143 228
143 327
143 223
143 230
143 408
143 225
143 323
143 227
143 226
144 260
144 261
144 166
144 263
144 357
144 358
144 359
144 228
144 229
144 326
144 230
144 327
144 231
144 145
144 146
144 147
144 148
144 339
144 340
144 244
144 341
144 245
144 246
144 247
145 357
145 148
145 327
145 231
145 230
145 229
145 259
145 163
145 161
145 160
145 339
145 263
145 338
145 242
145 262
145 166
145 372
145 261
145 165
145 260
145 164
145 247
145 246
145 341
145 245
145 340
145 244
145 284
145 355
145 147
145 353
145 146
145 352
145 359
145 358
146 230
146 262
146 231
146 263
146 228
146 260
146 229
146 261
146 358
146 259
146 359
146 357
146 148
146 327
146 246
146 147
146 247
146 244
146 245
146 166
146 164
146 340
146 341
146 339
147 325
147 324
147 327
147 326
147 357
147 358
147 242
147 245
147 244
147 247
147 246
147 339
147 338
147 166
147 341
147 340
147 260
147 226
147 263
147 229
147 228
147 231
147 230
147 148
148 247
148 259
148 242
148 340
148 243
148 341
148 372
148 338
148 229
148 157
148 339
148 177
148 230
148 231
148 369
148 351
148 226
148 164
148 327
148 165
148 166
148 356
148 284
148 357
148 160
148 358
148 161
148 359
148 162
148 352
148 260
148 163
148 353
148 261
148 244
148 354
148 262
148 245
148 173
148 355
148 263
148 246
149 267
149 153
149 266
149 152
149 265
149 167
149 264
149 254
149 253
149 252
149 328
149 251
149 343
149 250
149 286
149 342
149 249
149 362
149 151
149 248
149 361
149 150
149 360
149 169
149 168
149 234
149 233
149 232
149 268
150 234
150 232
150 233
150 151
150 183
150 168
150 342
150 286
150 343
150 250
150 251
150 362
150 248
150 249
150 360
150 254
150 361
150 266
150 167
150 152
150 267
150 153
150 264
150 265
151 276
151 152
151 269
151 268
151 272
151 344
151 271
151 275
151 270
151 186
151 265
151 264
151 253
151 410
151 267
151 252
151 343
151 183
151 266
151 342
151 378
151 254
151 249
151 248
151 251
151 250
151 169
151 256
151 168
151 361
151 360
151 167
151 362
151 238
151 156
151 232
151 234
151 153
152 256
152 257
152 153
152 342
152 343
152 156
152 248
152 249
152 250
152 251
152 264
152 168
152 252
152 265
152 253
152 266
152 254
152 267
152 218
152 268
152 219
152 361
152 362
152 271
152 328
152 232
152 329
152 233
152 330
152 234
152 235
152 334
152 238
152 318
153 272
153 254
153 253
153 252
153 276
153 362
153 361
153 360
153 235
153 330
153 234
153 155
153 154
153 257
153 232
153 256
153 167
153 238
153 156
153 267
153 266
153 170
153 265
153 169
153 264
153 168
153 343
153 271
153 342
153 270
153 269
153 268
153 251
153 275
153 346
153 250
153 249
153 273
153 344
153 248
154 155
154 255
154 343
154 252
154 253
154 336
154 170
154 337
154 258
154 350
154 351
154 256
154 348
154 257
154 349
154 238
154 346
154 239
154 347
154 236
154 344
154 237
154 345
154 235
154 278
154 334
154 335
154 276
154 332
154 408
154 333
154 158
154 274
154 409
154 330
154 243
154 275
154 331
154 156
154 240
154 157
154 273
154 162
155 363
155 280
155 238
155 158
155 365
155 364
155 171
155 343
155 366
155 170
155 273
155 272
155 275
155 274
155 277
155 276
155 253
155 278
155 252
155 269
155 255
155 268
155 409
155 254
155 271
155 270
155 381
155 345
155 257
155 380
155 344
155 256
155 187
155 347
155 346
155 258
155 349
155 348
155 351
155 350
155 361
155 281
155 336
155 239
155 156
156 362
156 334
156 253
156 254
156 256
156 255
156 257
156 318
156 330
156 331
156 170
156 236
156 237
156 238
156 276
156 239
156 348
156 232
156 349
156 350
156 268
156 235
156 344
156 269
156 273
156 345
156 274
156 346
156 271
156 275
156 347
156 265
156 343
156 332
156 361
156 333
156 252
157 244
157 239
157 243
157 159
157 242
157 408
157 158
157 241
157 351
157 240
157 350
157 349
157 348
157 347
157 259
157 346
157 258
157 345
157 173
157 226
157 364
157 335
157 339
157 255
157 338
157 282
157 337
157 332
157 336
157 165
157 163
157 278
157 162
157 356
157 161
157 355
157 160
157 354
157 353
157 274
157 352
157 245
158 336
158 281
158 337
158 242
158 243
158 258
158 239
158 346
158 240
158 259
158 347
158 345
158 354
158 350
158 244
158 355
158 351
158 352
158 162
158 348
158 353
158 163
158 349
158 159
158 160
158 161
158 356
158 274
158 255
158 409
158 165
158 170
158 273
158 171
158 278
158 370
158 366
158 279
158 368
158 364
158 277
158 369
158 365
158 175
158 282
158 338
158 172
158 283
158 173
158 335
158 280
159 345
159 172
159 243
159 356
159 175
159 242
159 174
159 358
159 181
159 274
159 353
159 180
159 255
159 352
159 171
159 355
159 385
159 354
159 177
159 365
159 176
159 281
159 364
159 179
159 280
159 367
159 178
159 283
159 366
159 282
159 372
159 375
159 374
159 263
159 369
159 368
159 370
159 259
159 165
159 258
159 164
159 239
159 336
159 166
159 299
159 161
159 244
159 298
159 349
159 160
159 277
159 163
159 409
159 351
159 162
159 279
159 350
159 173
159 278
160 336
160 176
160 177
160 338
160 178
160 339
160 368
160 181
160 258
160 369
160 259
160 370
160 260
160 172
160 261
160 372
160 173
160 174
160 263
160 374
160 242
160 335
160 175
160 280
160 243
160 364
160 244
160 161
160 365
160 282
160 245
160 162
160 366
160 283
160 163
160 164
160 352
160 165
160 353
160 166
160 354
160 355
160 239
160 356
160 358
160 359
160 349
160 278
160 350
160 351
161 372
161 367
161 279
161 366
161 278
161 365
161 245
161 364
161 244
161 304
161 355
161 299
161 354
161 179
161 298
161 353
161 178
161 352
161 177
161 359
161 176
161 259
161 358
161 258
161 357
161 356
161 181
161 351
161 180
161 263
161 350
161 175
161 262
161 349
161 174
161 261
161 173
161 260
161 172
161 283
161 163
161 282
161 162
161 280
161 385
161 370
161 166
161 369
161 285
161 165
161 368
161 284
161 164
161 375
161 243
161 374
161 242
162 177
162 345
162 170
162 244
162 245
162 242
162 338
162 263
162 239
162 335
162 243
162 339
162 240
162 336
162 165
162 241
162 337
162 258
162 409
162 366
162 163
162 259
162 370
162 364
162 368
162 365
162 369
162 282
162 283
162 280
162 356
162 278
162 350
162 354
162 279
162 255
162 351
162 355
162 348
162 352
162 349
162 174
162 353
162 274
162 175
162 347
162 172
162 173
163 369
163 365
163 244
163 368
163 364
163 247
163 367
163 370
163 366
163 177
163 173
163 372
163 176
163 172
163 375
163 179
163 175
163 299
163 374
163 178
163 174
163 349
163 298
163 181
163 180
163 351
163 350
163 278
163 280
163 283
163 282
163 353
163 285
163 352
163 284
163 355
163 354
163 357
163 356
163 359
163 259
163 358
163 258
163 165
163 261
163 164
163 260
163 243
163 339
163 263
163 242
163 338
163 166
163 262
163 245
164 368
164 261
164 369
164 262
164 173
164 263
164 174
164 371
164 180
164 181
164 259
164 182
164 376
164 176
164 177
164 178
164 179
164 356
164 357
164 244
164 358
164 245
164 303
164 359
164 352
164 247
164 353
164 298
164 354
164 284
164 355
164 304
164 340
164 285
164 165
164 166
164 372
164 373
164 282
164 374
164 283
164 375
164 260
165 285
165 166
165 376
165 284
165 304
165 359
165 283
165 358
165 247
165 282
165 357
165 356
165 245
165 355
165 244
165 263
165 354
165 262
165 175
165 353
165 242
165 261
165 174
165 352
165 260
165 173
165 367
165 259
165 172
165 366
165 340
165 182
165 364
165 181
165 375
165 180
165 374
165 179
165 373
165 178
165 372
165 351
165 177
165 371
165 303
165 176
165 370
165 278
165 369
165 194
165 368
165 299
165 385
165 298
166 371
166 340
166 178
166 369
166 374
166 259
166 375
166 177
166 372
166 182
166 373
166 262
166 283
166 180
166 263
166 181
166 260
166 261
166 284
166 285
166 174
166 247
166 354
166 244
166 355
166 173
166 245
166 352
166 353
166 358
166 359
166 376
166 356
166 357
167 272
167 250
167 275
167 361
167 269
167 360
167 268
167 271
167 362
167 185
167 270
167 184
167 265
167 264
167 186
167 267
167 266
167 410
167 380
167 183
167 377
167 379
167 287
167 342
167 378
167 286
167 289
167 288
167 169
167 252
167 168
167 254
168 360
168 254
168 361
168 362
168 183
168 286
168 184
168 186
168 234
168 264
168 265
168 342
168 266
168 343
168 267
168 410
168 268
168 270
168 271
168 169
168 248
168 249
168 250
168 251
169 183
169 276
169 187
169 186
169 185
169 184
169 291
169 287
169 379
169 343
169 286
169 378
169 342
169 289
169 377
169 288
169 250
169 256
169 380
169 410
169 254
169 253
169 252
169 267
169 266
169 265
169 264
169 275
169 271
169 363
169 270
169 362
169 269
169 361
169 272
169 268
169 360
170 380
170 271
170 336
170 409
170 381
170 268
170 172
170 269
170 350
170 254
170 278
170 351
170 255
170 279
170 171
170 348
170 252
170 276
170 349
170 253
170 277
170 346
170 274
170 347
170 275
170 344
170 272
170 345
170 273
170 190
170 366
170 187
170 364
170 280
170 365
170 281
170 238
170 363
170 239
170 291
170 258
170 256
170 257
170 270
171 195
171 282
171 356
171 255
171 273
171 381
171 345
171 272
171 380
171 344
171 275
171 383
171 274
171 382
171 173
171 277
171 172
171 349
171 296
171 276
171 368
171 385
171 175
171 279
171 384
171 278
171 370
171 350
171 386
171 409
171 269
171 187
171 291
171 363
171 290
171 189
171 293
171 188
171 365
171 191
171 364
171 295
171 190
171 367
171 294
171 366
171 281
171 402
171 176
171 193
171 280
171 192
171 283
172 295
172 372
172 345
172 374
172 375
172 368
172 180
172 369
172 181
172 370
172 364
172 259
172 176
172 280
172 365
172 177
172 281
172 366
172 178
172 282
172 367
172 179
172 283
172 304
172 173
172 277
172 174
172 278
172 175
172 279
172 356
172 273
172 388
172 274
172 192
172 352
172 381
172 193
172 297
172 382
172 194
172 354
172 384
172 298
172 383
172 195
172 355
172 385
172 299
172 386
172 189
172 349
172 293
172 190
172 350
172 409
172 191
172 351
173 299
173 298
173 370
173 369
173 368
173 367
173 366
173 365
173 181
173 364
173 180
173 263
173 179
173 262
173 178
173 261
173 177
173 194
173 176
173 193
173 259
173 359
173 175
173 192
173 258
173 358
173 285
173 174
173 284
173 356
173 245
173 283
173 355
173 244
173 282
173 354
173 243
173 353
173 242
173 280
173 352
173 279
173 351
173 278
173 350
173 277
173 349
173 304
173 376
173 386
173 375
173 385
173 374
173 373
173 372
174 194
174 301
174 278
174 385
174 195
174 279
174 390
174 192
174 391
174 193
174 304
174 388
174 198
174 282
174 389
174 199
174 366
174 283
174 196
174 367
174 280
174 197
174 364
174 392
174 365
174 175
174 259
174 370
174 371
174 284
174 368
174 178
174 285
174 262
174 369
174 179
174 263
174 374
174 176
174 375
174 177
174 261
174 372
174 182
174 373
174 180
174 295
174 181
174 376
174 293
174 298
174 354
174 299
174 355
174 352
174 358
174 386
174 303
174 359
174 387
174 189
174 300
174 356
174 384
175 301
175 372
175 191
175 300
175 375
175 190
175 374
175 369
175 277
175 297
175 368
175 389
175 409
175 279
175 388
175 299
175 370
175 278
175 298
175 381
175 390
175 385
175 383
175 384
175 382
175 387
175 285
175 386
175 211
175 356
175 376
175 210
175 304
175 281
175 352
175 280
175 355
175 197
175 283
175 354
175 196
175 181
175 282
175 365
175 180
175 293
175 364
175 198
175 405
175 367
175 193
175 295
175 366
175 192
175 177
175 294
175 195
175 176
175 194
175 179
175 178
175 189
176 366
176 389
176 367
176 390
176 352
176 189
176 190
176 297
176 354
176 191
176 298
176 355
176 299
176 376
176 356
176 177
176 300
176 178
176 301
176 179
176 192
176 302
176 180
176 259
176 193
176 303
176 280
176 181
176 194
176 281
176 182
176 195
176 282
176 405
176 196
176 283
176 197
176 368
176 198
176 369
176 285
176 313
176 392
176 199
176 293
176 370
176 371
176 295
176 372
176 373
176 374
176 375
176 210
176 304
176 277
176 211
176 384
176 278
176 385
176 279
176 386
176 364
176 387
176 365
176 388
177 353
177 390
177 352
177 192
177 359
177 358
177 198
177 197
177 304
177 376
177 356
177 179
177 178
177 299
177 371
177 298
177 182
177 370
177 181
177 369
177 180
177 368
177 259
177 303
177 375
177 374
177 301
177 373
177 283
177 372
177 263
177 282
177 262
177 392
177 261
177 280
177 260
177 367
177 285
177 366
177 284
177 365
177 386
177 364
177 385
177 355
177 354
177 194
178 374
178 282
178 375
178 392
178 283
178 372
178 393
178 280
178 373
178 390
178 370
178 391
178 371
178 388
178 279
178 368
178 389
178 369
178 386
178 366
178 387
178 367
178 384
178 364
178 385
178 365
178 182
178 304
178 180
178 181
178 358
178 198
178 302
178 359
178 199
178 303
178 179
178 356
178 196
178 300
178 197
178 301
178 354
178 194
178 262
178 298
178 355
178 195
178 263
178 299
178 352
178 192
178 193
178 261
178 259
178 295
178 376
178 284
178 285
179 192
179 299
179 195
179 355
179 298
179 194
179 354
179 301
179 197
179 300
179 196
179 405
179 303
179 199
179 302
179 198
179 407
179 181
179 180
179 304
179 182
179 365
179 385
179 364
179 384
179 367
179 387
179 366
179 189
179 313
179 386
179 369
179 389
179 368
179 315
179 279
179 388
179 211
179 371
179 391
179 210
179 370
179 390
179 373
179 280
179 393
179 212
179 372
179 283
179 392
179 375
179 282
179 214
179 374
179 293
179 285
179 284
179 376
179 295
179 297
179 193
180 285
180 367
180 315
180 261
180 392
180 262
180 282
180 393
180 212
180 372
180 283
180 300
180 373
180 301
180 214
180 374
180 302
180 375
180 303
180 259
180 368
180 369
180 181
180 370
180 182
180 298
180 371
180 299
180 196
180 376
180 304
180 197
180 198
180 358
180 388
180 199
180 359
180 389
180 192
180 352
180 390
180 193
180 391
180 194
180 354
180 384
180 195
180 355
180 385
180 364
180 386
180 284
180 387
181 304
181 375
181 374
181 373
181 372
181 371
181 393
181 370
181 199
181 392
181 285
181 369
181 198
181 284
181 368
181 197
181 263
181 283
181 262
181 282
181 261
181 182
181 194
181 303
181 259
181 359
181 192
181 358
181 301
181 300
181 356
181 376
181 299
181 355
181 298
181 354
181 391
181 352
181 390
181 367
181 389
181 388
181 387
181 364
181 386
181 385
182 212
182 262
182 371
182 392
182 315
182 368
182 393
182 369
182 261
182 374
182 375
182 194
182 283
182 372
182 373
182 198
182 199
182 304
182 284
182 390
182 285
182 298
182 197
182 391
182 299
182 389
182 358
182 302
182 359
182 303
182 301
182 376
183 286
183 201
183 305
183 394
183 200
183 377
183 203
183 202
183 379
183 185
183 378
183 184
183 269
183 268
183 186
183 271
183 270
183 265
183 264
183 267
183 254
183 266
183 289
183 342
183 361
183 288
183 360
183 250
183 362
183 410
183 287
183 396
184 305
184 378
184 379
184 394
184 396
184 286
184 287
184 360
184 288
184 289
184 264
184 266
184 200
184 267
184 201
184 202
184 185
184 203
184 186
184 270
184 410
185 270
185 268
185 380
185 272
185 394
185 203
185 306
185 202
185 305
185 201
185 360
185 200
185 397
185 396
185 204
185 287
185 286
185 186
185 289
185 288
185 410
185 267
185 266
185 379
185 378
185 377
186 204
186 342
186 362
186 202
186 270
186 203
186 271
186 360
186 200
186 268
186 288
186 361
186 201
186 410
186 269
186 289
186 266
186 267
186 264
186 265
186 396
186 380
186 272
186 394
186 378
186 286
186 254
186 379
186 287
186 377
186 305
187 206
187 289
187 291
187 400
187 363
187 290
187 281
187 293
187 402
187 365
187 280
187 292
187 295
187 294
187 366
187 189
187 188
187 191
187 396
187 190
187 273
187 345
187 272
187 275
187 274
187 277
187 377
187 276
187 279
187 379
187 269
187 378
187 268
187 381
187 296
187 409
187 271
187 380
187 270
187 383
187 382
187 256
187 204
188 306
188 307
188 296
188 380
188 292
188 381
188 293
188 382
188 294
188 383
188 204
188 208
188 295
188 205
188 377
188 206
188 189
188 396
188 289
188 400
188 378
188 207
188 190
188 397
188 290
188 401
188 379
188 191
188 287
188 398
188 291
188 402
188 399
188 403
188 281
188 203
188 395
188 277
188 272
188 308
188 363
189 279
189 385
189 278
189 207
189 384
189 211
189 277
189 206
189 210
189 312
189 209
189 311
189 383
189 208
189 382
189 309
189 381
189 308
189 409
189 300
189 406
189 299
189 196
189 405
189 375
189 298
189 191
189 195
189 297
189 190
189 194
189 403
189 296
189 193
189 402
189 295
189 367
189 192
189 401
189 294
189 366
189 370
189 293
189 365
189 364
189 368
189 291
189 363
189 290
189 283
189 282
189 388
189 281
189 387
189 280
189 386
190 290
190 363
190 291
190 409
190 370
190 366
190 294
190 194
190 367
190 295
190 368
190 195
190 364
190 292
190 192
190 386
190 365
190 293
190 193
190 274
190 384
190 299
190 385
190 272
190 345
190 296
190 273
190 297
190 278
190 388
190 279
190 307
190 191
190 277
190 382
190 282
190 210
190 383
190 206
190 380
190 207
190 280
190 208
190 402
190 381
190 281
190 403
190 401
191 377
191 210
191 291
191 290
191 277
191 409
191 279
191 273
191 297
191 272
191 308
191 296
191 299
191 365
191 385
191 364
191 307
191 384
191 367
191 193
191 281
191 366
191 386
191 192
191 280
191 195
191 194
191 363
191 399
191 205
191 398
191 312
191 207
191 206
191 370
191 293
191 381
191 401
191 292
191 380
191 400
191 295
191 383
191 403
191 209
191 294
191 382
191 402
191 208
192 207
192 382
192 299
192 311
192 386
192 383
192 300
192 387
192 193
192 368
192 301
192 277
192 388
192 194
192 369
192 302
192 389
192 195
192 370
192 279
192 390
192 196
192 197
192 198
192 199
192 374
192 375
192 364
192 293
192 365
192 294
192 366
192 295
192 367
192 312
192 313
192 314
192 402
192 208
192 280
192 403
192 209
192 281
192 404
192 210
192 282
192 405
192 211
192 283
192 406
192 212
192 304
192 214
192 215
192 296
192 297
192 309
192 384
192 381
192 298
192 310
192 385
193 367
193 280
193 405
193 366
193 404
193 365
193 364
193 304
193 299
193 311
193 298
193 310
193 387
193 297
193 309
193 386
193 211
193 296
193 308
193 385
193 210
193 279
193 384
193 209
193 302
193 278
193 208
193 301
193 277
193 390
193 300
193 389
193 214
193 388
193 290
193 207
193 383
193 295
193 382
193 294
193 381
193 293
193 195
193 194
193 370
193 314
193 369
193 403
193 313
193 368
193 402
193 312
193 198
193 375
193 401
193 283
193 197
193 374
193 282
193 196
193 281
193 406
194 403
194 210
194 211
194 208
194 314
194 209
194 354
194 392
194 315
194 393
194 312
194 390
194 313
194 285
194 391
194 310
194 282
194 382
194 388
194 311
194 198
194 283
194 383
194 389
194 199
194 280
194 386
194 309
194 196
194 302
194 387
194 197
194 303
194 384
194 279
194 300
194 385
194 304
194 195
194 376
194 301
194 277
194 298
194 374
194 299
194 375
194 372
194 297
194 373
194 294
194 366
194 370
194 295
194 367
194 371
194 364
194 368
194 293
194 406
194 365
194 369
194 407
194 404
194 214
194 405
194 215
194 212
195 312
195 216
195 390
195 279
195 314
195 281
195 280
195 283
195 401
195 282
195 403
195 402
195 405
195 290
195 365
195 404
195 293
195 197
195 368
195 364
195 407
195 196
195 367
195 406
195 295
195 199
195 370
195 366
195 294
195 198
195 297
195 296
195 375
195 299
195 298
195 209
195 301
195 304
195 208
195 300
195 211
195 207
195 210
195 385
195 302
195 381
195 309
195 384
195 308
195 212
195 387
195 383
195 311
195 215
195 386
195 382
195 310
195 214
195 389
195 313
195 388
195 277
196 210
196 385
196 315
196 211
196 386
196 387
196 293
196 294
196 295
196 216
196 376
196 404
196 217
196 392
196 405
196 393
196 406
196 300
196 407
196 301
196 197
196 302
196 198
196 303
196 199
196 403
196 309
196 297
196 310
196 298
196 311
196 299
196 304
196 207
196 367
196 212
196 213
196 388
196 214
196 389
196 215
196 375
196 390
196 312
196 208
196 368
196 391
196 313
196 209
196 384
196 314
197 304
197 199
197 198
197 391
197 390
197 389
197 315
197 388
197 314
197 387
197 313
197 285
197 386
197 312
197 385
197 384
197 215
197 375
197 214
197 374
197 213
197 373
197 212
197 406
197 211
197 371
197 405
197 393
197 303
197 210
197 404
197 392
197 302
197 301
197 368
197 407
197 300
197 311
197 299
197 310
197 298
197 309
197 297
197 217
197 216
197 376
198 314
198 407
198 315
198 404
198 295
198 367
198 312
198 405
198 313
198 293
198 199
198 216
198 217
198 392
198 283
198 393
198 304
198 210
198 376
198 211
198 386
198 285
198 310
198 387
198 311
198 384
198 214
198 385
198 309
198 215
198 390
198 298
198 212
198 391
198 299
198 213
198 388
198 371
198 389
198 368
198 297
198 302
198 374
198 303
198 375
198 300
198 301
198 373
198 406
199 213
199 212
199 299
199 215
199 405
199 298
199 214
199 404
199 376
199 407
199 211
199 373
199 210
199 375
199 374
199 313
199 285
199 312
199 371
199 315
199 314
199 393
199 309
199 392
199 310
199 389
199 388
199 304
199 391
199 390
199 385
199 301
199 384
199 217
199 300
199 387
199 216
199 303
199 386
199 302
199 297
200 305
200 306
200 287
200 394
200 395
200 201
200 396
200 202
200 397
200 203
200 204
200 288
200 410
201 410
201 203
201 202
201 379
201 306
201 204
201 305
201 287
201 286
201 395
201 394
201 397
201 396
201 289
201 288
202 410
202 379
202 288
202 289
202 286
202 306
202 396
202 287
202 397
202 394
202 204
202 305
202 395
202 203
203 305
203 410
203 307
203 306
203 205
203 204
203 206
203 400
203 377
203 379
203 378
203 289
203 380
203 395
203 288
203 394
203 291
203 397
203 396
203 399
203 292
203 287
204 305
204 377
204 306
204 378
204 307
204 379
204 205
204 206
204 296
204 292
204 400
204 401
204 287
204 288
204 396
204 289
204 397
204 290
204 398
204 291
204 399
204 394
204 272
204 395
204 380
205 395
205 308
205 307
205 306
205 383
205 382
205 296
205 379
205 403
205 294
205 377
205 208
205 402
205 207
205 401
205 292
205 206
205 400
205 291
205 399
205 290
205 398
205 397
205 396
206 397
206 402
206 294
206 403
206 400
206 379
206 292
206 401
206 293
206 377
206 382
206 383
206 296
206 381
206 207
206 306
206 307
206 210
206 208
206 209
206 308
206 395
206 398
206 290
206 399
206 291
206 396
207 399
207 398
207 293
207 313
207 312
207 295
207 294
207 215
207 405
207 314
207 404
207 209
207 208
207 406
207 290
207 211
207 401
207 210
207 300
207 403
207 402
207 297
207 296
207 388
207 309
207 308
207 383
207 311
207 382
207 310
207 384
207 386
207 307
208 313
208 406
208 293
208 314
208 294
208 295
208 398
208 399
208 307
208 384
208 308
208 385
208 309
208 386
208 310
208 387
208 311
208 388
208 296
208 389
208 297
208 300
208 209
208 210
208 211
208 401
208 402
208 382
208 403
208 290
208 383
208 404
208 312
208 215
208 405
209 404
209 214
209 311
209 383
209 310
209 382
209 309
209 398
209 308
209 387
209 297
209 386
209 384
209 302
209 300
209 389
209 388
209 216
209 295
209 314
209 294
209 403
209 313
209 293
209 402
209 312
209 401
209 211
209 210
209 406
209 405
209 215
209 307
210 406
210 407
210 404
210 314
210 405
210 402
210 312
210 403
210 313
210 310
210 367
210 401
210 311
210 398
210 308
210 309
210 216
210 279
210 214
210 215
210 302
210 212
210 390
210 300
210 301
210 382
210 211
210 388
210 298
210 383
210 389
210 299
210 386
210 296
210 387
210 297
210 384
210 294
210 385
210 295
210 293
211 386
211 299
211 389
211 298
211 388
211 301
211 391
211 212
211 300
211 390
211 375
211 215
211 393
211 214
211 302
211 392
211 217
211 216
211 304
211 309
211 308
211 383
211 311
211 382
211 310
211 313
211 403
211 312
211 402
211 315
211 405
211 314
211 404
211 407
211 406
211 293
211 367
211 295
211 385
211 294
211 384
211 297
211 387
211 368
212 390
212 299
212 391
212 384
212 213
212 309
212 385
212 214
212 310
212 386
212 215
212 311
212 387
212 304
212 392
212 393
212 375
212 216
212 312
212 404
212 217
212 313
212 405
212 314
212 406
212 315
212 371
212 407
212 300
212 376
212 301
212 302
212 303
212 388
212 297
212 389
212 298
213 302
213 301
213 300
213 391
213 217
213 390
213 216
213 389
213 310
213 309
213 215
213 393
213 214
213 392
213 315
213 407
213 314
213 313
213 405
213 404
214 298
214 310
214 299
214 311
214 297
214 309
214 302
214 303
214 371
214 300
214 406
214 301
214 407
214 392
214 404
214 393
214 405
214 375
214 216
214 217
214 386
214 387
214 314
214 384
214 315
214 385
214 312
214 390
214 313
214 391
214 388
214 389
214 215
214 304
214 376
215 387
215 312
215 315
215 314
215 309
215 217
215 216
215 311
215 310
215 301
215 300
215 405
215 302
215 404
215 297
215 407
215 406
215 403
215 393
215 389
215 388
215 391
215 390
215 384
215 313
216 404
216 405
216 297
216 406
216 217
216 407
216 300
216 301
216 302
216 387
216 388
216 389
216 390
216 309
216 391
216 310
216 392
216 311
216 393
216 312
216 313
216 314
216 315
217 303
217 302
217 407
217 301
217 300
217 405
217 404
217 311
217 310
217 387
217 309
217 315
217 314
217 391
217 313
217 390
217 312
217 389
217 388
217 393
217 392
218 251
218 248
218 249
218 219
218 330
218 328
218 329
218 234
218 232
218 233
218 318
218 319
218 316
218 317
219 322
219 220
219 329
219 233
219 328
219 232
219 331
219 235
219 330
219 234
219 333
219 237
219 236
219 334
219 238
219 317
219 321
219 316
219 320
219 319
219 318
220 317
220 221
220 318
220 222
220 319
220 236
220 333
220 237
220 334
220 331
220 235
220 320
220 224
220 321
220 322
221 223
221 323
221 222
221 322
221 321
221 320
221 237
221 241
221 236
221 240
221 235
221 335
221 334
221 333
221 337
221 332
221 319
221 227
221 408
221 331
221 318
221 225
221 224
222 321
222 239
222 240
222 236
222 241
222 237
222 331
222 334
222 335
222 336
222 332
222 337
222 333
222 226
222 408
222 227
222 223
222 224
222 225
222 322
222 318
222 235
222 323
222 320
223 322
223 333
223 332
223 335
223 331
223 337
223 336
223 225
223 339
223 224
223 338
223 227
223 226
223 237
223 236
223 408
223 325
223 241
223 324
223 240
223 243
223 242
223 321
223 323
224 240
224 241
224 336
224 337
224 236
224 237
224 225
224 331
224 226
224 332
224 227
224 333
224 334
224 335
224 408
224 320
224 321
224 322
224 323
224 325
225 332
225 323
225 322
225 321
225 241
225 325
225 240
225 324
225 237
225 236
225 227
225 226
225 338
225 337
225 408
225 335
226 245
226 242
226 243
226 351
226 240
226 241
226 353
226 408
226 258
226 230
226 228
226 229
226 341
226 227
226 338
226 335
226 339
226 336
226 337
226 327
226 324
226 325
226 246
226 247
226 323
226 244
227 323
227 325
227 324
227 327
227 337
227 229
227 332
227 228
227 339
227 335
227 338
227 230
227 241
227 240
227 243
227 408
227 242
227 244
227 246
228 231
228 340
228 341
228 338
228 339
228 244
228 245
228 246
228 247
228 324
228 325
228 326
228 327
228 323
228 229
228 230
229 231
229 327
229 230
229 326
229 325
229 324
229 323
229 357
229 247
229 246
229 245
229 341
229 244
229 340
229 339
229 242
229 338
229 260
230 326
230 231
230 327
230 324
230 325
230 357
230 242
230 338
230 339
230 260
230 241
230 246
230 247
230 244
230 340
230 245
230 341
230 323
231 245
231 244
231 247
231 246
231 341
231 340
231 339
231 260
231 325
231 324
231 327
231 326
231 357
232 343
232 233
232 234
232 235
232 238
232 248
232 249
232 250
232 251
232 328
232 329
232 253
232 330
232 316
232 317
232 318
232 319
232 334
233 318
233 317
233 316
233 251
233 250
233 249
233 248
233 330
233 329
233 328
233 234
234 250
234 251
234 248
234 249
234 264
234 265
234 362
234 316
234 317
234 361
234 342
234 330
234 343
234 328
234 329
235 343
235 329
235 331
235 330
235 333
235 332
235 334
235 321
235 320
235 237
235 322
235 236
235 239
235 344
235 238
235 347
235 346
235 257
235 348
235 256
235 317
235 319
235 253
235 318
235 252
235 255
236 318
236 333
236 237
236 319
236 334
236 238
236 335
236 239
236 257
236 330
236 331
236 348
236 320
236 321
236 322
236 255
236 346
236 408
236 347
236 336
236 240
236 337
236 241
236 332
237 255
237 322
237 349
237 321
237 348
237 320
237 347
237 346
237 318
237 344
237 258
237 257
237 243
237 337
237 241
237 336
237 240
237 335
237 239
237 334
237 238
237 333
237 332
237 331
237 330
237 408
238 254
238 255
238 252
238 348
238 276
238 253
238 349
238 330
238 331
238 256
238 257
238 334
238 239
238 318
238 332
238 333
238 361
238 336
238 343
238 271
238 268
238 346
238 274
238 347
238 275
238 344
238 345
238 273
239 408
239 356
239 333
239 353
239 332
239 335
239 278
239 334
239 273
239 241
239 331
239 274
239 240
239 243
239 242
239 255
239 337
239 336
239 338
239 257
239 349
239 256
239 348
239 351
239 258
239 350
239 345
239 344
239 347
239 409
239 346
240 337
240 338
240 339
240 257
240 258
240 331
240 332
240 333
240 335
240 323
240 324
240 255
240 325
240 353
240 408
240 241
240 347
240 242
240 348
240 243
240 349
240 244
240 351
240 336
241 335
241 333
241 408
241 332
241 323
241 347
241 327
241 243
241 325
241 353
241 242
241 324
241 351
241 258
241 246
241 339
241 244
241 338
241 337
241 336
242 341
242 338
242 339
242 336
242 408
242 337
242 263
242 335
242 260
242 258
242 259
242 246
242 247
242 244
242 327
242 245
242 324
242 325
242 243
242 358
242 351
242 356
242 349
242 357
242 354
242 355
242 352
242 353
243 337
243 336
243 339
243 338
243 408
243 353
243 352
243 355
243 347
243 245
243 354
243 244
243 349
243 356
243 348
243 246
243 351
243 350
243 278
243 324
243 255
243 259
243 258
243 332
243 335
243 263
244 247
244 260
244 336
244 261
244 337
244 338
244 263
244 339
244 356
244 357
244 258
244 358
244 259
244 359
244 351
244 352
244 324
244 353
244 325
244 354
244 355
244 327
244 335
244 340
244 341
244 245
244 246
245 353
245 325
245 352
245 324
245 335
245 263
245 262
245 261
245 260
245 259
245 372
245 247
245 246
245 341
245 340
245 339
245 338
245 359
245 351
245 358
245 357
245 356
245 355
245 327
245 354
246 247
246 338
246 339
246 259
246 340
246 341
246 263
246 260
246 353
246 358
246 357
246 326
246 327
246 324
246 325
247 339
247 338
247 357
247 359
247 358
247 353
247 352
247 355
247 327
247 261
247 260
247 263
247 262
247 259
247 341
247 340
248 361
248 362
248 249
248 250
248 251
248 342
248 253
248 343
248 254
248 264
248 265
248 266
248 267
248 328
248 329
248 330
249 342
249 329
249 328
249 362
249 361
249 267
249 266
249 251
249 265
249 250
249 264
249 343
250 252
250 253
250 286
250 342
250 251
250 362
250 343
250 360
250 361
250 270
250 271
250 268
250 266
250 267
250 264
250 265
250 254
251 329
251 328
251 343
251 330
251 342
251 361
251 316
251 362
251 265
251 264
251 266
252 266
252 253
252 342
252 267
252 378
252 254
252 343
252 255
252 256
252 257
252 330
252 360
252 361
252 362
252 363
252 276
252 348
252 350
252 268
252 272
252 344
252 269
252 380
252 273
252 345
252 270
252 274
252 346
252 271
252 275
252 347
252 409
252 265
253 276
253 363
253 271
253 275
253 362
253 270
253 274
253 361
253 269
253 273
253 268
253 272
253 267
253 265
253 348
253 347
253 346
253 345
253 257
253 344
253 256
253 343
253 255
253 342
253 254
253 330
254 276
254 362
254 363
254 360
254 361
254 342
254 343
254 346
254 256
254 344
254 257
254 345
254 378
254 289
254 266
254 267
254 264
254 380
254 265
254 274
254 270
254 275
254 271
254 272
254 268
254 273
254 269
255 363
255 271
255 349
255 348
255 276
255 409
255 351
255 350
255 278
255 345
255 273
255 344
255 347
255 275
255 346
255 274
255 281
255 356
255 280
255 333
255 332
255 335
255 257
255 256
255 343
255 366
255 258
255 269
255 336
256 345
256 257
256 346
256 347
256 348
256 349
256 350
256 361
256 362
256 281
256 363
256 343
256 272
256 273
256 274
256 275
256 276
256 265
256 267
256 268
256 269
256 378
256 270
256 409
256 271
256 380
256 344
257 350
257 349
257 276
257 348
257 271
257 269
257 268
257 336
257 331
257 343
257 258
257 330
257 334
257 333
257 332
257 318
257 275
257 347
257 274
257 346
257 273
257 345
257 344
258 280
258 337
258 278
258 356
258 354
258 355
258 274
258 352
258 353
258 273
258 408
258 409
258 350
258 351
258 348
258 349
258 346
258 347
258 259
258 344
258 345
258 366
258 364
258 338
258 282
258 335
258 332
258 336
259 358
259 369
259 368
259 364
259 278
259 370
259 373
259 372
259 283
259 375
259 339
259 282
259 374
259 338
259 285
259 284
259 340
259 261
259 353
259 260
259 352
259 263
259 355
259 351
259 262
259 354
259 357
259 356
259 359
260 369
260 341
260 338
260 339
260 357
260 358
260 359
260 352
260 284
260 353
260 354
260 355
260 327
260 372
260 261
260 262
260 263
260 340
261 263
261 262
261 376
261 359
261 358
261 357
261 355
261 354
261 352
261 375
261 374
261 373
261 372
261 371
261 285
261 369
261 284
261 340
261 283
262 304
262 284
262 285
262 354
262 355
262 352
262 358
262 359
262 303
262 376
262 357
262 371
262 369
262 374
262 375
262 283
262 372
262 263
262 373
262 340
263 374
263 369
263 341
263 340
263 339
263 338
263 285
263 357
263 284
263 356
263 359
263 358
263 353
263 352
263 283
263 355
263 327
263 354
263 351
263 373
263 372
264 360
264 361
264 362
264 265
264 342
264 266
264 343
264 267
264 410
264 268
264 270
264 271
264 286
265 362
265 361
265 360
265 343
265 286
265 342
265 410
265 378
265 288
265 267
265 266
265 275
265 271
265 270
265 269
265 268
265 276
266 267
266 378
266 286
266 342
266 343
266 410
266 362
266 270
266 271
266 360
266 268
266 288
266 361
266 269
266 289
267 286
267 272
267 275
267 276
267 379
267 378
267 380
267 269
267 410
267 268
267 271
267 343
267 270
267 342
267 289
267 361
267 288
267 360
267 362
268 377
268 342
268 378
268 343
268 379
268 288
268 289
268 276
268 272
268 273
268 274
268 275
268 360
268 361
268 269
268 362
268 270
268 363
268 271
268 410
268 344
268 380
268 345
268 346
269 291
269 363
269 281
269 362
269 289
269 361
269 288
269 360
269 276
269 275
269 274
269 346
269 273
269 345
269 381
269 272
269 344
269 380
269 271
269 343
269 409
269 379
269 270
269 378
269 377
270 378
270 342
270 379
270 343
270 271
270 377
270 275
270 380
270 344
270 272
270 273
270 276
270 362
270 363
270 291
270 396
270 360
270 288
270 361
270 289
270 286
270 287
270 292
270 410
271 361
271 276
271 360
271 409
271 363
271 362
271 273
271 410
271 272
271 275
271 274
271 343
271 289
271 342
271 288
271 380
271 291
271 377
271 379
271 378
271 345
271 344
271 346
272 290
272 291
272 363
272 292
272 400
272 281
272 377
272 378
272 287
272 379
272 380
272 344
272 273
272 381
272 345
272 274
272 346
272 275
272 296
272 276
272 277
272 409
272 288
272 360
272 289
272 361
273 276
273 378
273 409
273 347
273 291
273 346
273 381
273 345
273 380
273 344
273 350
273 349
273 348
273 281
273 280
273 363
273 275
273 366
273 274
273 365
273 364
273 279
273 278
273 277
274 281
274 381
274 278
274 350
274 279
274 351
274 276
274 348
274 277
274 349
274 346
274 275
274 347
274 344
274 345
274 370
274 409
274 366
274 364
274 336
274 365
274 291
274 363
274 356
274 282
274 280
274 380
275 377
275 348
275 379
275 350
275 378
275 381
275 409
275 380
275 361
275 276
275 360
275 363
275 362
275 281
275 343
275 289
275 345
275 344
275 291
275 347
275 346
276 281
276 361
276 289
276 362
276 343
276 363
276 291
276 348
276 349
276 277
276 350
276 278
276 409
276 344
276 380
276 345
276 381
276 346
276 347
276 377
276 378
276 379
277 366
277 365
277 364
277 363
277 283
277 282
277 281
277 280
277 402
277 295
277 294
277 350
277 370
277 293
277 292
277 368
277 291
277 383
277 290
277 382
277 345
277 381
277 380
277 409
277 386
277 279
277 299
277 385
277 278
277 384
277 297
277 296
277 367
278 349
278 282
278 283
278 295
278 336
278 280
278 381
278 281
278 370
278 385
278 368
278 369
278 363
278 366
278 367
278 279
278 364
278 409
278 365
278 354
278 355
278 352
278 353
278 346
278 347
278 344
278 356
278 345
278 350
278 351
278 348
279 282
279 388
279 350
279 354
279 345
279 381
279 385
279 384
279 383
279 382
279 386
279 300
279 297
279 296
279 409
279 299
279 375
279 298
279 374
279 293
279 365
279 369
279 364
279 368
279 295
279 367
279 294
279 366
279 370
279 291
279 363
279 290
279 281
279 402
279 280
279 356
279 283
280 281
280 290
280 282
280 374
280 291
280 283
280 375
280 293
280 294
280 295
280 296
280 352
280 381
280 298
280 345
280 354
280 382
280 299
280 355
280 383
280 356
280 349
280 350
280 351
280 409
280 363
280 364
280 384
280 365
280 385
280 366
280 386
280 367
280 368
280 369
280 370
281 381
281 345
281 386
281 380
281 344
281 385
281 384
281 350
281 349
281 363
281 291
281 283
281 290
281 282
281 367
281 295
281 366
281 294
281 365
281 293
281 364
281 370
281 368
281 402
281 296
281 383
281 409
281 382
282 355
282 352
282 353
282 345
282 366
282 367
282 409
282 364
282 386
282 365
282 384
282 385
282 304
282 374
282 375
282 372
282 370
282 295
282 368
282 293
282 369
282 283
282 381
282 350
282 351
282 356
282 298
282 349
282 354
282 299
283 358
283 376
283 293
283 295
283 369
283 368
283 371
283 351
283 370
283 373
283 372
283 375
283 374
283 385
283 365
283 384
283 364
283 285
283 387
283 304
283 367
283 284
283 386
283 366
283 389
283 353
283 388
283 352
283 355
283 299
283 390
283 354
283 298
283 356
283 300
283 359
283 303
284 371
284 357
284 358
284 359
284 352
284 285
284 354
284 355
284 392
284 304
284 376
284 303
284 372
284 373
284 298
284 374
284 375
284 368
284 340
284 369
285 354
285 298
285 385
285 376
285 375
285 374
285 373
285 372
285 371
285 369
285 368
285 359
285 393
285 303
285 358
285 392
285 391
285 301
285 390
285 304
285 355
285 389
285 299
286 362
286 360
286 361
286 394
286 378
286 342
286 287
286 288
286 289
286 410
287 394
287 400
287 289
287 360
287 288
287 291
287 380
287 410
287 377
287 305
287 379
287 378
287 306
287 397
287 396
287 399
287 292
287 395
288 306
288 378
288 379
288 380
288 410
288 360
288 289
288 400
288 361
288 362
288 292
288 394
288 396
288 397
288 305
288 377
289 397
289 363
289 396
289 361
289 360
289 306
289 305
289 410
289 379
289 291
289 378
289 290
289 377
289 400
289 395
289 394
289 380
289 292
290 395
290 365
290 291
290 363
290 384
290 382
290 383
290 308
290 380
290 381
290 378
290 307
290 409
290 379
290 377
290 296
290 398
290 402
290 297
290 399
290 403
290 294
290 396
290 400
290 295
290 397
290 367
290 401
290 292
290 293
291 380
291 383
291 401
291 382
291 397
291 400
291 396
291 399
291 402
291 398
291 409
291 363
291 365
291 293
291 292
291 295
291 366
291 294
291 296
291 377
291 379
291 307
291 378
291 381
292 397
292 398
292 363
292 399
292 395
292 380
292 400
292 381
292 401
292 294
292 382
292 402
292 383
292 377
292 378
292 379
292 308
292 296
292 306
292 307
292 396
293 297
293 308
293 389
293 296
293 307
293 388
293 387
293 386
293 385
293 384
293 398
293 406
293 313
293 405
293 312
293 367
293 404
293 295
293 366
293 403
293 294
293 365
293 402
293 364
293 401
293 375
293 370
293 368
293 409
293 300
293 383
293 311
293 299
293 382
293 310
293 298
293 381
293 309
294 398
294 399
294 295
294 367
294 312
294 386
294 387
294 365
294 384
294 385
294 388
294 307
294 310
294 382
294 311
294 383
294 308
294 402
294 309
294 403
294 381
294 400
294 299
294 401
294 296
294 406
294 297
294 404
294 405
294 300
295 300
295 406
295 401
295 381
295 297
295 403
295 296
295 383
295 402
295 299
295 382
295 298
295 375
295 389
295 388
295 313
295 368
295 312
295 370
295 385
295 365
295 384
295 309
295 364
295 387
295 308
295 367
295 386
295 311
295 409
295 366
295 304
295 405
296 377
296 379
296 307
296 384
296 380
296 308
296 381
296 386
296 382
296 383
296 400
296 396
296 401
296 397
296 402
296 398
296 403
296 399
296 363
296 365
296 366
296 367
296 409
296 297
297 309
297 308
297 367
297 314
297 370
297 387
297 313
297 386
297 365
297 312
297 368
297 385
297 375
297 384
297 390
297 389
297 388
297 383
297 403
297 382
297 402
297 401
297 299
297 298
297 407
297 406
297 405
297 404
297 302
297 301
297 304
297 300
297 311
297 310
298 369
298 301
298 299
298 309
298 376
298 304
298 390
298 391
298 354
298 388
298 314
298 355
298 389
298 315
298 386
298 312
298 387
298 313
298 366
298 384
298 367
298 385
298 364
298 365
298 374
298 375
298 372
298 373
298 407
298 370
298 392
298 302
298 371
298 405
298 393
298 303
298 368
298 300
299 370
299 301
299 373
299 300
299 372
299 303
299 375
299 302
299 374
299 405
299 313
299 365
299 312
299 407
299 364
299 315
299 367
299 393
299 366
299 392
299 355
299 354
299 304
299 376
299 385
299 309
299 384
299 387
299 386
299 389
299 382
299 388
299 369
299 391
299 368
299 390
299 371
300 304
300 389
300 390
300 391
300 384
300 385
300 301
300 386
300 302
300 387
300 303
300 404
300 376
300 405
300 406
300 407
300 374
300 403
300 375
300 368
300 312
300 313
300 370
300 314
300 371
300 315
300 392
300 393
300 309
300 310
300 367
300 311
300 388
301 374
301 391
301 373
301 390
301 389
301 371
301 388
301 387
301 386
301 368
301 385
301 384
301 407
301 405
301 315
301 404
301 314
301 313
301 312
301 310
301 309
301 304
301 376
301 393
301 303
301 375
301 392
301 302
302 315
302 371
302 312
302 406
302 313
302 407
302 404
302 405
302 375
302 386
302 376
302 387
302 384
302 385
302 390
302 391
302 388
302 303
302 389
302 392
302 393
302 304
302 310
302 311
302 309
302 314
303 393
303 392
303 376
303 304
303 407
303 313
303 315
303 389
303 388
303 373
303 391
303 372
303 390
303 375
303 385
303 374
303 369
303 387
303 368
303 371
304 393
304 368
304 369
304 313
304 370
304 371
304 384
304 315
304 372
304 385
304 373
304 386
304 374
304 387
304 375
304 388
304 389
304 390
304 391
304 367
304 354
304 355
304 376
304 405
304 407
304 392
305 397
305 396
305 379
305 306
305 377
305 410
305 400
305 395
305 394
306 379
306 377
306 400
306 398
306 399
306 396
306 397
306 394
306 395
306 307
307 395
307 397
307 396
307 399
307 398
307 401
307 400
307 377
307 403
307 402
307 379
307 381
307 383
307 382
307 308
308 309
308 382
308 310
308 383
308 384
308 311
308 398
308 399
308 312
308 404
308 405
308 406
308 400
308 401
308 402
308 403
309 390
309 389
309 388
309 387
309 386
309 385
309 315
309 384
309 314
309 313
309 312
309 393
309 407
309 406
309 405
309 404
309 403
309 402
309 401
309 311
309 310
310 314
310 315
310 312
310 403
310 313
310 406
310 407
310 404
310 393
310 405
310 311
310 386
310 387
310 384
310 390
310 388
310 389
311 405
311 404
311 407
311 406
311 401
311 403
311 402
311 313
311 312
311 389
311 314
311 388
311 383
311 385
311 382
311 384
311 387
311 386
312 314
312 404
312 315
312 405
312 406
312 407
312 384
312 367
312 385
312 386
312 387
312 388
312 389
312 390
312 382
312 383
312 401
312 402
312 313
312 403
313 406
313 405
313 404
313 387
313 386
313 385
313 384
313 391
313 390
313 389
313 388
313 393
313 392
313 315
313 314
313 375
313 403
313 407
314 393
314 406
314 315
314 407
314 404
314 405
314 403
314 390
314 391
314 388
314 389
314 386
314 387
314 384
315 388
315 391
315 390
315 376
315 393
315 405
315 371
315 392
315 404
315 407
315 387
315 389
316 317
316 318
316 328
316 319
316 329
316 330
317 322
317 321
317 320
317 334
317 331
317 330
317 329
317 328
317 319
317 318
318 330
318 331
318 319
318 328
318 329
318 334
318 332
318 333
318 343
318 322
318 320
318 321
319 334
319 329
319 328
319 331
319 330
319 321
319 320
319 322
319 333
320 330
320 331
320 332
320 333
320 334
320 321
320 322
320 408
321 408
321 331
321 330
321 334
321 333
321 332
321 322
322 332
322 408
322 333
322 331
322 334
323 325
323 324
323 337
323 339
323 335
323 338
323 408
324 325
324 326
324 327
324 335
324 341
324 337
324 338
324 339
325 335
325 341
325 339
325 338
325 337
325 408
325 327
325 326
326 341
326 327
327 341
327 340
327 339
327 338
327 357
328 329
328 330
329 330
329 334
329 343
330 348
330 346
330 344
330 334
330 332
330 333
330 343
330 331
331 333
331 332
331 334
331 408
331 347
331 346
331 348
331 337
331 336
332 348
332 349
332 351
332 344
332 346
332 408
332 347
332 336
332 337
332 338
332 333
332 334
332 335
333 348
333 347
333 346
333 344
333 337
333 336
333 335
333 334
333 408
334 343
334 346
334 347
334 348
334 408
335 356
335 348
335 351
335 408
335 353
335 352
335 347
335 337
335 336
335 339
335 338
335 349
336 347
336 348
336 349
336 350
336 351
336 337
336 338
336 352
336 353
336 356
336 408
336 344
336 345
336 346
337 349
337 348
337 339
337 338
337 353
337 347
337 351
337 408
338 356
338 408
338 352
338 353
338 351
338 349
338 341
338 339
339 341
339 340
339 351
339 353
339 352
339 357
339 358
340 357
340 358
340 359
340 352
340 341
340 372
341 358
341 357
342 410
342 343
342 362
342 360
342 361
343 361
343 362
343 348
343 344
343 347
343 346
344 361
344 362
344 363
344 409
344 345
344 346
344 347
344 348
344 349
344 350
345 366
345 365
345 364
345 370
345 347
345 346
345 381
345 380
345 351
345 409
345 350
345 349
345 356
345 348
345 363
346 409
346 350
346 351
346 348
346 349
346 347
346 363
347 349
347 348
347 351
347 350
347 409
347 408
348 409
348 351
348 349
348 408
348 350
349 409
349 366
349 370
349 365
349 364
349 356
349 355
349 354
349 353
349 352
349 351
349 350
350 381
350 354
350 355
350 351
350 352
350 353
350 356
350 363
350 370
350 366
350 364
350 365
350 409
351 409
351 364
351 366
351 369
351 370
351 356
351 353
351 352
351 355
351 354
351 365
352 353
352 354
352 355
352 356
352 357
352 358
352 359
352 368
352 369
352 370
352 372
352 374
352 375
352 364
352 366
353 359
353 358
353 357
353 356
353 370
353 369
353 372
353 364
353 355
353 354
354 374
354 375
354 372
354 366
354 370
354 367
354 364
354 385
354 368
354 365
354 369
354 358
354 359
354 356
354 409
354 355
355 357
355 385
355 356
355 359
355 358
355 369
355 365
355 368
355 364
355 367
355 370
355 366
355 373
355 372
355 375
355 374
355 376
356 364
356 365
356 366
356 367
356 372
356 374
356 375
356 368
356 369
356 370
356 409
356 358
357 372
357 359
357 358
358 369
358 374
358 372
358 373
358 359
358 376
359 376
359 373
359 372
359 375
359 374
359 369
359 371
360 377
360 378
360 379
360 380
360 410
360 361
360 362
361 380
361 362
361 378
361 410
362 410
362 378
363 377
363 379
363 378
363 381
363 380
363 383
363 382
363 365
363 364
363 366
363 409
364 367
364 381
364 382
364 383
364 372
364 374
364 375
364 368
364 369
364 384
364 370
364 385
364 386
364 365
364 409
364 366
365 382
365 388
365 381
365 386
365 385
365 384
365 375
365 409
365 374
365 370
365 369
365 368
365 402
365 367
365 366
365 383
366 367
366 409
366 386
366 370
366 384
366 385
366 368
366 369
366 374
366 375
366 382
366 383
366 381
367 383
367 403
367 382
367 402
367 389
367 409
367 388
367 390
367 385
367 384
367 387
367 386
367 375
367 374
367 369
367 405
367 368
367 370
367 381
368 386
368 387
368 388
368 389
368 390
368 369
368 370
368 371
368 372
368 373
368 374
368 375
368 405
368 392
368 376
368 384
368 385
369 374
369 373
369 372
369 386
369 385
369 384
369 390
369 376
369 371
369 370
369 375
370 388
370 386
370 387
370 382
370 384
370 383
370 385
370 381
370 409
370 374
370 375
370 372
371 390
371 393
371 392
371 407
371 373
371 372
371 375
371 374
371 376
371 387
371 389
371 388
371 391
372 392
372 376
372 390
372 373
372 385
372 374
372 375
373 390
373 376
373 389
373 375
373 393
373 374
373 392
373 391
374 392
374 393
374 386
374 387
374 384
374 385
374 376
374 390
374 391
374 388
374 389
374 375
375 405
375 376
375 393
375 392
375 389
375 388
375 391
375 390
375 385
375 384
375 387
375 386
376 385
376 386
376 387
376 388
376 389
376 390
376 391
376 392
376 393
376 407
377 410
377 379
377 378
377 383
377 382
377 395
377 381
377 380
377 399
377 398
377 397
377 396
377 402
377 400
378 400
378 410
378 380
378 381
378 379
378 396
379 410
379 400
379 395
379 397
379 396
379 381
379 399
379 380
380 383
380 409
380 410
380 396
380 400
380 381
380 382
381 386
381 385
381 384
381 409
381 383
381 382
381 402
381 401
381 400
382 405
382 409
382 383
382 386
382 384
382 385
382 388
382 402
382 398
382 403
382 399
382 400
382 401
382 406
383 398
383 405
383 406
383 401
383 400
383 403
383 402
383 409
383 388
383 385
383 384
383 386
383 399
384 385
384 386
384 387
384 388
384 389
384 390
384 401
384 402
384 403
384 404
384 405
384 406
384 407
385 390
385 389
385 388
385 403
385 402
385 406
385 405
385 392
385 387
385 386
386 390
386 388
386 389
386 387
386 406
386 404
386 405
386 402
386 403
387 403
387 405
387 404
387 407
387 406
387 389
387 388
387 391
387 390
387 393
387 392
388 404
388 392
388 405
388 393
388 406
388 407
388 402
388 403
388 389
388 390
388 391
389 407
389 406
389 405
389 393
389 404
389 392
389 403
389 391
389 390
390 404
390 405
390 392
390 393
390 391
390 407
391 393
391 392
391 405
391 407
392 393
392 407
393 407
393 405
393 404
394 410
394 396
394 397
395 401
395 400
395 397
395 396
395 399
395 398
396 410
396 400
396 397
396 398
396 399
397 401
397 400
397 399
397 398
398 402
398 403
398 400
398 401
398 399
399 401
399 400
399 403
399 402
400 401
400 402
401 403
401 402
401 406
402 406
402 405
402 403
403 405
403 404
403 406
404 405
404 406
404 407
405 407
405 406
406 407
