0 271
0 695
0 383
0 598
0 1
0 176
0 2
0 696
0 698
0 272
0 173
0 384
0 174
0 274
0 385
1 696
1 385
1 600
1 384
1 274
1 619
1 272
1 271
1 504
1 509
1 400
1 508
1 176
1 2
1 180
1 37
1 175
1 174
1 697
2 400
2 37
2 175
2 508
2 286
2 509
2 698
2 506
2 696
2 504
2 697
2 716
2 385
2 274
2 271
2 272
2 273
2 818
2 288
3 492
3 602
3 699
3 275
3 700
3 386
3 179
3 178
3 180
3 814
3 4
3 6
3 489
3 491
4 178
4 7
4 179
4 8
4 276
4 492
4 700
4 489
4 490
4 275
4 181
4 491
4 699
4 815
4 5
4 386
4 177
4 6
5 178
5 177
5 7
5 495
5 493
5 185
5 492
5 599
5 490
5 12
5 8
5 699
5 603
5 389
5 278
5 601
5 277
5 181
5 276
5 179
5 815
6 602
6 814
6 815
6 386
6 178
6 275
6 179
6 177
6 490
6 276
6 491
6 699
6 489
6 492
6 700
6 7
7 178
7 276
7 493
7 599
7 699
7 278
7 495
7 389
7 490
7 185
7 12
7 815
7 181
7 8
7 10
7 177
8 181
8 11
8 278
8 12
8 279
8 185
8 389
8 490
8 493
8 495
8 599
8 815
8 603
8 699
8 177
8 178
8 276
8 10
9 387
9 492
9 386
9 275
9 619
9 180
9 384
9 602
9 601
9 600
9 508
9 47
9 814
9 491
9 701
9 196
9 700
9 179
9 175
9 489
9 174
9 820
10 391
10 278
10 388
10 389
10 495
10 186
10 11
10 185
10 16
11 16
11 392
11 703
11 518
11 13
11 279
11 12
11 185
11 278
11 389
11 186
11 388
11 391
11 603
11 199
11 493
11 495
11 494
12 181
12 202
12 203
12 199
12 493
12 703
12 494
12 495
12 518
12 603
12 276
12 815
12 599
12 277
12 515
12 278
12 279
12 389
12 391
13 49
13 413
13 494
13 48
13 186
13 184
13 410
13 183
13 407
13 605
13 604
13 603
13 703
13 525
13 823
13 704
13 520
13 204
13 392
13 518
13 202
13 390
13 279
13 199
13 14
14 605
14 823
14 202
14 407
14 410
14 48
14 49
14 204
14 494
14 518
14 704
14 828
14 413
14 703
14 390
14 520
14 21
14 392
14 183
14 525
14 186
14 606
14 184
14 604
15 702
15 182
15 190
15 186
15 17
15 16
15 606
15 392
15 394
16 278
16 279
16 494
16 495
16 388
16 391
16 186
16 604
16 392
17 182
17 394
17 702
17 19
17 23
17 187
17 190
17 188
17 707
17 706
17 280
18 608
18 498
18 192
18 496
18 284
18 283
18 33
18 393
18 281
18 26
18 24
18 705
18 22
18 188
18 189
18 20
18 187
18 816
19 702
19 707
19 706
19 182
19 187
19 20
19 23
19 188
19 606
19 190
19 280
19 393
19 282
19 394
20 24
20 706
20 304
20 707
20 417
20 281
20 393
20 496
20 608
20 188
20 22
20 189
20 23
20 414
20 708
20 187
21 604
21 527
21 828
21 525
21 207
21 394
21 183
21 182
21 392
21 407
21 282
21 704
21 190
21 607
21 390
21 184
21 410
21 606
21 605
22 33
22 501
22 24
22 393
22 608
22 816
22 281
22 66
22 70
22 708
22 206
22 423
22 728
22 304
22 414
22 499
22 189
22 496
22 530
22 192
23 188
23 608
23 606
23 190
23 281
23 280
23 393
23 187
23 282
23 394
23 708
23 24
23 707
23 706
24 187
24 414
24 188
24 705
24 189
24 706
24 708
24 281
24 608
24 393
24 816
24 33
24 496
24 304
24 499
25 30
25 29
25 28
25 193
25 497
25 817
25 500
25 27
25 34
25 396
26 283
26 192
26 816
26 817
26 498
26 27
26 33
26 189
26 705
26 284
27 284
27 29
27 500
27 817
27 191
27 395
27 609
27 396
27 193
27 192
27 283
28 32
28 34
28 193
28 29
28 30
28 285
28 396
28 500
28 398
28 497
28 610
29 395
29 191
29 65
29 709
29 34
29 500
29 32
29 497
29 31
29 609
29 30
29 817
29 193
29 397
29 396
30 396
30 191
30 285
30 710
30 497
30 503
30 500
30 65
30 610
30 421
30 609
30 193
30 34
30 31
30 32
30 398
30 817
31 397
31 396
31 191
31 32
31 535
31 34
31 395
31 609
31 732
31 421
31 309
31 212
31 628
31 500
31 737
31 709
31 503
31 497
31 710
31 210
31 626
31 65
32 395
32 34
32 396
32 397
32 535
32 191
32 65
32 497
32 709
32 737
32 500
32 210
32 710
32 628
32 212
32 503
32 309
32 421
32 732
32 609
33 501
33 395
33 281
33 816
33 189
33 284
33 192
33 608
33 304
33 423
33 499
33 498
33 70
33 496
34 398
34 396
34 193
34 610
34 710
34 285
34 711
34 502
34 503
34 500
34 421
34 497
35 295
35 297
35 198
35 611
35 43
35 613
35 401
35 403
35 399
35 517
35 616
35 505
35 289
35 511
35 290
35 821
35 721
35 720
35 292
36 714
36 613
36 287
36 614
36 511
36 194
36 505
36 38
36 399
36 611
36 507
36 429
36 292
36 402
36 289
36 76
36 819
36 74
36 75
37 504
37 619
37 274
37 272
37 286
37 175
37 385
37 174
37 384
37 600
37 180
37 821
37 509
37 401
37 292
37 508
37 271
37 400
38 614
38 612
38 507
38 819
38 291
38 287
38 194
38 195
38 217
38 714
38 715
38 713
39 47
39 203
39 41
39 40
39 620
39 404
39 197
39 196
39 701
39 617
39 492
39 820
39 719
39 718
39 615
39 601
39 294
39 516
39 513
39 512
39 599
39 277
39 515
40 719
40 41
40 404
40 820
40 196
40 406
40 293
40 197
40 294
40 615
40 616
40 47
40 617
40 512
40 513
40 515
40 701
40 516
40 277
40 599
40 601
40 718
41 720
41 618
41 406
41 296
41 623
41 404
41 197
41 620
41 42
41 44
41 515
41 514
41 513
41 512
41 822
41 516
41 295
41 294
41 719
41 293
41 718
42 294
42 515
42 512
42 203
42 406
42 405
42 300
42 826
42 296
42 719
42 44
42 45
42 411
42 408
42 724
42 53
42 623
42 50
42 197
42 620
42 618
42 822
43 399
43 297
43 616
43 513
43 721
43 401
43 517
43 720
43 289
43 821
43 403
43 611
43 290
43 613
43 293
43 292
43 615
43 295
43 198
44 198
44 720
44 615
44 717
44 718
44 297
44 404
44 46
44 406
44 293
44 822
44 512
44 294
44 513
44 295
44 514
45 618
45 46
45 514
45 302
45 827
45 826
45 296
45 409
45 319
45 101
45 408
45 644
45 317
45 405
45 53
45 742
45 641
45 623
45 94
46 86
46 87
46 618
46 406
46 319
46 405
46 742
46 514
46 743
46 317
46 822
46 746
46 293
46 717
46 826
46 827
46 296
46 297
46 720
46 198
46 641
46 834
47 492
47 277
47 617
47 387
47 616
47 386
47 489
47 619
47 701
47 718
47 196
47 180
47 404
47 601
47 600
47 179
47 615
47 820
47 516
47 513
47 512
48 298
48 520
48 726
48 621
48 183
48 300
48 407
48 525
48 604
48 605
48 823
48 704
48 49
48 518
48 184
48 410
48 202
48 528
48 413
48 204
48 824
48 722
49 52
49 204
49 300
49 722
49 621
49 407
49 184
49 823
49 726
49 183
49 520
49 525
49 411
49 410
49 703
49 50
49 202
49 298
49 824
49 518
49 413
49 303
50 413
50 515
50 52
50 303
50 53
50 411
50 300
50 824
50 408
50 823
50 623
50 620
50 204
50 621
50 202
50 726
50 203
50 724
50 199
50 520
50 518
50 719
51 298
51 200
51 825
51 416
51 527
51 526
51 205
51 528
51 204
51 829
51 420
51 412
51 730
51 625
51 532
51 208
51 534
51 308
51 523
51 722
51 407
51 725
52 823
52 520
52 300
52 301
52 522
52 302
52 523
52 303
52 413
52 824
52 298
52 299
52 408
52 726
52 409
52 411
52 621
52 722
52 622
52 723
52 204
52 53
52 54
52 55
52 201
52 519
52 524
53 299
53 827
53 826
53 296
53 411
53 623
53 409
53 522
53 622
53 408
53 726
53 753
53 618
53 723
53 644
53 94
53 101
53 303
53 302
53 55
53 201
53 301
53 519
53 54
53 300
53 405
54 303
54 824
54 825
54 301
54 200
54 201
54 552
54 408
54 56
54 409
54 57
54 522
54 205
54 523
54 412
54 521
54 753
54 526
54 722
54 723
54 524
54 726
54 55
54 519
54 298
54 101
54 299
54 322
54 302
54 622
55 753
55 301
55 322
55 754
55 726
55 303
55 302
55 412
55 723
55 825
55 299
55 437
55 298
55 409
55 101
55 552
55 524
55 57
55 549
55 521
55 56
55 96
55 523
55 205
55 522
55 622
55 519
55 325
55 201
56 526
56 57
56 325
56 326
56 63
56 723
56 200
56 201
56 229
56 754
56 205
56 438
56 730
56 412
56 209
56 443
56 416
56 444
56 299
56 519
56 95
56 825
56 96
56 446
56 301
56 521
56 549
56 550
56 523
56 524
56 552
56 322
57 521
57 549
57 526
57 723
57 524
57 552
57 322
57 754
57 63
57 725
57 299
57 298
57 326
57 730
57 201
57 325
57 438
57 95
57 200
57 825
57 443
57 205
57 301
57 412
57 96
57 209
57 446
57 519
57 416
57 444
57 523
58 308
58 206
58 420
58 207
58 306
58 418
58 282
58 417
58 527
58 64
58 708
58 625
58 533
58 414
58 530
58 727
59 532
59 209
59 534
59 208
59 64
59 416
59 419
59 418
59 729
59 625
59 420
59 624
59 730
59 307
59 61
59 306
59 60
59 63
59 308
59 62
59 727
60 307
60 648
60 649
60 64
60 103
60 729
60 624
60 529
60 330
60 759
60 61
60 62
60 418
60 415
60 419
60 310
60 305
60 213
61 63
61 62
61 64
61 209
61 624
61 730
61 729
61 308
61 649
61 307
61 648
61 419
61 229
61 534
61 418
61 759
61 416
61 529
61 105
61 444
61 330
62 305
62 213
62 529
62 103
62 419
62 559
62 104
62 330
62 105
62 648
62 649
62 759
62 729
62 415
62 761
62 64
62 624
62 307
63 326
63 443
63 825
63 229
63 526
63 416
63 521
63 205
63 419
63 328
63 534
63 95
63 729
63 200
63 730
63 209
63 208
63 412
63 444
63 325
63 446
64 727
64 529
64 530
64 531
64 415
64 624
64 533
64 625
64 534
64 729
64 418
64 419
64 306
64 307
64 308
65 497
65 710
65 709
65 309
65 503
65 212
65 628
65 536
65 500
65 541
65 609
65 732
65 535
65 397
65 737
65 396
65 191
65 421
65 210
65 626
66 67
66 206
66 211
66 735
66 733
66 728
66 533
66 530
66 531
66 501
66 423
66 499
66 309
66 70
66 71
66 627
66 831
66 304
67 71
67 212
67 70
67 72
67 832
67 831
67 830
67 309
67 310
67 539
67 423
67 422
67 424
67 627
67 733
67 735
67 211
67 69
67 68
68 832
68 72
68 830
68 831
68 733
68 734
68 422
68 731
68 736
68 627
68 69
68 211
68 538
68 71
68 539
68 424
69 539
69 538
69 537
69 731
69 425
69 424
69 211
69 736
69 335
69 422
69 72
69 765
69 832
69 734
70 733
70 423
70 831
70 530
70 531
70 627
70 499
70 71
70 212
70 304
70 501
70 728
70 309
70 206
71 310
71 627
71 831
71 423
71 212
71 830
71 422
71 501
71 539
71 733
71 211
71 735
71 415
71 728
71 531
71 832
72 424
72 731
72 832
72 734
72 211
72 536
72 212
72 537
72 538
72 539
72 736
72 626
72 627
72 629
72 831
73 711
73 710
73 737
73 631
73 630
73 311
73 421
73 535
73 503
73 427
73 536
73 541
73 540
73 732
73 210
74 287
74 511
74 76
74 77
74 399
74 507
74 738
74 75
74 218
74 505
74 430
74 833
74 635
74 429
74 633
74 614
74 290
74 613
74 289
75 833
75 289
75 214
75 290
75 287
75 399
75 505
75 429
75 633
75 507
75 217
75 613
75 430
75 635
75 77
75 218
75 614
75 511
75 76
76 833
76 505
76 507
76 217
76 287
76 428
76 218
76 77
76 429
76 614
76 78
76 430
76 636
76 214
76 633
76 635
77 505
77 218
77 79
77 224
77 637
77 635
77 546
77 738
77 399
77 642
77 431
77 430
77 429
77 290
77 428
77 833
77 289
77 85
77 313
78 219
78 217
78 507
78 80
78 315
78 312
78 833
78 84
78 430
78 316
78 428
78 542
78 741
78 543
78 633
78 214
78 639
78 215
78 636
79 544
79 833
79 546
79 740
79 91
79 637
79 738
79 316
79 429
79 428
79 431
79 638
79 313
79 430
79 635
79 634
79 223
79 216
79 642
79 81
79 218
79 543
79 83
80 215
80 640
80 632
80 82
80 312
80 84
80 636
80 315
80 545
80 316
80 639
80 340
80 219
80 220
80 741
80 542
81 457
81 83
81 543
81 634
81 775
81 216
81 223
81 84
81 638
81 221
81 637
81 739
81 343
81 314
81 123
81 741
81 122
81 740
81 658
81 428
81 663
81 544
81 125
81 662
81 124
82 342
82 632
82 314
82 343
82 219
82 340
82 312
82 216
82 341
82 741
82 544
82 215
82 545
82 739
82 542
82 543
82 239
82 123
82 771
82 640
82 84
82 316
82 220
83 313
83 546
83 122
83 658
83 314
83 316
83 428
83 739
83 738
83 741
83 740
83 216
83 221
83 635
83 634
83 457
83 223
83 637
83 84
83 638
83 775
83 543
83 91
83 544
83 123
84 739
84 220
84 428
84 340
84 216
84 342
84 544
84 545
84 316
84 219
84 312
84 633
84 640
84 314
84 740
84 741
84 215
84 542
84 543
85 86
85 297
85 399
85 224
85 431
85 743
85 546
85 403
85 738
85 717
85 313
85 290
85 642
85 198
85 289
85 835
85 834
85 746
86 742
86 743
86 93
86 319
86 431
86 317
86 87
86 198
86 834
86 835
86 224
86 297
86 746
86 222
86 717
86 514
86 748
86 88
86 89
87 835
87 225
87 834
87 224
87 748
87 317
87 752
87 222
87 319
87 744
87 747
87 93
87 743
87 742
87 89
87 88
87 641
87 90
88 742
88 743
88 744
88 747
88 748
88 749
88 225
88 319
88 752
88 222
88 548
88 835
88 89
88 90
88 92
88 93
89 548
89 225
89 752
89 222
89 835
89 743
89 742
89 90
89 747
89 93
89 744
89 92
89 749
89 748
90 742
90 441
90 92
90 93
90 98
90 751
90 748
90 555
90 749
90 747
90 327
90 744
90 745
90 439
90 643
90 320
90 225
90 432
90 752
91 224
91 433
91 752
91 313
91 634
91 637
91 638
91 431
91 642
91 750
91 738
91 221
91 547
91 546
91 223
91 743
91 222
91 548
91 835
92 579
92 137
92 751
92 100
92 744
92 327
92 745
92 320
92 747
92 441
92 97
92 442
92 98
92 464
92 461
92 439
92 432
92 318
92 93
92 757
92 554
92 225
92 758
92 643
92 749
92 136
93 98
93 441
93 439
93 94
93 225
93 749
93 748
93 752
93 747
93 319
93 744
93 317
93 743
93 742
93 641
93 555
94 437
94 555
94 101
94 747
94 441
94 744
94 522
94 405
94 826
94 827
94 409
94 753
94 641
94 302
94 644
94 618
94 201
94 317
94 742
94 97
95 730
95 444
95 551
95 825
95 209
95 550
95 446
95 325
95 412
95 443
95 326
95 107
95 651
95 106
95 229
95 322
95 524
95 521
95 754
95 328
95 760
95 205
95 438
95 435
95 96
95 549
96 437
96 438
96 549
96 550
96 97
96 322
96 101
96 201
96 325
96 326
96 409
96 299
96 521
96 522
96 301
96 524
96 552
96 723
96 753
96 754
96 755
96 435
96 519
97 439
97 98
97 323
97 437
97 436
97 101
97 327
97 643
97 755
97 753
97 442
97 747
97 646
97 441
97 757
97 744
97 555
98 758
98 441
98 579
98 757
98 439
98 227
98 436
98 751
98 755
98 554
98 225
98 555
98 749
98 432
98 747
98 744
98 745
98 646
98 100
98 327
98 643
98 464
98 323
98 442
99 107
99 549
99 106
99 109
99 551
99 550
99 553
99 435
99 434
99 321
99 557
99 226
99 438
99 228
99 324
99 645
99 326
99 760
99 647
99 331
99 651
100 347
100 442
100 781
100 327
100 320
100 356
100 225
100 464
100 776
100 465
100 102
100 136
100 439
100 137
100 432
100 554
100 580
100 144
100 676
100 749
100 751
100 643
100 757
100 745
100 346
100 579
100 673
100 461
100 758
101 201
101 552
101 302
101 322
101 301
101 827
101 622
101 299
101 826
101 519
101 723
101 437
101 524
101 754
101 522
101 753
101 644
101 409
101 555
101 641
102 324
102 356
102 357
102 144
102 845
102 436
102 646
102 674
102 673
102 783
102 755
102 579
102 781
102 676
102 758
102 227
102 466
102 554
102 756
102 757
102 580
102 251
102 553
102 442
102 468
102 323
102 440
102 321
103 104
103 559
103 330
103 624
103 761
103 654
103 310
103 649
103 305
103 648
103 529
103 759
103 650
103 415
103 830
103 422
103 110
103 449
103 335
103 213
104 556
104 330
104 559
104 759
104 529
104 761
104 763
104 448
104 449
104 648
104 105
104 649
104 650
104 213
104 305
104 110
104 654
105 760
105 649
105 648
105 448
105 444
105 559
105 556
105 106
105 529
105 759
105 330
105 328
105 229
105 761
105 650
106 446
106 444
106 651
106 551
106 326
106 109
106 107
106 229
106 559
106 556
106 557
106 330
106 647
106 331
106 760
106 328
106 329
106 448
107 651
107 443
107 328
107 331
107 444
107 446
107 435
107 645
107 434
107 226
107 647
107 325
107 229
107 228
107 438
107 557
107 326
107 556
107 448
107 109
107 549
107 551
107 760
107 550
108 445
108 447
108 769
108 799
108 836
108 264
108 118
108 837
108 762
108 794
108 763
108 157
108 332
108 790
108 333
108 230
108 362
108 680
108 257
108 329
108 148
108 331
108 149
108 558
108 848
108 147
109 556
109 645
109 230
109 228
109 551
109 331
109 448
109 226
109 329
109 328
109 789
109 434
109 651
109 837
109 760
109 647
109 557
110 761
110 736
110 334
110 335
110 449
110 650
110 111
110 654
110 112
110 113
111 449
111 653
111 562
111 232
111 654
111 335
111 334
111 113
111 112
111 115
112 232
112 650
112 767
112 113
112 653
112 115
112 654
112 449
112 334
112 335
113 336
113 231
113 334
113 653
113 563
113 652
113 562
113 561
113 233
113 115
113 232
113 114
113 765
114 336
114 562
114 563
114 334
114 561
114 766
114 652
114 234
114 235
114 232
114 233
114 231
114 768
114 840
114 119
114 116
114 838
114 564
115 363
115 232
115 117
115 653
115 118
115 450
115 764
115 264
115 767
116 235
116 687
116 768
116 655
116 363
116 478
116 839
116 690
116 117
116 336
116 119
116 262
116 840
116 561
116 764
116 590
116 766
116 120
116 233
117 561
117 450
117 687
117 803
117 685
117 801
117 158
117 768
117 588
117 120
117 233
117 764
117 232
117 363
117 262
117 478
118 445
118 264
118 799
118 836
118 653
118 329
118 332
118 333
118 148
118 762
118 763
118 769
118 767
118 450
118 447
119 338
119 768
119 652
119 655
119 233
119 235
119 766
119 234
119 840
119 231
119 564
119 120
119 590
119 839
119 561
119 838
119 563
119 336
120 764
120 655
120 766
120 768
120 687
120 690
120 561
120 839
120 590
120 840
120 233
120 262
120 235
121 566
121 565
121 339
121 570
121 569
121 568
121 842
121 341
121 657
121 770
121 128
121 841
121 453
121 134
121 133
121 660
121 773
121 456
121 237
121 236
121 242
122 342
122 343
122 239
122 314
122 124
122 125
122 543
122 457
122 740
122 741
122 123
122 662
122 663
122 739
122 658
122 221
122 659
122 571
122 216
122 775
122 638
122 544
122 634
123 455
123 658
123 454
123 545
123 663
123 544
123 662
123 340
123 343
123 342
123 771
123 739
123 314
123 741
123 638
123 740
123 543
123 571
123 239
123 125
123 124
123 127
123 126
123 216
123 452
123 659
124 221
124 778
124 772
124 638
124 775
124 314
124 457
124 664
124 740
124 343
124 125
124 662
124 663
124 658
124 659
124 780
124 571
125 457
125 740
125 571
125 343
125 780
125 342
125 455
125 454
125 127
125 126
125 239
125 452
125 775
125 772
125 771
125 314
125 664
125 663
125 662
125 659
125 658
125 129
126 128
126 568
126 662
126 451
126 454
126 314
126 133
126 455
126 342
126 452
126 343
126 453
126 340
126 341
126 545
126 456
126 566
126 239
126 127
126 771
126 130
126 659
127 456
127 662
127 133
127 843
127 771
127 659
127 129
127 571
127 128
127 239
127 131
127 130
127 453
127 452
127 341
127 455
127 454
127 343
127 342
127 451
127 566
128 451
128 452
128 130
128 453
128 131
128 657
128 455
128 133
128 242
128 134
128 660
128 341
128 568
128 569
128 570
128 236
128 237
128 770
128 773
128 456
128 565
128 566
128 841
128 853
128 842
129 850
129 843
129 139
129 774
129 241
129 665
129 240
129 664
129 772
129 844
129 246
129 571
129 131
129 659
129 130
129 238
129 451
129 135
129 574
129 455
129 572
129 661
129 132
129 454
129 567
130 570
130 238
130 242
130 843
130 569
130 566
130 237
130 241
130 567
130 456
130 454
130 808
130 455
130 452
130 451
130 774
130 773
130 163
130 853
130 133
130 572
130 131
130 844
130 660
131 163
131 479
131 808
131 661
131 371
131 774
131 133
131 451
131 132
131 455
131 454
131 456
131 843
131 567
131 241
131 237
131 566
131 240
131 844
131 851
131 238
131 853
131 572
132 572
132 574
132 463
132 165
132 844
132 166
132 772
132 774
132 661
132 246
132 240
132 135
132 241
132 843
132 243
132 850
132 479
132 664
132 592
132 665
132 672
132 139
133 657
133 567
133 773
133 566
133 565
133 770
133 238
133 237
133 455
133 236
133 453
133 452
133 570
133 451
133 569
133 568
133 242
133 853
133 841
133 163
133 134
133 456
133 660
134 339
134 570
134 373
134 162
134 163
134 569
134 656
134 242
134 657
134 806
134 770
134 660
134 807
134 851
134 266
134 238
134 852
134 265
134 853
134 236
134 237
135 672
135 843
135 454
135 246
135 240
135 243
135 665
135 664
135 139
135 661
135 780
135 572
135 659
135 574
135 348
135 571
135 850
135 772
135 774
136 580
136 318
136 758
136 442
136 344
136 668
136 346
136 137
136 464
136 347
136 465
136 461
136 144
136 320
136 776
136 745
136 779
136 576
136 749
136 327
136 432
136 751
136 579
136 225
137 433
137 751
137 432
137 668
137 749
137 225
137 140
137 320
137 465
137 461
137 327
137 464
137 779
137 573
137 778
137 547
137 776
137 347
137 318
137 346
137 344
137 576
137 745
138 777
138 670
138 671
138 691
138 164
138 247
138 666
138 667
138 374
138 243
138 375
138 267
138 349
138 854
138 575
138 463
138 345
138 672
138 460
138 480
138 591
138 458
138 459
139 241
139 240
139 592
139 243
139 463
139 376
139 843
139 661
139 246
139 774
139 165
139 371
139 166
139 479
139 572
139 665
139 574
139 672
139 850
139 809
140 668
140 669
140 670
140 776
140 318
140 778
140 779
140 576
140 577
140 461
140 348
140 462
140 344
140 573
140 458
140 345
140 346
140 575
140 347
141 350
141 584
141 846
141 321
141 583
141 845
141 795
141 756
141 150
141 791
141 789
141 228
141 145
141 142
141 675
141 440
141 783
141 674
141 249
141 472
141 553
141 471
141 434
141 468
141 585
142 678
142 146
142 471
142 145
142 468
142 150
142 228
142 582
142 583
142 472
142 791
142 152
142 153
142 584
142 789
142 585
142 795
142 846
142 350
142 674
142 845
142 675
142 249
143 482
143 585
143 146
143 381
143 380
143 692
143 153
143 152
143 252
143 359
143 258
143 358
143 269
143 249
143 796
143 354
143 467
143 581
143 795
143 678
143 476
143 582
144 464
144 465
144 466
144 356
144 357
144 440
144 227
144 756
144 781
144 442
144 757
144 758
144 346
144 251
144 327
144 673
144 745
144 432
144 676
144 677
144 579
144 580
144 751
144 554
145 584
145 468
145 357
145 150
145 356
145 756
145 251
145 553
145 249
145 350
145 791
145 846
145 845
145 783
145 472
145 152
145 675
145 440
145 674
145 795
145 146
145 678
145 434
145 585
146 585
146 358
146 784
146 581
146 152
146 252
146 678
146 357
146 250
146 783
146 251
146 355
146 248
146 352
146 674
146 249
146 675
146 468
146 350
146 469
146 467
146 846
146 847
146 845
146 795
147 150
147 471
147 681
147 472
147 474
147 331
147 333
147 362
147 837
147 257
147 259
147 786
147 789
147 260
147 583
147 791
147 228
147 790
147 647
147 584
147 230
147 848
147 558
148 364
148 257
148 790
148 149
148 836
148 558
148 151
148 785
148 362
148 679
148 264
148 445
148 797
148 157
148 799
148 230
148 368
148 793
148 369
148 794
148 769
148 680
148 588
148 802
148 848
148 332
148 260
148 333
148 688
148 762
149 799
149 762
149 797
149 264
149 794
149 680
149 793
149 849
149 792
149 254
149 366
149 364
149 802
149 688
149 362
149 475
149 836
149 151
149 361
149 588
149 261
149 679
149 260
149 257
149 369
149 368
149 786
149 157
149 785
150 796
150 675
150 786
150 259
150 471
150 582
150 583
150 350
150 791
150 260
150 789
150 474
150 249
150 472
150 154
150 584
150 585
150 683
150 152
150 795
150 153
150 476
150 681
151 688
151 155
151 154
151 681
151 680
151 683
151 797
151 799
151 679
151 793
151 261
151 792
151 254
151 260
151 794
151 257
151 788
151 256
151 475
151 364
151 259
151 368
151 474
151 785
151 361
151 786
151 362
151 157
151 156
151 849
152 153
152 249
152 846
152 791
152 358
152 467
152 350
152 795
152 796
152 472
152 675
152 678
152 476
152 582
152 681
152 683
152 585
153 358
153 683
153 682
153 681
153 474
153 259
153 258
153 472
153 154
153 787
153 583
153 786
153 477
153 582
153 476
153 261
153 260
153 791
153 585
153 795
153 675
153 249
153 796
154 477
154 474
154 475
154 582
154 791
154 260
154 261
154 786
154 259
154 787
154 256
154 257
154 796
154 794
154 792
154 682
154 849
154 683
154 681
154 156
154 476
154 254
155 364
155 679
155 366
155 473
155 475
155 689
155 849
155 688
155 792
155 255
155 254
155 256
155 382
155 798
155 684
155 261
155 368
155 597
155 787
155 483
155 361
155 360
155 788
155 156
156 254
156 256
156 473
156 255
156 475
156 787
156 382
156 849
156 597
156 684
156 688
156 689
156 483
156 798
156 682
156 364
156 368
156 792
156 366
156 360
156 679
156 788
156 261
156 361
157 799
157 688
157 159
157 797
157 264
157 680
157 679
157 794
157 793
157 762
157 257
157 450
157 588
157 587
157 369
157 785
157 836
157 364
157 368
157 362
157 802
157 445
157 769
158 450
158 587
158 764
158 588
158 262
158 589
158 263
158 687
158 159
158 160
158 685
158 802
158 803
158 800
158 363
158 801
158 804
158 369
158 365
158 478
159 802
159 365
159 364
159 366
159 685
159 363
159 263
159 369
159 262
159 478
159 368
159 797
159 589
159 799
159 588
159 798
159 688
159 804
159 160
159 587
159 801
159 803
160 370
160 478
160 263
160 161
160 365
160 586
160 367
160 587
160 589
160 800
160 801
160 686
160 803
160 687
160 804
161 687
161 686
161 586
161 367
161 800
161 365
161 805
161 589
161 804
161 263
161 370
161 478
161 803
162 266
162 265
162 660
162 339
162 236
162 237
162 373
162 656
162 852
162 853
162 851
162 770
162 806
162 807
163 371
163 451
163 266
163 373
163 372
163 567
163 566
163 844
163 851
163 774
163 853
163 572
163 852
163 660
163 808
163 241
163 237
163 240
163 242
163 238
163 479
164 481
164 463
164 667
164 809
164 459
164 376
164 854
164 672
164 591
164 267
164 247
164 592
164 243
164 165
164 166
164 374
164 691
164 480
165 850
165 691
165 479
165 166
165 376
165 243
165 592
165 809
165 240
165 374
165 463
165 372
165 371
165 672
165 661
166 267
166 463
166 666
166 374
166 592
166 672
166 665
166 850
166 479
166 243
166 854
166 240
166 246
166 809
166 691
166 661
166 574
166 376
166 459
167 692
167 811
167 595
167 269
167 482
167 359
167 381
167 380
167 378
167 258
167 168
167 812
167 485
167 596
168 255
168 258
168 477
168 482
168 692
168 485
168 486
168 595
168 269
168 596
168 811
168 812
169 487
169 484
169 488
169 686
169 382
169 689
169 684
169 693
169 788
169 597
169 171
169 798
169 270
169 473
169 483
169 360
170 586
170 172
170 805
170 488
170 686
170 367
170 694
170 487
170 370
170 270
171 488
171 382
171 597
171 689
171 693
171 483
171 360
171 484
171 270
171 487
171 684
171 686
172 488
172 370
172 487
172 367
172 693
172 694
172 270
172 686
173 271
173 176
173 174
173 383
173 696
173 695
173 598
173 384
174 175
174 696
174 619
174 814
174 508
174 176
174 180
174 598
174 271
174 602
174 600
174 274
174 272
174 387
174 384
175 504
175 619
175 272
175 385
175 384
175 274
175 387
175 600
175 286
175 180
175 821
175 509
175 401
175 271
175 508
175 400
176 271
176 696
176 383
176 698
176 274
176 384
176 598
176 695
177 185
177 490
177 389
177 278
177 489
177 276
177 179
177 178
177 493
177 492
177 699
177 181
177 599
177 275
177 815
178 601
178 815
178 599
178 389
178 276
178 386
178 275
178 185
178 181
178 179
178 492
178 700
178 490
178 491
178 699
178 489
179 490
179 700
179 492
179 181
179 180
179 275
179 387
179 277
179 386
179 276
179 599
179 815
179 601
179 600
179 602
179 489
179 820
179 699
179 491
179 701
180 820
180 508
180 700
180 701
180 600
180 602
180 489
180 491
180 814
180 384
180 274
180 275
180 386
180 619
180 387
181 277
181 276
181 515
181 495
181 493
181 699
181 492
181 603
181 490
181 489
181 601
181 389
181 185
181 599
181 815
181 278
182 394
182 392
182 282
182 702
182 390
182 186
182 184
182 707
182 190
182 606
182 704
182 604
182 605
183 704
183 518
183 204
183 392
183 494
183 184
183 828
183 390
183 186
183 413
183 605
183 604
183 607
183 606
183 525
183 410
183 520
183 407
184 390
184 392
184 604
184 282
184 605
184 606
184 607
184 407
184 518
184 186
184 204
184 520
184 704
184 410
184 828
184 207
184 413
184 525
185 391
185 389
185 388
185 278
185 276
185 815
185 490
185 495
186 390
186 391
186 388
186 494
186 704
186 495
186 278
186 279
186 604
186 392
187 608
187 281
187 280
187 393
187 189
187 188
187 496
187 705
187 707
187 706
188 708
188 705
188 496
188 706
188 707
188 189
188 190
188 280
188 281
188 393
188 394
188 608
189 498
189 496
189 705
189 192
189 393
189 284
189 283
189 608
189 281
189 816
189 499
190 702
190 606
190 607
190 390
190 394
190 282
190 706
190 280
190 707
191 500
191 309
191 497
191 609
191 193
191 192
191 732
191 397
191 396
191 395
191 628
191 709
191 212
191 817
192 816
192 496
192 283
192 498
192 709
192 284
192 395
192 499
192 501
193 396
193 817
193 500
194 819
194 287
194 614
194 612
194 195
194 510
194 511
194 714
194 715
194 506
194 713
194 507
194 291
194 288
194 402
195 713
195 636
195 714
195 507
195 612
195 614
195 214
195 217
196 517
196 820
196 386
196 821
196 387
196 512
196 600
196 513
196 601
196 701
196 615
196 404
196 718
196 401
196 616
196 617
196 619
196 516
197 199
197 620
197 516
197 599
197 515
197 294
197 512
197 203
197 404
197 719
197 601
197 718
197 277
197 493
197 724
198 721
198 746
198 295
198 293
198 319
198 399
198 717
198 297
198 514
198 403
198 290
198 834
198 513
198 406
198 822
198 720
199 495
199 603
199 411
199 494
199 518
199 823
199 515
199 621
199 620
199 703
199 724
199 203
199 202
199 389
199 277
199 279
199 719
199 300
199 493
200 301
200 523
200 722
200 528
200 308
200 526
200 725
200 416
200 532
200 534
200 419
200 730
200 208
200 209
200 205
200 825
200 412
200 829
200 298
200 521
201 409
201 437
201 827
201 408
201 299
201 826
201 519
201 303
201 523
201 302
201 622
201 522
201 301
201 322
201 524
201 552
201 723
201 644
201 726
201 754
201 753
202 621
202 494
202 413
202 518
202 410
202 719
202 411
202 724
202 603
202 279
202 300
202 703
202 824
202 520
202 204
202 203
202 620
202 823
203 277
203 518
203 411
203 279
203 599
203 724
203 621
203 300
203 620
203 493
203 494
203 703
203 603
203 719
203 823
203 515
203 294
203 516
204 518
204 829
204 413
204 300
204 824
204 621
204 410
204 303
204 411
204 725
204 298
204 726
204 823
204 407
204 722
204 528
204 525
204 520
204 523
205 526
205 725
205 524
205 523
205 723
205 722
205 521
205 326
205 229
205 325
205 519
205 412
205 322
205 552
205 301
205 446
205 549
205 299
205 444
205 416
205 298
205 443
205 825
205 209
205 208
205 534
205 730
206 727
206 499
206 418
206 530
206 531
206 728
206 417
206 414
206 423
206 306
206 304
206 533
206 708
207 704
207 625
207 407
207 525
207 282
207 527
207 829
207 420
207 828
207 605
207 417
207 532
207 607
207 606
207 390
207 727
207 410
207 528
208 407
208 528
208 416
208 532
208 722
208 534
208 419
208 725
208 420
208 308
208 825
208 523
208 526
208 829
208 298
208 412
208 625
208 209
208 730
209 730
209 729
209 419
209 825
209 308
209 325
209 416
209 443
209 648
209 229
209 446
209 534
209 444
209 412
209 521
209 330
209 526
209 328
210 609
210 630
210 628
210 424
210 626
210 397
210 541
210 421
210 212
210 503
210 710
210 536
210 737
210 535
210 497
210 732
211 736
211 831
211 627
211 830
211 422
211 424
211 310
211 539
211 832
211 733
211 735
211 734
212 831
212 501
212 709
212 309
212 536
212 421
212 628
212 423
212 539
212 397
212 626
212 737
212 627
212 395
212 424
212 609
212 535
212 732
213 529
213 415
213 830
213 449
213 654
213 650
213 310
213 649
213 422
213 735
213 733
213 305
213 335
213 761
213 624
213 736
214 833
214 507
214 218
214 217
214 430
214 428
214 315
214 429
214 312
214 633
214 316
214 215
214 639
214 636
215 312
215 220
215 315
215 216
215 219
215 636
215 639
215 741
215 633
215 545
215 632
215 543
215 542
215 739
215 640
215 340
215 316
216 633
216 634
216 637
216 638
216 342
216 343
216 544
216 545
216 428
216 430
216 314
216 739
216 658
216 740
216 542
216 316
216 741
216 543
217 633
217 639
217 636
217 507
217 614
217 315
217 312
217 833
217 430
218 313
218 642
218 290
218 546
218 505
218 833
218 738
218 637
218 430
218 316
218 635
218 428
218 429
218 633
219 640
219 632
219 542
219 739
219 220
219 741
219 340
219 342
219 545
219 312
219 316
220 632
220 545
220 340
220 312
220 341
220 342
220 739
220 542
220 771
220 640
220 453
221 634
221 223
221 778
221 222
221 775
221 740
221 548
221 547
221 668
221 546
221 344
221 457
221 658
221 638
221 433
221 637
221 750
222 431
222 433
222 743
222 834
222 835
222 637
222 750
222 642
222 752
222 748
222 223
222 224
222 546
222 547
222 313
222 548
223 738
223 431
223 775
223 637
223 548
223 313
223 750
223 638
223 433
223 547
223 546
223 634
223 752
223 224
223 457
224 297
224 546
224 635
224 738
224 637
224 642
224 743
224 834
224 290
224 835
224 313
224 431
224 717
224 746
224 748
225 749
225 748
225 547
225 320
225 327
225 432
225 439
225 464
225 318
225 548
225 344
225 461
225 752
225 747
225 745
225 744
225 441
225 751
226 321
226 647
226 645
226 760
226 557
226 228
226 438
226 436
226 553
226 550
226 434
226 551
226 435
226 549
226 326
226 324
226 651
227 442
227 323
227 324
227 755
227 579
227 356
227 757
227 553
227 756
227 643
227 758
227 673
227 554
227 646
227 781
227 676
227 435
227 436
227 439
227 845
227 440
227 468
227 321
228 583
228 434
228 331
228 651
228 837
228 584
228 551
228 471
228 645
228 557
228 647
228 553
228 789
229 326
229 325
229 730
229 446
229 729
229 444
229 443
229 760
229 651
229 330
229 648
229 328
229 550
229 549
229 416
229 534
229 521
229 556
230 558
230 471
230 447
230 257
230 790
230 445
230 789
230 762
230 763
230 331
230 836
230 837
230 329
230 362
230 647
230 332
230 583
230 333
230 848
231 562
231 765
231 731
231 652
231 838
231 337
231 336
231 338
231 234
231 334
231 564
231 425
231 561
231 560
231 563
232 561
232 233
232 764
232 767
232 653
232 450
233 768
233 764
233 652
233 590
233 563
233 561
233 336
233 839
233 838
233 235
233 234
233 766
233 655
233 840
234 338
234 336
234 337
234 655
234 652
234 840
234 564
234 563
234 766
234 560
234 561
234 838
235 839
235 838
235 768
235 561
235 563
235 764
235 766
235 655
235 590
235 840
235 336
236 237
236 656
236 657
236 853
236 568
236 569
236 807
236 570
236 773
236 456
236 566
236 841
236 770
236 842
236 266
236 242
236 339
236 660
237 851
237 266
237 373
237 456
237 844
237 451
237 660
237 242
237 241
237 808
237 807
237 238
237 570
237 569
237 567
237 773
237 566
237 770
237 853
237 852
238 851
238 572
238 852
238 808
238 853
238 660
238 242
238 240
238 451
238 479
238 241
238 371
238 843
238 566
238 567
238 774
238 372
238 844
238 373
239 453
239 452
239 771
239 455
239 454
239 663
239 739
239 662
239 341
239 340
239 659
239 343
239 658
239 342
239 545
239 456
239 314
240 451
240 371
240 372
240 479
240 572
240 672
240 665
240 850
240 808
240 592
240 567
240 241
240 843
240 376
240 772
240 243
240 844
240 774
240 661
240 246
241 808
241 372
241 851
241 850
241 774
241 661
241 853
241 852
241 843
241 451
241 844
241 371
241 572
241 479
241 567
242 841
242 568
242 456
242 266
242 569
242 566
242 339
242 565
242 451
242 853
242 660
242 657
242 773
242 770
242 842
242 807
242 570
243 267
243 374
243 376
243 592
243 661
243 809
243 772
243 459
243 665
243 672
243 348
243 664
243 246
243 463
243 666
243 850
243 574
244 247
244 462
244 779
244 575
244 458
244 349
244 351
244 469
244 353
244 345
244 346
244 465
244 677
244 670
244 671
244 577
244 578
244 782
244 245
244 776
244 460
245 469
245 346
245 353
245 345
245 782
245 465
245 779
245 575
245 776
245 578
245 577
245 462
245 460
245 671
245 670
245 677
245 458
245 351
245 349
245 347
246 459
246 666
246 774
246 664
246 772
246 665
246 348
246 463
246 571
246 659
246 574
246 572
246 661
246 672
246 850
246 780
246 843
247 671
247 670
247 667
247 854
247 666
247 575
247 267
247 691
247 349
247 460
247 463
247 345
247 462
247 591
247 375
247 374
247 459
247 458
247 777
247 480
248 250
248 251
248 782
248 252
248 783
248 784
248 578
248 580
248 466
248 673
248 846
248 674
248 847
248 351
248 469
248 676
248 352
248 677
248 678
248 355
248 357
249 582
249 796
249 681
249 846
249 845
249 467
249 585
249 350
249 584
249 358
249 472
249 791
249 476
249 675
249 674
249 795
249 678
250 782
250 783
250 252
250 251
250 678
250 846
250 847
250 674
250 350
250 784
250 358
250 357
250 354
250 469
250 355
250 466
250 581
250 352
250 467
251 580
251 674
251 846
251 350
251 676
251 554
251 678
251 781
251 783
251 756
251 758
251 465
251 355
251 357
251 466
251 356
251 469
251 468
251 579
251 673
251 440
251 845
251 784
251 553
252 674
252 784
252 782
252 783
252 469
252 470
252 357
252 467
252 358
252 810
252 846
252 359
252 581
252 847
252 352
252 354
252 355
252 678
253 470
253 594
253 593
253 855
253 268
253 460
253 847
253 351
253 355
253 671
253 354
253 349
253 353
253 352
253 379
253 782
253 375
253 481
253 777
253 810
254 679
254 475
254 473
254 680
254 360
254 361
254 786
254 366
254 787
254 688
254 684
254 368
254 364
254 689
254 785
254 256
254 788
254 257
254 794
254 255
254 260
254 792
254 261
254 793
254 849
254 798
254 797
255 360
255 792
255 485
255 484
255 486
255 382
255 483
255 684
255 597
255 261
255 788
255 477
255 812
255 682
255 595
255 689
255 473
255 256
255 787
255 811
255 475
256 257
256 382
256 785
256 786
256 368
256 787
256 260
256 788
256 261
256 360
256 688
256 361
256 681
256 682
256 683
256 684
256 473
256 475
256 792
256 849
256 477
256 794
256 679
257 583
257 368
257 794
257 362
257 793
257 792
257 799
257 475
257 259
257 474
257 797
257 558
257 836
257 786
257 785
257 261
257 333
257 688
257 260
257 790
257 681
257 680
257 849
257 848
257 679
258 358
258 596
258 359
258 595
258 796
258 269
258 380
258 381
258 485
258 482
258 812
258 692
258 811
258 787
258 682
258 683
258 476
258 477
259 679
259 681
259 362
259 680
259 471
259 683
259 472
259 474
259 785
259 786
259 789
259 261
259 558
259 260
259 791
259 790
259 849
259 792
259 583
259 848
259 582
259 794
259 585
260 474
260 679
260 475
260 792
260 793
260 794
260 582
260 583
260 680
260 681
260 683
260 848
260 849
260 558
260 790
260 261
260 362
260 785
260 786
261 382
261 679
261 788
261 787
261 786
261 785
261 796
261 684
261 794
261 683
261 682
261 477
261 849
261 792
261 681
261 475
261 474
261 473
261 361
261 688
261 368
262 803
262 690
262 589
262 478
262 800
262 801
262 768
262 687
262 685
262 764
262 363
263 798
263 368
263 370
263 365
263 364
263 366
263 361
263 589
263 588
263 688
263 804
263 685
263 587
263 686
263 803
263 802
263 797
264 785
264 332
264 362
264 793
264 369
264 680
264 450
264 836
264 653
264 797
264 588
264 799
264 762
264 769
264 445
264 447
264 767
264 802
265 339
265 807
265 806
265 373
265 656
265 266
266 770
266 806
266 852
266 807
266 853
266 851
266 660
266 339
266 656
266 373
267 854
267 345
267 592
267 672
267 667
267 666
267 670
267 459
267 458
267 460
267 463
267 591
267 691
267 481
267 375
267 480
267 374
267 777
267 575
267 809
268 594
268 377
268 378
268 379
268 810
268 855
268 470
268 354
268 593
269 485
269 482
269 581
269 812
269 359
269 596
269 381
269 380
269 692
269 378
269 377
270 488
270 694
270 693
270 367
270 487
271 273
271 272
271 385
271 697
271 384
271 696
271 274
271 698
271 383
271 818
271 598
271 400
271 695
272 400
272 508
272 401
272 509
272 619
272 286
272 273
272 274
272 384
272 385
272 818
272 696
272 697
272 504
273 385
273 383
273 818
273 698
273 288
273 697
273 696
273 400
273 813
273 506
273 695
273 712
273 274
273 509
273 716
274 384
274 385
274 698
274 508
274 509
274 696
274 697
274 600
274 504
274 695
274 598
274 400
274 619
274 383
275 489
275 491
275 490
275 699
275 492
275 701
275 700
275 387
275 386
275 276
275 602
275 814
276 599
276 601
276 699
276 277
276 389
276 492
276 493
276 489
276 490
276 815
277 718
277 516
277 515
277 815
277 512
277 601
277 294
277 493
277 492
277 490
277 820
277 620
277 599
277 719
278 815
278 391
278 388
278 389
278 703
278 603
278 279
278 494
278 495
278 493
279 389
279 391
279 493
279 495
279 494
279 603
279 518
279 703
280 281
280 393
280 394
280 705
280 706
280 707
281 705
281 498
281 708
281 496
281 608
281 393
281 816
281 284
281 707
281 706
282 828
282 390
282 417
282 606
282 607
282 605
282 727
282 527
282 525
282 394
282 708
282 706
282 707
282 704
282 420
283 817
283 816
283 284
283 498
284 816
284 496
284 498
284 705
285 503
285 502
285 497
285 711
285 398
285 610
286 613
286 506
286 504
286 510
286 511
286 508
286 385
286 509
286 402
286 819
286 400
286 401
286 611
286 292
286 821
287 819
287 289
287 402
287 613
287 714
287 614
287 611
287 511
287 510
287 505
287 507
287 292
288 612
288 712
288 715
288 716
288 400
288 818
288 291
288 402
288 819
288 697
288 506
288 510
288 385
289 517
289 429
289 505
289 511
289 297
289 642
289 611
289 290
289 403
289 721
289 613
289 292
289 399
290 431
290 429
290 505
290 717
290 721
290 642
290 613
290 834
290 746
290 297
290 399
290 403
290 635
290 738
291 712
291 715
291 714
291 400
291 716
291 402
291 506
291 819
291 510
291 818
291 612
291 713
292 504
292 821
292 613
292 721
292 401
292 402
292 819
292 611
292 616
292 517
292 509
292 511
293 297
293 721
293 720
293 517
293 514
293 513
293 512
293 406
293 617
293 404
293 295
293 822
293 616
293 294
293 718
293 717
293 615
294 822
294 718
294 719
294 515
294 512
294 513
294 516
294 296
294 406
294 724
294 404
294 623
294 620
295 513
295 406
295 512
295 297
295 514
295 403
295 821
295 399
295 822
295 721
295 720
295 617
295 616
295 717
295 615
295 517
295 404
296 411
296 644
296 724
296 302
296 618
296 620
296 622
296 317
296 514
296 623
296 822
296 405
296 826
296 408
296 641
296 827
297 721
297 717
297 720
297 835
297 834
297 642
297 431
297 822
297 403
297 399
297 743
297 514
297 746
298 301
298 621
298 299
298 824
298 519
298 825
298 412
298 413
298 526
298 523
298 532
298 520
298 528
298 726
298 407
298 622
298 725
298 303
298 722
298 829
299 412
299 301
299 303
299 437
299 302
299 552
299 521
299 523
299 522
299 524
299 753
299 549
299 754
299 622
299 322
299 723
299 825
299 519
299 409
299 726
300 413
300 620
300 621
300 622
300 408
300 303
300 824
300 623
300 411
300 724
300 726
300 823
300 520
300 719
300 518
301 521
301 825
301 519
301 412
301 730
301 437
301 409
301 754
301 726
301 753
301 725
301 723
301 722
301 526
301 322
301 552
301 524
301 523
301 303
301 522
301 622
301 302
302 522
302 723
302 726
302 405
302 641
302 552
302 753
302 408
302 409
302 437
302 644
302 618
302 826
302 827
302 303
302 622
302 623
302 519
303 621
303 623
303 622
303 524
303 520
303 523
303 522
303 413
303 823
303 408
303 726
303 411
303 723
303 722
303 824
303 519
304 393
304 530
304 531
304 533
304 608
304 306
304 496
304 414
304 499
304 423
304 501
304 728
304 708
304 816
305 735
305 307
305 761
305 650
305 649
305 648
305 310
305 529
305 415
305 422
305 759
305 449
305 830
305 624
306 308
306 624
306 414
306 625
306 307
306 533
306 415
306 530
306 531
306 728
306 418
306 727
306 417
307 759
307 330
307 729
307 529
307 649
307 648
307 624
307 534
307 419
307 418
307 415
307 308
308 729
308 416
308 730
308 417
308 418
308 419
308 625
308 526
308 527
308 532
308 534
308 725
308 528
308 727
308 829
308 420
309 628
309 627
309 732
309 626
309 709
309 539
309 397
309 395
309 609
309 535
309 501
309 423
310 415
310 832
310 531
310 529
310 735
310 733
310 422
310 830
310 831
310 624
310 736
311 541
311 540
311 427
311 426
311 537
311 536
311 629
311 631
311 630
312 741
312 315
312 316
312 833
312 632
312 633
312 636
312 639
312 542
312 543
312 545
312 739
312 430
313 546
313 544
313 635
313 634
313 835
313 637
313 642
313 431
313 429
313 428
313 738
314 634
314 543
314 342
314 343
314 340
314 662
314 663
314 775
314 658
314 544
314 545
314 771
314 457
314 740
314 741
314 739
314 638
315 542
315 636
315 639
316 430
316 833
316 636
316 740
316 741
316 544
316 633
316 545
316 542
316 543
316 739
316 428
317 641
317 747
317 555
317 742
317 514
317 618
317 827
317 826
317 405
317 717
317 644
317 319
318 547
318 548
318 432
318 433
318 668
318 347
318 344
318 576
318 745
318 750
318 751
318 752
318 320
318 749
318 464
318 778
318 461
318 779
318 573
318 776
319 618
319 405
319 748
319 514
319 835
319 834
319 747
319 746
319 822
319 641
319 827
319 826
319 743
319 742
319 717
320 745
320 576
320 573
320 758
320 749
320 776
320 464
320 751
320 465
320 779
320 327
320 461
320 668
320 344
320 346
320 347
320 547
320 432
320 433
320 752
321 356
321 435
321 434
321 468
321 324
321 436
321 845
321 755
321 646
321 554
321 645
321 553
321 781
321 757
321 756
321 557
321 440
321 551
321 323
322 550
322 522
322 437
322 549
322 521
322 435
322 519
322 326
322 325
322 754
322 446
322 753
322 723
322 443
322 412
322 552
322 524
322 438
323 554
323 356
323 324
323 327
323 435
323 755
323 781
323 643
323 757
323 436
323 756
323 579
323 439
323 758
323 441
323 646
323 440
323 442
323 553
324 557
324 755
324 553
324 554
324 645
324 436
324 646
324 438
324 434
324 435
324 440
324 468
324 550
324 551
324 756
325 446
325 444
325 443
325 651
325 551
325 550
325 412
325 760
325 328
325 549
325 730
325 825
325 438
325 552
325 524
325 326
325 435
325 521
325 754
326 435
326 438
326 651
326 328
326 557
326 521
326 645
326 443
326 760
326 550
326 551
326 446
326 549
326 444
326 754
327 749
327 579
327 751
327 441
327 745
327 744
327 442
327 747
327 465
327 464
327 439
327 461
327 432
327 757
327 758
327 646
327 554
327 643
328 550
328 551
328 759
328 760
328 556
328 648
328 443
328 559
328 444
328 651
328 446
328 330
328 448
328 331
329 763
329 762
329 848
329 331
329 790
329 362
329 448
329 333
329 332
329 559
329 558
329 447
329 837
329 556
329 445
329 836
329 769
330 529
330 448
330 729
330 761
330 650
330 624
330 648
330 649
330 444
330 559
330 556
330 759
330 419
331 333
331 332
331 848
331 651
331 760
331 763
331 471
331 789
331 647
331 790
331 557
331 556
331 837
331 448
331 558
332 558
332 362
332 767
332 848
332 762
332 763
332 445
332 680
332 769
332 447
332 836
332 837
332 790
332 333
333 583
333 789
333 558
333 837
333 836
333 471
333 769
333 447
333 680
333 362
333 763
333 445
333 762
333 848
333 790
334 425
334 562
334 731
334 736
334 765
334 335
334 654
335 422
335 654
335 650
335 736
335 731
335 830
335 449
336 840
336 561
336 562
336 563
336 564
336 338
336 652
336 766
336 655
336 838
336 768
337 338
337 538
337 537
337 563
337 426
337 562
337 425
337 652
337 560
337 564
337 731
337 765
338 652
338 426
338 564
338 563
338 838
338 560
339 570
339 657
339 656
339 842
339 770
339 660
339 807
339 806
339 569
340 542
340 739
340 545
340 452
340 632
340 771
340 453
340 640
340 341
340 342
340 343
340 565
340 741
341 640
341 565
341 453
341 452
341 632
341 342
341 570
341 569
341 568
341 773
341 456
341 545
341 771
341 841
342 739
342 545
342 740
342 741
342 662
342 343
342 454
342 452
342 543
342 453
342 640
342 771
343 771
343 663
343 545
343 662
343 659
343 658
343 741
343 740
343 452
343 455
343 454
343 571
343 739
344 779
344 433
344 745
344 668
344 750
344 669
344 576
344 752
344 573
344 457
344 547
344 347
344 548
344 775
344 461
344 778
345 575
345 480
345 779
345 375
345 777
345 459
345 458
345 667
345 666
345 463
345 577
345 462
345 671
345 670
345 460
345 669
345 349
345 348
345 591
346 462
346 575
346 580
346 461
346 573
346 578
346 576
346 577
346 347
346 469
346 464
346 465
346 779
346 751
346 776
346 671
346 677
347 465
347 573
347 464
347 577
347 576
347 745
347 461
347 758
347 677
347 462
347 751
347 432
347 547
347 776
347 779
347 668
348 463
348 458
348 669
348 780
348 459
348 670
348 664
348 665
348 666
348 573
348 574
348 772
348 571
348 672
349 671
349 670
349 667
349 782
349 591
349 470
349 593
349 855
349 575
349 353
349 777
349 352
349 460
349 379
349 351
349 578
349 375
349 481
349 480
350 795
350 584
350 585
350 674
350 675
350 846
350 358
350 678
350 468
350 845
350 357
350 472
350 783
350 784
350 791
350 582
351 470
351 375
351 782
351 777
351 671
351 379
351 847
351 577
351 677
351 578
351 460
351 353
351 575
351 352
351 469
351 355
352 353
352 354
352 671
352 355
352 467
352 469
352 470
352 594
352 784
352 847
352 379
352 782
352 810
352 578
352 581
353 594
353 593
353 460
353 379
353 481
353 578
353 375
353 777
353 575
353 782
353 810
353 470
353 855
353 671
354 378
354 379
354 377
354 810
354 581
354 470
354 467
354 358
354 359
354 692
354 847
354 355
354 594
354 380
354 381
355 678
355 847
355 846
355 467
355 466
355 469
355 470
355 357
355 578
355 581
355 784
355 783
355 782
355 810
355 674
355 676
356 756
356 757
356 579
356 673
356 758
356 436
356 674
356 845
356 846
356 440
356 442
356 468
356 781
356 553
356 783
356 357
356 554
356 465
356 580
356 466
356 676
357 783
357 678
357 781
357 676
357 674
357 673
357 847
357 846
357 469
357 845
357 784
357 468
357 466
357 756
357 580
358 482
358 381
358 692
358 476
358 467
358 795
358 585
358 675
358 796
358 678
358 359
358 847
358 582
358 581
358 380
359 596
359 467
359 381
359 380
359 847
359 810
359 377
359 594
359 378
359 692
359 581
359 482
360 475
360 483
360 484
360 486
360 487
360 788
360 382
360 798
360 361
360 684
360 597
360 689
360 686
360 366
360 473
361 797
361 804
361 689
361 849
361 688
361 684
361 366
361 475
361 785
361 368
361 364
361 473
361 788
361 794
361 793
361 792
361 679
361 802
361 798
362 794
362 848
362 793
362 680
362 474
362 769
362 558
362 836
362 837
362 790
362 679
362 447
362 789
362 786
362 583
362 445
362 762
362 785
362 799
363 685
363 687
363 369
363 764
363 450
363 587
363 589
363 588
363 801
363 365
363 800
363 803
363 478
363 802
364 788
364 785
364 475
364 588
364 688
364 804
364 849
364 587
364 802
364 680
364 797
364 368
364 798
364 369
364 799
364 793
364 679
364 794
364 365
364 366
365 589
365 588
365 587
365 370
365 369
365 366
365 688
365 804
365 686
365 803
365 685
365 478
365 802
365 801
365 798
365 797
366 686
366 587
366 788
366 370
366 368
366 688
366 793
366 689
366 798
366 797
366 802
366 804
366 475
366 679
366 473
367 586
367 805
367 686
367 694
367 487
367 370
368 792
368 793
368 794
368 802
368 679
368 804
368 797
368 798
368 587
368 369
368 799
368 588
368 688
368 785
368 473
368 788
368 475
368 680
368 849
369 767
369 769
369 679
369 802
369 793
369 799
369 797
369 785
369 688
369 587
369 445
369 680
369 762
369 588
369 450
369 685
369 836
370 798
370 694
370 804
370 488
370 487
370 589
370 586
370 686
371 844
371 808
371 774
371 661
371 851
371 850
371 852
371 479
371 372
371 567
371 376
371 572
372 844
372 852
372 661
372 774
372 850
372 851
372 808
372 567
372 479
373 844
373 567
373 853
373 852
373 808
373 851
373 807
373 806
373 660
374 809
374 592
374 591
374 459
374 854
374 376
374 463
374 480
374 481
374 667
374 691
375 460
375 855
375 854
375 379
375 671
375 481
375 480
375 667
375 782
375 777
375 575
375 593
375 591
376 809
376 479
376 661
376 691
376 850
376 672
376 463
376 592
377 692
377 581
377 379
377 378
377 381
377 855
377 380
377 810
377 470
377 594
377 593
378 380
378 381
378 596
378 594
378 692
378 482
378 810
378 581
379 470
379 855
379 593
379 594
379 481
379 777
379 782
379 810
380 596
380 482
380 581
380 692
380 467
380 381
381 596
381 482
381 692
381 581
381 467
381 811
382 484
382 595
382 788
382 597
382 684
382 689
382 475
382 473
382 477
382 483
382 486
382 787
383 813
383 695
383 598
383 385
383 697
383 696
383 698
384 387
384 600
384 602
384 619
384 598
384 696
384 814
384 508
385 818
385 698
385 697
385 696
385 506
385 716
385 504
385 509
385 400
385 695
386 602
386 600
386 601
386 619
386 387
386 492
386 490
386 820
386 491
386 814
386 489
386 700
386 701
386 699
387 491
387 820
387 492
387 601
387 600
387 701
387 700
387 602
387 508
387 619
387 489
387 814
388 495
388 391
389 603
389 703
389 495
389 494
389 493
389 490
389 599
389 815
389 391
390 394
390 392
390 525
390 828
390 606
390 410
390 607
390 604
390 605
390 704
390 407
391 703
391 604
391 392
391 495
391 603
391 494
392 605
392 606
392 494
392 704
392 518
392 410
392 525
392 604
393 608
393 816
393 707
393 706
393 705
393 708
393 414
393 496
394 606
394 706
394 702
394 707
395 709
395 816
395 397
395 396
395 499
395 628
395 501
395 500
395 423
395 609
396 500
396 497
396 397
396 817
396 609
396 709
396 710
396 732
397 628
397 709
397 423
397 627
397 626
397 421
397 732
397 539
397 535
397 609
397 501
397 500
397 710
398 610
398 421
398 427
398 541
398 497
398 502
398 503
398 710
398 711
399 611
399 403
399 721
399 642
399 511
399 429
399 505
399 717
399 517
399 746
399 613
400 504
400 506
400 818
400 819
400 509
400 402
400 510
400 697
400 712
400 716
401 619
401 821
401 617
401 616
401 504
401 509
401 611
401 508
401 721
401 615
401 613
401 517
402 614
402 612
402 613
402 611
402 510
402 511
402 819
402 509
402 506
402 714
403 613
403 834
403 514
403 717
403 517
403 746
403 721
403 720
403 505
403 642
404 513
404 616
404 617
404 718
404 701
404 406
404 601
404 720
404 615
404 820
404 821
404 516
404 822
404 517
404 512
405 409
405 408
405 742
405 514
405 644
405 623
405 622
405 641
405 618
405 827
405 826
406 616
406 822
406 617
406 720
406 514
406 615
406 512
406 513
406 718
406 516
407 829
407 410
407 828
407 725
407 824
407 722
407 823
407 605
407 532
407 604
407 607
407 525
407 528
407 527
407 704
407 520
407 420
407 413
408 726
408 618
408 409
408 644
408 826
408 620
408 411
408 827
408 621
408 622
408 623
408 519
408 522
408 724
409 522
409 437
409 641
409 827
409 826
409 524
409 753
409 644
409 723
409 618
409 622
409 555
409 519
409 552
410 829
410 704
410 824
410 607
410 604
410 605
410 413
410 525
410 520
410 621
410 722
410 823
410 528
410 518
410 828
411 621
411 824
411 620
411 623
411 622
411 413
411 520
411 823
411 724
411 726
411 719
411 518
412 444
412 725
412 446
412 722
412 723
412 825
412 443
412 534
412 552
412 524
412 526
412 521
412 523
412 519
412 416
412 730
413 520
413 518
413 621
413 703
413 824
413 823
413 726
413 525
413 722
414 530
414 527
414 727
414 496
414 533
414 417
414 708
414 608
415 735
415 624
415 728
415 533
415 830
415 529
415 531
415 530
415 422
415 733
416 532
416 521
416 534
416 526
416 419
416 729
416 730
416 825
416 443
416 444
416 725
417 607
417 708
417 828
417 625
417 530
417 533
417 727
417 418
417 527
417 420
418 624
418 625
418 729
418 420
418 727
418 534
418 419
418 532
418 533
418 530
418 527
418 531
419 444
419 526
419 532
419 534
419 648
419 729
419 825
419 730
419 625
419 624
420 625
420 828
420 607
420 829
420 725
420 727
420 525
420 527
420 532
420 528
421 732
421 536
421 609
421 710
421 630
421 628
421 535
421 503
421 737
421 626
421 497
421 427
421 541
422 449
422 733
422 736
422 832
422 830
422 735
422 831
423 831
423 501
423 499
423 733
423 627
423 816
423 728
423 531
424 832
424 831
424 535
424 536
424 537
424 538
424 539
424 626
424 627
424 628
424 629
424 630
424 737
424 734
425 562
425 560
425 731
425 765
425 734
425 538
425 537
425 629
425 426
425 652
426 538
426 537
426 629
426 560
426 540
427 541
427 540
427 737
427 631
427 630
427 503
427 502
427 711
427 710
428 833
428 740
428 741
428 543
428 738
428 739
428 637
428 633
428 634
428 635
428 429
428 544
428 430
429 833
429 635
429 633
429 642
429 505
429 430
429 738
430 507
430 741
430 635
430 633
430 636
430 543
430 833
431 635
431 746
431 546
431 743
431 835
431 637
431 738
431 834
431 642
432 751
432 461
432 643
432 439
432 579
432 554
432 464
432 757
432 465
432 758
432 744
432 745
432 441
432 442
432 749
433 547
433 752
433 548
433 576
433 573
433 778
433 457
433 750
433 668
433 638
433 775
434 471
434 468
434 557
434 553
434 551
434 440
434 651
434 845
434 789
434 647
434 435
434 645
434 837
434 584
435 446
435 755
435 754
435 645
435 646
435 437
435 651
435 436
435 549
435 438
435 551
435 550
435 553
435 557
436 579
436 755
436 440
436 442
436 553
436 554
436 781
436 645
436 646
436 756
436 757
436 439
436 643
437 549
437 519
437 755
437 555
437 754
437 753
437 552
437 524
437 723
437 646
437 522
437 644
437 438
438 651
438 443
438 760
438 446
438 754
438 755
438 552
438 645
438 557
438 521
438 524
438 550
438 551
438 549
439 441
439 442
439 757
439 758
439 749
439 751
439 755
439 745
439 744
439 747
439 646
439 555
439 554
439 643
440 757
440 781
440 468
440 783
440 553
440 554
440 579
440 673
440 646
440 580
440 674
440 676
440 442
440 845
440 755
440 756
440 466
441 747
441 744
441 749
441 643
441 755
441 555
441 554
441 646
441 757
441 442
441 742
442 580
442 745
442 673
442 758
442 579
442 756
442 757
442 755
442 464
442 465
442 781
442 646
442 751
442 643
442 554
442 749
443 549
443 730
443 551
443 651
443 760
443 550
443 825
443 521
443 754
443 534
443 524
443 444
443 446
444 549
444 648
444 534
444 729
444 730
444 825
444 556
444 521
444 760
444 446
445 836
445 767
445 653
445 763
445 762
445 848
445 769
445 680
445 447
445 799
445 450
446 550
446 551
446 521
446 549
446 754
446 651
446 730
446 760
447 767
447 653
447 769
447 763
447 762
447 836
447 848
448 648
448 649
448 650
448 651
448 759
448 556
448 559
448 760
448 761
448 763
449 830
449 736
449 650
449 649
449 654
449 761
449 529
450 802
450 767
450 801
450 764
450 762
450 769
450 685
450 588
450 799
450 836
450 587
450 653
451 567
451 452
451 566
451 455
451 569
451 454
451 456
451 572
451 843
451 844
451 808
451 774
451 853
452 456
452 773
452 565
452 566
452 771
452 453
452 454
452 568
452 455
452 569
453 570
453 569
453 568
453 640
453 545
453 455
453 454
453 773
453 566
453 565
453 771
453 841
453 632
453 456
454 571
454 456
454 771
454 843
454 566
454 772
454 455
454 659
454 662
454 663
455 662
455 572
455 659
455 571
455 772
455 566
455 771
455 456
455 843
456 841
456 565
456 566
456 568
456 771
456 569
456 570
456 773
457 658
457 778
457 547
457 663
457 662
457 780
457 548
457 634
457 740
457 638
457 571
457 775
457 750
458 574
458 575
458 573
458 670
458 669
458 462
458 779
458 666
458 463
458 667
458 460
458 459
458 577
459 854
459 460
459 463
459 575
459 665
459 574
459 672
459 480
459 667
459 591
459 666
459 669
459 670
460 480
460 667
460 782
460 777
460 591
460 575
460 462
460 577
460 578
460 677
460 670
460 671
461 465
461 464
461 668
461 758
461 576
461 779
461 751
461 776
461 749
461 547
461 573
461 745
462 465
462 578
462 576
462 670
462 577
462 671
462 677
462 669
462 779
462 776
462 575
462 573
463 574
463 661
463 691
463 670
463 665
463 672
463 592
463 667
463 666
463 809
463 854
464 673
464 465
464 466
464 676
464 677
464 757
464 758
464 554
464 745
464 576
464 579
464 749
464 580
464 751
464 776
464 781
465 469
465 579
465 578
465 758
465 577
465 779
465 673
465 745
465 580
465 776
465 554
465 466
465 751
465 677
465 781
465 676
466 756
466 554
466 673
466 580
466 578
466 579
466 468
466 469
466 846
466 845
466 784
466 783
466 676
466 677
466 758
466 781
466 674
467 847
467 846
467 692
467 810
467 784
467 482
467 795
467 678
467 581
468 584
468 676
468 678
468 845
468 846
468 673
468 784
468 674
468 675
468 580
468 781
468 553
468 783
468 756
469 782
469 781
469 580
469 678
469 677
469 578
469 676
469 577
469 674
469 673
469 784
469 847
469 846
469 671
469 783
470 593
470 782
470 810
470 855
470 847
470 581
470 594
471 675
471 583
471 789
471 557
471 791
471 790
471 837
471 558
471 472
471 474
471 647
471 585
471 584
471 848
472 584
472 789
472 585
472 791
472 795
472 675
472 681
472 474
472 582
472 583
473 798
473 595
473 684
473 483
473 597
473 475
473 689
473 486
473 477
473 484
473 787
473 788
473 849
473 792
473 682
474 476
474 786
474 582
474 796
474 583
474 794
474 792
474 682
474 683
474 681
474 558
474 585
474 848
474 849
474 790
474 791
474 789
475 683
475 682
475 792
475 684
475 794
475 798
475 785
475 787
475 477
475 679
475 786
475 788
475 849
475 689
475 688
476 582
476 796
476 681
476 682
476 683
476 795
476 482
476 791
476 811
476 585
476 787
476 477
477 486
477 485
477 796
477 482
477 792
477 812
477 811
477 787
477 595
477 683
477 849
477 682
477 681
478 685
478 587
478 764
478 803
478 800
478 801
478 589
478 690
478 687
479 572
479 661
479 844
479 592
479 850
479 774
479 567
479 808
480 481
480 691
480 591
480 575
480 854
480 667
480 777
481 855
481 854
481 667
481 593
481 591
481 691
481 777
482 812
482 581
482 811
482 485
482 796
482 596
482 692
482 595
483 597
483 689
483 684
483 693
483 484
483 486
483 788
483 488
484 684
484 689
484 597
484 788
484 595
484 486
485 812
485 787
485 811
485 596
485 595
485 486
485 796
485 682
485 692
486 788
486 811
486 595
486 812
486 597
486 787
486 684
487 597
487 693
487 694
487 689
487 686
487 798
487 488
488 694
488 597
488 689
488 686
488 693
489 820
489 699
489 491
489 490
489 701
489 700
489 492
489 599
489 602
489 601
489 815
489 600
489 814
490 699
490 492
490 493
490 599
490 815
490 700
490 601
491 602
491 492
491 814
491 699
491 701
491 700
491 600
492 600
492 699
492 601
492 599
492 820
492 700
492 701
492 815
493 495
493 603
493 494
493 599
493 515
493 815
493 703
494 823
494 518
494 603
494 495
494 604
494 703
495 703
495 518
495 603
496 498
496 499
496 608
496 705
496 816
496 708
497 535
497 500
497 610
497 609
497 710
497 732
497 503
497 502
498 816
498 705
499 501
499 728
499 816
499 608
499 530
500 709
500 609
500 817
501 627
501 816
501 609
501 709
501 728
502 710
502 711
502 610
502 503
502 541
503 732
503 535
503 610
503 630
503 541
503 737
503 626
503 711
503 710
504 619
504 821
504 600
504 517
504 508
504 509
504 616
505 611
505 511
505 614
505 613
506 509
506 716
506 715
506 712
506 612
506 818
506 819
506 697
506 510
507 713
507 614
507 714
507 633
507 636
507 833
508 820
508 821
508 600
508 509
508 619
509 821
509 819
509 818
509 510
509 697
510 511
510 818
510 819
510 714
510 715
510 712
510 713
510 716
510 611
510 614
510 612
511 613
511 714
511 614
511 819
511 611
512 616
512 719
512 617
512 620
512 822
512 615
512 720
512 513
512 515
512 516
512 718
513 517
513 516
513 615
513 721
513 822
513 720
513 821
513 820
513 718
513 617
513 616
514 746
514 720
514 717
514 822
514 618
514 834
515 516
515 719
515 718
515 724
515 620
515 599
515 601
515 603
516 617
516 701
516 599
516 820
516 601
516 615
516 718
516 719
516 620
517 617
517 616
517 615
517 613
517 611
517 721
517 720
517 821
518 824
518 621
518 703
518 823
518 724
518 520
518 603
518 604
519 521
519 523
519 522
519 622
519 753
519 754
519 726
519 723
519 644
519 552
519 524
520 621
520 823
520 824
520 703
520 722
520 724
520 726
521 723
521 523
521 754
521 550
521 549
521 730
521 526
521 524
521 552
521 534
521 825
522 826
522 754
522 827
522 753
522 622
522 524
522 644
522 555
522 641
522 552
522 723
523 723
523 622
523 722
523 725
523 825
523 824
523 726
523 532
523 524
523 526
523 730
524 723
524 552
524 753
524 754
524 549
524 622
524 730
524 825
524 526
524 726
525 527
525 704
525 607
525 606
525 605
525 604
525 829
525 828
525 528
526 825
526 829
526 528
526 722
526 534
526 532
526 725
526 730
527 605
527 607
527 829
527 828
527 727
527 532
527 528
527 625
528 722
528 725
528 532
528 727
528 625
528 605
528 607
528 828
528 829
529 624
529 761
529 650
529 649
529 648
529 729
529 559
529 759
529 830
530 531
530 728
530 727
530 533
531 624
531 831
531 533
531 728
531 733
531 735
532 725
532 727
532 722
532 828
532 829
532 730
532 825
532 625
532 534
533 728
533 727
533 624
534 730
534 729
534 625
534 825
534 725
535 709
535 710
535 628
535 630
535 737
535 732
535 541
535 626
535 536
535 539
535 609
536 626
536 737
536 628
536 537
536 629
536 732
536 538
536 630
536 539
536 631
536 734
536 541
536 710
537 538
537 731
537 765
537 629
537 734
537 560
538 731
538 629
538 765
538 734
538 560
539 831
539 627
539 626
539 628
539 832
539 733
539 734
540 629
540 630
540 631
540 541
541 732
541 631
541 630
541 626
541 711
541 710
541 737
542 632
542 545
542 633
542 639
542 636
542 640
542 739
542 741
542 543
543 741
543 740
543 545
543 544
543 658
543 833
543 739
543 637
543 638
543 633
543 635
543 634
544 739
544 740
544 741
544 658
544 633
544 634
544 635
544 637
544 638
545 632
545 739
545 741
545 640
545 771
546 642
546 750
546 637
546 743
546 634
546 635
546 738
546 834
546 548
546 835
547 778
547 668
547 548
547 752
547 576
547 750
547 775
547 573
548 638
548 668
548 775
548 750
548 752
548 778
549 760
549 645
549 552
549 754
549 551
549 550
550 760
550 557
550 651
550 754
550 551
550 645
550 552
551 557
551 754
551 651
551 645
551 647
551 760
552 753
552 754
552 723
552 622
553 584
553 676
553 646
553 645
553 554
553 755
553 781
553 557
553 756
553 845
554 676
554 749
554 758
554 646
554 756
554 757
554 673
554 755
554 580
554 643
554 579
554 781
554 751
555 753
555 744
555 747
555 641
555 643
555 644
555 742
555 827
555 826
556 760
556 761
556 648
556 649
556 763
556 651
556 759
556 559
557 651
557 837
557 647
557 645
557 789
557 760
557 584
558 680
558 790
558 789
558 794
558 848
558 583
558 647
558 762
558 763
558 836
558 837
559 649
559 648
559 759
559 650
559 761
559 763
560 652
560 731
560 765
560 562
560 563
560 564
561 768
561 840
561 839
561 838
561 766
561 764
561 655
561 563
561 652
561 562
562 652
562 731
562 564
562 765
562 563
563 838
563 840
563 765
563 564
563 766
563 652
563 655
564 652
564 765
564 840
564 838
565 771
565 657
565 640
565 570
565 569
565 568
565 842
565 841
565 773
566 570
566 568
566 569
566 572
566 660
566 773
566 567
567 661
567 808
567 853
567 852
567 572
567 844
567 851
567 774
567 850
567 843
568 657
568 569
568 570
568 841
568 842
568 771
568 773
569 770
569 773
569 570
569 657
569 842
569 841
569 660
570 657
570 773
570 842
570 770
570 807
570 841
570 660
571 843
571 772
571 775
571 659
571 658
571 663
571 662
571 780
571 665
571 574
571 664
572 772
572 808
572 774
572 665
572 661
572 844
572 850
572 851
572 843
573 577
573 576
573 670
573 669
573 668
573 780
573 779
573 778
573 776
574 780
574 672
574 659
574 843
574 661
574 666
574 664
574 665
574 772
574 669
575 677
575 578
575 777
575 591
575 776
575 779
575 671
575 670
575 667
575 666
575 577
576 668
576 669
576 776
576 778
576 779
576 745
576 751
577 578
577 671
577 670
577 779
577 776
577 677
578 580
578 782
578 677
578 776
578 671
579 758
579 646
579 580
579 781
579 745
579 673
579 676
579 751
579 757
579 756
580 751
580 756
580 758
580 781
580 783
580 776
580 676
580 677
580 673
581 594
581 847
581 692
581 810
581 678
582 791
582 584
582 585
582 682
582 683
582 681
582 795
582 583
582 675
582 796
582 786
583 848
583 585
583 584
583 789
583 675
583 647
583 791
583 790
583 786
583 837
583 681
584 789
584 791
584 845
584 585
584 647
584 675
584 837
585 675
585 678
585 791
585 683
585 681
585 795
585 796
586 589
586 805
586 800
587 793
587 801
587 803
587 802
587 797
587 804
587 799
587 798
587 688
587 589
587 588
587 685
588 804
588 797
588 769
588 799
588 793
588 767
588 801
588 688
588 802
588 803
588 685
588 680
589 801
589 800
589 687
589 685
589 804
589 803
590 839
590 766
590 840
590 687
590 690
590 655
590 768
591 671
591 670
591 854
591 777
591 667
591 691
592 809
592 691
592 661
592 850
592 672
592 854
593 594
593 810
593 777
593 855
594 855
594 847
594 810
595 796
595 682
595 684
595 811
595 812
595 787
595 596
596 811
596 692
596 812
597 693
597 689
597 788
597 684
598 696
598 814
598 695
598 602
599 719
599 601
599 815
599 603
599 699
600 820
600 617
600 619
600 700
600 701
600 602
601 815
601 617
601 820
601 699
601 718
601 701
602 701
602 814
602 700
603 703
603 823
604 704
604 828
604 605
604 606
604 607
605 607
605 606
605 704
605 828
606 607
606 706
606 702
606 707
606 704
606 828
607 727
607 829
607 828
607 704
608 816
608 705
608 706
608 707
608 708
609 710
609 709
609 626
609 732
609 628
610 710
610 711
611 613
611 614
611 714
611 721
611 819
612 819
612 712
612 713
612 714
612 715
612 614
613 721
613 821
613 614
614 714
614 713
614 819
615 617
615 616
615 619
615 721
615 720
615 718
615 821
615 820
615 701
616 820
616 821
616 720
616 721
616 718
616 617
616 619
617 701
617 821
617 820
617 718
617 619
618 644
618 623
618 822
618 742
618 641
618 826
618 827
619 701
619 821
619 820
620 724
620 719
620 623
621 824
621 823
621 623
621 622
621 726
621 724
622 644
622 723
622 826
622 726
622 827
622 824
622 753
622 623
623 719
623 827
623 826
623 724
623 644
624 830
624 759
624 729
624 735
624 648
624 649
625 829
625 727
625 725
626 628
626 629
626 627
626 737
626 710
626 734
626 630
626 732
627 832
627 733
627 831
627 734
627 709
627 628
628 732
628 737
628 709
628 710
629 631
629 630
629 734
629 737
630 737
630 710
630 631
630 734
630 732
631 737
632 640
633 741
633 635
633 639
633 636
633 833
634 738
634 739
634 658
634 775
634 638
634 637
634 635
634 740
634 741
635 738
635 642
635 833
635 637
636 833
636 639
637 638
637 740
637 738
637 642
638 658
638 775
638 662
638 663
638 778
638 740
638 750
640 771
640 739
641 827
641 826
641 742
641 753
641 747
641 744
641 644
642 746
642 717
642 743
642 738
642 834
642 835
643 757
643 758
643 646
643 744
643 747
643 749
643 755
643 751
644 742
644 747
644 753
644 826
644 827
644 723
645 760
645 651
645 755
645 647
646 755
646 758
646 756
646 757
647 651
647 837
647 789
647 790
648 649
648 729
648 759
648 761
649 650
649 759
649 761
650 654
650 759
650 763
650 761
651 837
651 760
652 840
652 765
652 766
652 838
653 767
653 762
653 769
654 761
654 736
655 840
655 768
655 766
655 839
655 838
656 806
656 770
656 842
656 807
656 657
656 660
657 660
657 807
657 770
657 773
657 842
657 841
658 775
658 740
658 739
658 662
658 663
658 659
659 663
659 662
659 780
659 665
659 664
659 843
659 772
660 773
660 842
660 770
660 806
660 807
660 852
660 853
660 851
660 808
661 665
661 844
661 843
661 672
661 774
661 850
661 772
662 771
662 663
662 775
662 739
662 740
663 664
663 740
663 780
663 772
663 775
664 672
664 665
664 666
664 772
664 780
664 843
665 843
665 666
665 672
665 774
665 772
665 850
665 780
666 670
666 669
666 667
666 672
666 780
667 691
667 671
667 670
667 854
667 777
668 778
668 669
668 779
668 750
668 776
669 780
669 779
669 778
669 670
670 671
670 779
670 776
670 777
671 782
671 777
671 677
672 809
672 850
672 843
672 772
673 677
673 676
673 845
673 758
673 757
673 756
673 783
673 751
673 781
673 674
674 783
674 784
674 781
674 756
674 678
674 846
674 676
674 845
674 675
674 795
675 845
675 846
675 678
675 681
675 783
675 791
675 795
676 781
676 783
676 756
676 784
676 758
676 845
676 846
676 677
677 782
677 779
677 776
678 783
678 846
678 795
678 847
678 845
678 784
679 802
679 680
679 785
679 786
679 797
679 688
679 799
679 849
679 793
679 792
679 794
680 790
680 688
680 762
680 793
680 794
680 836
680 797
680 802
680 799
680 769
680 848
680 849
680 785
680 786
681 791
681 795
681 794
681 849
681 792
681 796
681 683
681 682
681 787
681 786
682 812
682 811
682 849
682 683
682 786
682 787
682 796
682 792
683 792
683 794
683 796
683 787
683 786
683 811
683 791
683 849
684 798
684 792
684 689
684 849
684 788
684 787
685 804
685 803
685 764
685 802
685 801
685 799
685 687
685 797
686 798
686 689
686 694
686 693
686 804
687 801
687 800
687 690
687 803
687 764
687 768
688 792
688 849
688 793
688 794
688 802
688 804
688 797
688 798
688 799
688 785
688 788
689 788
689 798
690 768
690 800
690 839
691 809
691 854
692 812
692 811
693 694
694 805
695 813
695 697
695 696
695 698
696 697
696 698
697 813
697 818
697 712
697 716
697 698
698 716
698 813
698 818
699 815
699 700
700 814
700 701
701 718
701 820
702 707
703 724
703 823
704 828
705 816
706 708
706 707
707 708
708 727
709 732
710 732
710 737
712 818
712 715
712 716
713 715
713 714
713 819
714 715
714 819
715 819
716 818
716 813
717 746
717 822
717 743
717 835
717 834
717 720
718 719
718 820
719 724
720 746
720 822
720 721
721 821
722 829
722 824
722 825
722 730
722 726
722 725
723 753
723 726
723 754
724 823
725 825
725 824
725 730
725 829
725 726
726 823
726 824
727 829
727 828
728 831
728 733
728 735
729 759
729 730
729 825
730 825
731 832
731 736
731 765
731 734
732 737
733 735
733 832
733 831
733 830
733 736
734 832
734 737
735 832
735 831
735 830
735 736
736 832
736 830
738 834
738 835
739 741
739 740
739 771
740 741
740 775
741 833
742 826
742 827
742 747
742 744
742 748
743 835
743 834
743 752
743 748
743 746
744 747
744 752
744 748
744 749
745 776
745 751
745 749
745 758
745 757
746 834
746 835
747 749
747 748
747 827
748 752
748 749
748 834
748 835
749 758
749 757
749 752
749 751
750 775
750 778
750 752
751 776
751 757
751 758
751 781
752 835
753 754
753 827
753 826
754 755
755 757
756 757
756 758
756 781
756 783
756 845
757 758
757 781
758 781
759 761
762 790
762 767
762 785
762 763
762 799
762 848
762 793
762 769
762 836
763 848
763 836
763 769
764 766
764 768
764 801
764 803
766 838
766 839
766 840
766 768
767 836
767 799
767 769
768 838
768 839
768 840
769 799
769 836
770 853
770 842
770 841
770 806
770 807
770 773
772 774
772 843
772 780
773 841
773 842
774 851
774 843
774 844
774 808
774 850
775 780
775 778
776 779
777 855
777 854
777 782
778 780
781 783
781 845
782 855
782 784
782 810
782 847
783 845
783 847
783 846
783 784
784 845
784 846
784 847
785 790
785 802
785 836
785 794
785 849
785 793
785 848
785 792
785 799
785 797
785 786
786 796
786 794
786 792
786 790
786 791
786 787
786 848
786 849
787 811
787 812
787 788
787 849
787 792
787 796
788 798
788 792
788 849
789 848
789 837
789 791
789 790
790 794
790 848
790 836
790 837
791 796
791 795
792 849
792 794
792 796
793 802
793 794
793 836
793 799
793 797
793 849
794 799
794 797
794 848
794 849
795 846
795 796
796 811
797 804
797 802
797 799
797 798
797 849
798 802
798 804
799 836
799 802
800 801
800 803
801 803
801 802
801 804
802 804
803 804
806 853
806 807
807 853
808 844
808 850
808 851
808 852
808 853
809 850
809 854
810 855
810 847
811 812
823 824
826 827
828 829
830 831
830 832
831 832
834 835
836 848
837 848
838 840
838 839
839 840
841 842
843 844
843 850
844 852
844 853
844 850
844 851
845 846
846 847
851 853
851 852
852 853
