0 789
0 790
0 791
0 309
1 669
1 668
1 1169
1 189
1 425
1 428
1 560
1 2
2 1169
2 920
2 313
2 1411
2 428
2 425
3 1046
3 561
3 667
3 666
3 922
3 1413
3 921
3 1412
3 201
4 920
4 921
4 794
4 201
5 1047
5 1288
5 923
5 310
5 309
5 668
5 666
6 1045
6 189
6 190
6 1539
6 1642
6 560
6 791
7 1048
7 8
7 312
8 1170
8 189
8 190
8 1744
8 1415
8 428
8 669
8 1287
9 1293
9 10
9 314
9 193
9 315
9 1545
9 1051
10 1754
10 1051
10 1050
10 801
10 315
10 314
11 564
11 1649
11 1175
11 1057
12 931
12 195
12 196
12 430
12 805
12 1173
12 1060
13 806
13 197
14 1767
14 200
14 807
14 323
14 324
15 672
15 594
15 593
16 686
16 1780
16 582
16 1190
16 202
17 941
17 940
17 826
17 1303
17 684
18 1192
18 1653
18 1290
18 1195
19 798
19 1561
19 24
19 799
19 693
19 692
20 1432
20 1076
20 589
20 1562
20 1563
20 691
21 698
21 206
21 697
21 1441
21 587
21 1440
21 586
21 1201
21 207
22 223
22 694
22 1784
22 219
22 1559
22 329
22 1660
23 688
23 440
23 316
23 585
23 1436
23 942
24 1561
24 1787
24 692
24 693
24 799
25 441
25 439
25 1431
25 1437
25 1200
25 1439
25 330
25 696
25 695
26 573
26 331
26 1438
27 946
27 945
27 331
27 442
27 432
27 1568
28 442
28 1199
28 1077
28 1792
29 333
29 1078
29 816
29 1793
30 208
30 1202
31 592
31 52
31 595
31 590
31 959
32 592
33 208
33 1797
33 595
33 1442
33 948
33 700
33 591
34 447
34 337
34 336
34 949
34 213
34 701
34 35
34 445
35 1664
35 1205
35 212
35 949
35 214
35 213
35 1080
35 447
35 701
36 1467
36 844
36 1322
36 1102
36 601
37 1089
37 828
37 1814
37 709
37 221
38 1324
38 1579
38 39
38 346
38 345
38 1090
38 709
39 1089
39 40
39 345
39 346
39 1324
39 709
40 1472
40 1852
40 1588
40 69
40 827
40 1847
41 699
41 954
41 955
41 1674
41 225
41 42
41 460
42 1674
42 835
42 50
42 461
42 460
42 225
42 955
42 954
43 224
43 1213
43 830
43 462
43 463
43 713
43 44
44 463
44 462
44 1213
44 603
44 830
44 713
44 1327
44 1325
45 833
45 461
45 1673
45 1214
46 48
46 348
46 1091
46 604
46 1820
46 1332
46 1824
47 712
47 831
47 832
47 1672
47 464
47 956
47 465
48 832
48 604
48 1332
48 348
48 1675
49 72
49 465
49 69
49 1578
49 1328
49 724
50 1580
50 51
50 835
51 1091
51 1580
51 829
52 592
52 960
52 959
52 466
52 228
53 229
53 714
54 837
55 360
55 1581
55 980
55 1335
56 613
56 1676
56 230
56 1334
56 958
57 350
57 1584
57 231
57 965
57 470
57 838
58 1585
58 1092
58 716
58 467
58 59
58 967
58 1582
59 1585
59 232
59 1092
59 1677
59 1460
60 971
61 236
61 1099
61 607
61 972
61 1469
61 841
62 1222
62 1577
62 973
62 1683
62 708
62 455
62 456
63 64
63 475
63 1471
64 65
64 475
64 1103
65 1468
65 1103
65 474
66 474
66 476
66 1468
66 1101
66 354
67 842
67 1103
67 1223
68 845
68 844
69 1472
69 724
69 72
69 1328
69 477
70 481
70 477
70 357
70 1226
70 1849
70 976
70 72
71 1589
71 479
71 1248
71 847
71 848
71 723
72 850
72 724
72 477
72 976
72 1226
72 359
72 481
73 727
73 1224
73 362
73 1691
73 975
73 1851
73 480
73 609
73 356
73 1689
73 1687
74 726
74 1475
74 1108
74 977
74 1590
74 484
75 482
75 483
75 1346
75 851
75 77
75 1232
75 361
75 244
75 1230
75 979
75 241
75 242
76 1231
76 610
76 1857
76 609
76 357
76 241
76 482
76 851
77 1592
77 1232
77 1343
77 482
77 483
77 241
77 979
77 244
77 361
77 1230
78 1233
78 1345
78 81
78 243
78 1474
78 852
79 1347
79 1861
79 1110
79 613
80 366
80 365
80 364
80 729
80 728
80 1863
81 243
81 852
81 1477
82 499
82 246
82 1367
83 247
83 1476
83 613
83 731
83 614
83 1110
84 981
84 1112
85 1240
85 1865
85 853
85 248
85 370
85 856
85 616
86 486
86 1239
86 485
86 1238
87 730
87 1478
87 1237
87 1595
87 616
87 855
88 1483
88 857
88 373
88 372
88 1355
89 373
89 1598
89 250
89 1238
89 1694
90 1354
90 91
90 1868
90 638
90 249
90 1113
90 1481
90 487
90 488
91 1113
91 250
91 1697
91 488
91 1354
91 638
92 618
92 110
92 1239
92 1238
92 875
93 1114
93 1115
93 859
93 1241
93 489
93 1242
93 374
93 1356
93 620
94 735
94 254
94 253
94 1875
94 378
94 1359
95 96
95 736
95 988
95 1119
95 1873
95 1246
96 1118
96 627
96 1873
96 1119
96 1492
97 871
97 1121
97 1122
97 737
97 1601
98 628
98 864
98 865
98 495
98 99
98 629
99 279
99 629
99 100
99 740
99 864
99 865
99 1360
99 379
100 740
100 629
100 279
101 1607
101 257
101 869
101 870
101 102
101 383
101 632
102 1495
102 381
102 383
102 382
102 870
102 632
102 1607
103 1494
103 871
103 872
103 1121
104 1123
104 991
104 498
104 257
104 262
105 498
105 1123
105 633
105 1379
105 1885
106 385
106 500
106 1499
107 741
107 1127
107 503
107 109
107 1125
107 1126
107 1888
108 1891
108 501
108 743
108 1008
109 503
109 742
109 1126
109 1127
110 618
110 1239
110 266
110 875
111 112
111 114
111 1129
111 504
111 995
111 996
111 1500
112 1129
112 636
112 504
112 995
112 114
113 635
113 1892
113 1130
113 267
114 873
114 995
114 504
114 636
114 1253
115 507
115 508
115 746
115 509
115 1501
115 1615
115 1369
116 1708
116 1132
116 271
116 877
116 997
116 506
117 120
117 641
117 1373
117 1257
117 1003
117 1137
117 1138
118 515
118 1138
118 1137
118 641
119 1619
119 1374
119 123
120 749
120 514
120 1003
120 1138
120 641
121 885
121 1002
121 1517
122 642
122 277
122 1503
122 1910
122 751
122 125
122 1713
123 1260
123 1909
123 1619
123 1372
124 739
124 276
124 1378
124 1376
124 1712
124 1621
124 881
125 751
125 1910
125 899
125 1713
125 642
125 1912
126 1507
126 278
126 1147
126 396
126 886
127 1004
127 281
127 889
127 1917
127 644
127 753
128 1263
128 1505
128 517
128 1918
128 398
129 1507
129 1262
129 1914
129 1144
129 397
129 1006
129 1508
129 1263
130 1005
130 1380
130 519
130 1715
131 519
131 1511
131 887
131 656
131 291
132 1264
132 1925
132 520
133 1266
133 282
133 280
133 1513
133 1623
134 1013
134 1012
134 1008
135 755
135 756
135 138
135 399
135 893
135 894
136 402
136 757
136 400
137 529
137 411
137 1382
137 1032
138 399
138 894
138 893
138 755
138 745
139 759
139 287
139 289
139 141
139 1270
139 414
139 1721
139 1016
140 530
140 404
141 287
141 1018
141 1270
141 759
141 414
141 289
141 1721
142 758
142 895
142 1019
143 1023
143 1386
143 1938
144 1387
144 145
144 1020
145 1020
145 1387
145 760
146 648
146 301
146 1518
146 897
146 1937
146 172
147 1021
147 1022
147 531
147 552
147 1627
147 1038
147 1039
147 172
148 534
148 1157
148 1024
148 1941
148 649
149 533
149 290
149 1392
149 1391
149 405
149 535
149 1025
150 539
150 151
150 1630
150 898
150 1390
151 898
151 1390
151 539
151 1630
152 1725
152 761
152 765
153 294
153 292
153 763
153 900
153 768
154 1519
154 652
154 1284
154 1271
154 1030
155 1726
155 763
155 766
155 538
156 157
156 655
156 1523
156 769
156 1727
157 291
157 901
158 902
158 1158
158 541
158 540
158 162
159 536
159 1393
159 1394
159 1395
160 770
160 1524
160 782
160 161
161 1285
161 782
161 770
161 177
162 1728
162 1951
162 541
162 540
162 1632
163 545
163 904
163 408
163 1525
163 1277
164 1635
164 544
164 409
164 1730
164 1031
164 295
165 906
165 1286
165 543
165 1401
165 305
166 542
166 903
166 1526
167 1033
167 1034
167 1636
167 661
167 412
167 168
168 1636
168 1033
168 412
169 1279
169 300
170 415
170 416
170 1404
171 788
171 1163
171 775
171 1403
171 1037
172 1627
172 648
172 1022
172 417
172 552
172 550
172 1039
172 301
172 1038
173 417
173 776
173 777
173 1281
173 1282
173 302
173 1531
174 418
174 910
174 303
175 176
175 1164
175 1736
175 912
176 553
177 779
177 1971
177 1285
177 782
178 179
178 1533
178 779
178 554
178 781
179 779
179 554
179 1533
179 1638
179 1639
179 781
179 180
179 1165
180 554
180 1166
180 1165
180 663
180 1638
181 783
181 784
181 1975
181 665
181 1970
182 304
182 916
182 915
182 1408
182 914
183 305
183 665
183 784
183 785
183 1286
183 1536
184 557
184 558
184 185
185 419
185 787
185 558
186 187
186 423
186 1043
186 919
187 420
187 413
187 786
187 919
187 422
188 424
189 1045
189 1539
189 560
189 1287
189 190
189 668
190 1539
190 1045
190 1287
190 560
191 1645
191 1541
191 563
191 796
192 797
192 801
192 1050
192 670
192 1755
192 1417
192 798
192 427
193 1416
193 1293
193 1053
193 926
194 1544
194 1054
194 1053
194 1786
194 1055
194 566
194 441
194 802
195 1420
195 1547
195 1548
195 197
195 931
195 1058
195 803
195 1060
195 1650
195 318
196 1060
196 1173
196 805
196 430
196 1548
196 931
197 1420
197 671
197 805
197 1761
197 319
197 1548
197 803
197 1176
197 1179
197 1060
198 1174
198 572
198 1059
198 804
199 1295
199 1181
199 1550
199 808
199 1061
199 435
199 575
200 1422
200 1766
200 936
200 807
200 809
201 685
201 813
201 921
201 1778
201 1413
201 561
201 1191
202 1779
202 203
202 582
202 685
202 1780
202 1191
202 813
202 686
202 327
203 582
203 686
203 327
203 1304
203 1196
203 1781
203 1779
204 1194
204 1074
204 343
204 1656
205 1565
205 1788
205 1307
205 439
205 942
205 585
205 1433
205 588
205 688
205 1435
205 330
205 691
206 587
206 586
206 1441
206 588
206 1308
206 207
206 1198
206 439
206 1434
206 943
207 1306
207 1308
207 698
207 586
207 1198
207 943
207 587
207 588
207 439
207 1564
208 1202
209 334
209 1551
209 443
209 1569
209 435
210 1313
210 1569
210 818
211 1311
211 1312
211 446
211 448
211 947
212 336
212 448
212 335
212 447
212 1665
212 1081
212 949
212 701
213 1664
213 1205
213 949
213 1443
213 1080
213 214
213 701
213 447
214 216
214 1664
214 1080
214 447
214 1205
215 335
215 1317
215 1663
215 1082
216 1080
216 1316
216 963
217 1317
217 965
217 233
217 596
217 1082
217 1444
218 822
218 453
218 1318
219 1559
219 223
219 1451
219 1211
219 951
220 601
220 1670
221 458
221 1089
221 827
221 828
221 1331
221 464
222 953
222 1817
222 711
222 1087
222 1454
222 457
222 1330
223 1451
223 1452
223 1211
223 951
223 952
223 694
223 1559
224 957
224 463
224 462
224 713
225 460
225 461
225 954
225 955
225 1795
225 699
225 1674
226 1823
226 834
226 463
226 956
226 348
226 712
227 1795
227 1456
227 461
227 1078
227 954
227 1821
227 333
228 960
228 1333
228 1827
228 836
229 466
229 349
229 961
230 958
230 1676
231 233
231 838
231 467
231 1215
231 470
231 1582
231 1584
231 965
232 1829
232 717
233 596
233 838
233 1215
233 467
233 965
234 1463
234 351
234 1836
235 1219
235 621
235 1597
235 606
235 1596
235 371
235 1093
235 605
235 1465
236 1100
236 1099
236 607
236 972
237 354
237 1488
237 474
237 608
237 842
238 1688
238 1228
239 1104
239 478
239 1107
239 1342
239 847
239 848
240 1344
240 359
240 850
240 611
240 242
240 1473
240 1229
240 977
240 481
240 724
241 610
241 1231
241 609
241 482
241 851
241 480
241 362
241 727
241 1592
242 1346
242 483
242 977
242 979
242 244
242 1475
242 1855
242 611
242 1230
242 851
242 481
243 1477
243 1593
243 852
243 1591
244 1232
244 725
244 1346
244 483
244 977
244 1230
244 1474
244 979
245 978
245 1690
245 726
245 1590
245 1856
245 725
246 732
246 728
246 853
246 366
247 1476
247 369
247 731
247 614
247 1111
248 1350
248 1240
248 1479
248 1478
248 855
248 485
249 251
249 507
249 619
249 1481
249 487
250 1598
250 1113
250 373
250 1697
250 618
251 1357
251 860
251 507
251 619
251 487
252 1116
252 984
253 1698
253 1359
253 254
253 1245
254 1359
254 1245
255 861
255 492
255 493
255 883
255 391
255 1487
256 723
256 1877
256 1225
256 1247
256 356
256 1604
257 1606
257 1365
257 991
257 989
258 1494
259 1366
259 1249
259 1608
260 499
260 1367
260 384
260 1497
260 1496
260 1124
261 742
261 500
261 992
261 386
261 505
261 994
262 1123
262 1125
262 498
263 1128
263 268
263 1368
264 1129
264 506
264 266
264 875
264 504
264 1707
265 1706
265 994
266 875
266 1609
266 1614
266 1129
266 1254
266 504
267 386
267 387
267 1130
267 1892
267 993
268 856
268 1240
268 1128
269 1900
269 1383
269 528
269 877
269 1515
270 1896
270 997
270 506
270 1707
270 271
270 1370
270 637
270 1131
270 1134
271 506
271 997
271 1132
271 1896
271 1708
272 1371
272 1502
272 509
272 390
272 876
272 998
273 1000
273 1903
273 512
274 639
274 878
274 880
274 512
274 999
274 1902
274 1617
275 640
275 514
275 1003
275 882
276 515
276 881
276 1378
277 1261
277 642
277 395
277 751
277 1504
278 1146
278 1258
278 1913
278 1375
278 394
278 886
278 396
279 629
279 740
279 1714
279 1377
279 1620
280 1265
280 1009
281 889
281 644
281 1004
281 1149
281 1717
282 644
282 1623
282 518
282 1266
282 1920
282 1513
283 1150
283 524
283 387
283 1928
283 1929
283 1152
283 1012
284 646
284 1930
284 522
284 1154
285 1384
285 892
286 527
286 772
286 1516
286 1931
287 1017
287 1016
287 289
287 1270
287 759
288 1018
288 289
288 404
288 403
288 1016
288 1935
288 1385
289 759
289 1016
289 1721
289 1017
289 1018
289 403
289 1936
290 533
290 1026
290 405
290 653
290 1391
291 656
291 293
291 294
291 901
292 900
292 768
292 763
293 294
293 900
293 1394
294 1394
294 900
295 906
295 543
295 1635
295 1031
295 1730
296 908
296 420
296 660
296 413
297 300
297 1035
297 647
297 1280
297 414
297 1960
298 299
298 1959
298 1963
298 415
298 775
298 549
298 1530
298 1162
299 1732
300 414
300 1035
300 1280
300 1960
301 1937
301 550
301 648
301 1627
301 1022
301 417
301 1039
302 1735
302 1405
302 1282
302 418
302 417
303 778
303 910
303 551
303 1532
304 1973
304 914
304 663
304 556
304 916
305 1536
305 1286
305 785
305 665
306 1537
307 308
307 917
307 918
308 918
308 917
308 558
309 1741
309 310
309 1288
309 668
309 1047
309 666
309 790
309 923
310 923
310 790
310 1741
310 666
311 1289
311 924
312 795
312 793
312 1048
312 1170
313 920
313 425
313 1169
313 794
313 1540
313 1746
313 1411
313 1543
314 315
314 801
314 1754
314 1050
314 1051
315 1647
315 1291
315 570
315 1646
315 800
315 1545
315 1051
316 1757
316 1756
316 801
316 798
316 1748
316 692
316 440
316 928
316 566
317 1416
317 926
317 927
317 565
317 1762
317 1057
317 1171
317 1177
318 1058
318 1759
318 1650
319 671
319 1420
319 808
319 1176
319 1179
319 803
320 930
320 568
320 431
320 1174
320 1549
320 1419
321 1421
321 432
321 1178
321 322
321 1648
321 929
321 930
322 804
322 1648
322 1758
322 1178
322 929
323 1767
323 324
323 574
323 576
323 577
323 807
324 1763
324 1063
324 1180
324 576
324 934
324 807
324 1764
325 1062
325 810
325 593
325 443
326 1182
326 1423
326 1552
326 811
326 673
327 813
327 1191
327 794
327 1781
327 1557
327 685
328 1558
328 1074
328 814
328 1430
329 694
329 1197
329 1784
329 1563
329 1660
329 589
330 688
330 1431
330 585
330 942
330 1437
330 439
330 1436
330 441
330 1565
331 432
331 1438
331 1568
331 945
331 946
331 1421
332 697
332 1794
332 1310
332 333
333 1821
333 1078
333 1310
333 1793
334 810
334 1796
334 443
335 1317
335 1082
335 1665
336 448
336 446
336 701
336 1081
336 1802
337 445
337 819
337 1296
338 1206
338 824
338 597
338 598
338 1572
339 455
339 1811
339 973
339 708
339 1085
340 1321
340 1211
340 1452
340 342
341 950
341 1813
341 1669
342 1576
342 600
342 825
342 1212
343 1210
343 1194
344 1325
344 1564
344 587
344 698
345 709
345 953
345 1324
345 346
345 1090
345 1579
346 1324
346 709
347 710
347 1087
347 952
347 815
347 1455
348 834
348 832
348 1332
348 1820
348 604
349 1826
349 835
349 466
349 961
350 590
350 1457
350 1663
351 966
351 1836
351 1445
352 1218
352 969
353 1102
353 1467
354 474
354 1101
354 476
354 608
354 1874
355 1106
355 849
355 1848
356 975
356 1224
356 727
356 362
356 1687
356 1851
357 1857
357 609
357 1850
357 976
357 610
357 1231
358 479
358 1854
358 1105
358 847
358 1225
359 1473
359 611
359 724
359 850
359 1344
359 1229
359 481
360 484
360 1825
360 980
361 1343
361 1232
361 1592
362 480
362 1224
362 1851
362 727
362 1691
362 1687
362 609
362 1689
362 975
363 1234
363 1348
363 1862
363 1692
364 1349
364 728
364 1863
364 729
364 365
364 366
365 1349
365 614
365 729
365 612
366 728
366 853
366 1863
367 717
367 1461
367 1693
368 615
368 1352
368 1216
368 1866
368 1586
369 616
369 731
369 1111
369 612
370 732
370 1594
370 853
370 616
371 858
371 621
372 617
372 857
372 1355
372 1483
372 373
373 1598
373 1355
373 857
374 620
374 733
374 1114
374 859
374 1115
374 1870
374 1356
374 1241
374 489
374 1242
374 490
375 1486
375 376
375 983
375 1117
376 983
376 860
376 490
376 1117
376 1486
377 987
377 734
377 1489
378 1490
378 735
378 986
379 630
379 1884
379 1360
379 865
379 864
380 1876
380 863
380 1879
380 1880
380 494
380 738
380 1120
380 631
381 869
381 497
381 632
381 1495
381 1363
381 990
381 1607
382 383
382 632
382 872
382 1495
382 1250
383 1364
383 632
383 1495
383 1607
383 870
384 502
384 1887
384 499
384 1124
384 1497
385 742
385 1705
385 500
385 1126
385 1496
385 1499
386 505
386 993
386 1251
386 992
387 744
387 1152
387 1150
387 993
388 1899
388 877
388 1135
388 1133
389 745
389 390
389 1709
389 998
389 756
390 1133
390 876
390 1894
390 509
390 998
391 1246
392 1372
392 1141
392 884
392 1139
393 1260
393 1259
393 1503
393 750
394 1258
394 1375
394 630
394 740
395 1261
395 1506
395 1504
395 1006
395 1143
395 397
395 642
396 1913
396 1146
396 886
396 1147
397 1262
397 1914
397 1261
397 1006
397 1144
397 1143
397 1506
398 1509
398 752
398 753
398 517
398 1505
399 1709
399 756
399 755
399 745
399 894
399 893
400 894
400 758
400 402
401 647
401 1720
402 1269
402 892
402 757
403 404
403 1385
403 1016
403 1018
403 1935
404 1385
404 530
404 1934
405 1026
405 1025
405 535
405 533
405 1391
405 762
406 1276
406 657
407 783
407 1399
407 913
407 1274
407 1535
408 545
408 904
408 1398
408 1277
409 1031
409 1161
409 544
409 773
409 1527
410 1729
410 1634
410 547
410 658
411 1032
411 658
411 1400
411 1015
412 1636
412 1033
412 1034
412 659
413 422
413 1409
413 1160
413 908
414 1625
414 1960
414 647
414 1280
415 1037
415 1163
415 1404
416 1404
416 1279
417 550
417 776
417 1405
417 1734
417 1282
417 1039
418 1735
418 1405
418 1282
418 1965
419 421
419 787
420 786
420 908
422 1538
422 1160
422 548
422 1042
422 1409
423 1043
423 1538
423 919
424 1740
424 1410
424 1739
425 1047
425 1411
425 428
425 920
425 1169
426 562
426 1743
426 1049
426 1542
426 1644
427 797
427 563
427 670
427 1755
427 924
428 1540
428 1415
428 669
428 1169
428 1170
429 800
429 569
429 1751
429 927
429 1749
429 565
429 1172
429 564
430 1294
430 1173
430 571
430 572
430 1546
430 805
430 931
431 802
431 1549
431 1309
431 930
431 1054
431 441
432 1421
432 929
432 930
432 1178
432 945
433 806
433 1651
433 1551
434 932
434 933
434 1765
435 1181
435 443
435 1551
435 1550
435 810
435 575
436 438
436 677
436 1184
436 1065
437 1064
437 1424
437 674
437 1185
438 1296
438 1065
438 1799
438 819
438 672
438 677
438 444
439 943
439 695
439 1308
439 1307
439 1198
439 588
439 1434
440 692
440 566
440 1748
440 928
440 1757
441 1309
441 802
441 1431
441 1200
441 1437
441 1054
441 1055
441 585
441 1786
442 695
442 1662
442 1199
442 1792
442 1077
442 1566
443 1796
443 810
444 672
444 1799
444 819
445 820
445 1203
445 1443
445 1801
445 1315
445 1314
446 448
446 947
446 1081
446 1312
446 1802
447 1081
447 1205
447 949
447 1664
447 701
448 1312
448 1081
448 1802
448 1803
448 947
449 1083
449 823
449 1207
450 1206
450 1084
450 1804
450 454
450 1083
450 704
450 1572
451 1070
451 681
451 1805
451 1207
452 822
452 821
452 1800
452 1314
452 1806
452 581
453 1318
453 823
453 822
454 1083
454 703
454 704
455 456
455 708
455 1450
455 1577
456 708
456 1577
456 1683
456 973
456 1222
457 1815
457 953
457 1330
457 1087
457 1454
457 602
458 1327
458 1816
458 603
458 1323
458 828
458 830
458 1088
459 1661
459 602
459 1453
459 1306
459 1088
459 1086
459 710
459 690
459 1326
460 1674
460 1826
460 835
460 954
460 955
461 1795
461 1456
461 1673
461 833
461 1078
461 955
461 954
462 1325
462 463
462 1213
462 713
462 1822
462 830
463 1823
463 1213
463 713
463 957
463 956
464 827
464 828
464 712
464 465
464 1331
464 831
464 1818
465 1818
465 1328
465 1331
465 827
465 831
465 1578
466 592
466 960
466 961
467 1092
467 965
467 1582
467 838
467 1215
468 1336
468 716
468 966
468 1459
469 1833
469 967
469 964
469 1217
469 1337
469 839
470 1830
470 838
470 962
470 967
470 1584
471 473
471 971
471 970
471 1838
471 719
471 1338
472 1463
473 1831
473 970
473 968
473 715
473 1338
474 608
474 1101
474 1468
475 1471
475 1103
475 841
476 1107
476 846
476 1227
476 848
476 1101
477 1226
477 1852
477 1472
477 850
477 1849
477 724
477 976
478 1342
478 1104
478 1106
478 1107
478 1686
478 1341
479 723
479 847
479 1225
479 1105
479 1877
480 497
480 867
480 1224
480 1691
480 727
481 976
481 1473
481 724
481 1855
481 611
481 610
481 850
481 851
482 610
482 1592
482 1857
482 1230
482 851
482 1231
482 483
483 851
483 977
483 1230
483 979
483 1232
483 1592
483 1346
484 1475
484 1344
484 1108
484 1690
484 726
484 1590
485 1240
485 1479
485 486
486 1254
486 1479
487 488
487 619
487 1481
487 507
488 638
488 1481
488 1113
488 1868
488 1354
489 1114
489 1483
489 1115
489 859
489 620
489 1356
489 1242
490 1117
490 983
490 1114
490 733
490 620
490 860
490 1241
490 1870
491 1357
491 880
492 883
492 1490
492 861
492 493
493 883
493 861
493 1490
493 1487
494 1248
494 1604
494 1879
494 1881
494 1120
494 863
495 1493
495 866
495 865
495 1361
495 628
496 1700
496 1362
496 738
497 1363
497 990
497 1605
497 867
498 1123
498 1885
498 633
498 991
499 1496
499 1124
499 1367
499 1497
500 1499
500 992
500 1705
500 742
501 743
501 1719
501 1891
502 1109
502 868
502 989
502 1887
502 1703
502 634
503 743
503 1126
503 1127
503 1890
504 995
504 996
504 1614
504 1129
504 1611
505 994
506 1132
506 1896
506 1707
506 1708
507 1501
507 639
507 619
507 508
507 746
507 1893
508 509
508 1501
508 1369
508 746
508 1371
509 1371
509 876
509 1894
509 1502
509 1369
509 998
510 874
510 1898
510 745
510 879
510 511
510 1256
511 745
511 1898
511 1709
511 879
511 874
511 1256
512 1902
512 513
512 1616
512 1000
512 1903
512 1136
513 1136
513 1710
513 748
513 1000
513 1255
513 1616
514 1003
514 882
514 640
515 881
515 1906
515 1137
516 1142
516 1712
516 1376
516 1377
517 1919
517 1005
517 1918
517 1263
517 1509
518 887
518 1266
518 1920
518 1513
518 1148
519 1380
519 887
519 1005
519 1716
519 1715
519 1521
519 1029
520 1264
520 1510
520 1925
521 1011
521 1013
521 1267
521 523
522 1154
522 891
522 1930
522 890
522 646
523 525
523 1267
523 1154
523 1011
524 1150
524 1152
524 1929
524 1928
524 891
525 1007
525 1154
526 529
527 1516
527 1382
527 1931
527 757
527 772
528 1384
528 1383
528 1900
528 1515
528 877
529 1382
530 1385
530 1626
530 895
531 552
531 1038
531 1722
531 1022
531 1021
532 1389
532 1724
532 1156
533 1392
533 651
533 653
533 761
533 1026
533 1025
533 1944
534 1629
534 1945
534 649
535 1025
535 1629
535 762
535 1391
536 767
536 768
536 1947
536 1395
537 1396
537 538
537 779
537 1947
537 767
538 763
538 1396
538 766
538 767
538 1947
539 1390
539 898
539 1028
539 1630
540 902
540 1727
540 769
540 1951
540 541
541 1950
541 902
541 1158
542 1953
542 903
542 771
543 1954
543 906
544 773
544 1031
544 1527
545 1277
545 904
546 1278
546 772
546 1956
547 1402
547 907
547 1161
547 1529
548 1160
548 1042
548 1409
548 1538
549 1044
549 1963
549 1530
549 1959
549 1976
549 775
549 1162
550 1039
550 1405
550 1734
550 776
550 1022
551 909
551 1965
551 911
552 1627
552 1022
552 1039
552 1038
553 555
554 1533
554 1639
554 1165
554 781
554 1166
554 1407
554 662
555 1967
556 1973
556 1974
557 918
557 785
557 558
557 1041
558 1041
558 918
559 1168
559 1167
560 1415
560 1045
560 1288
560 1539
560 668
560 1287
560 1642
561 1643
561 922
561 921
561 1413
561 1412
561 667
561 666
561 1046
562 1644
562 1743
562 1414
563 797
563 670
563 1541
563 924
563 796
564 927
564 1175
564 1057
564 1750
564 565
564 1172
565 1751
565 1750
565 1175
565 1172
565 1057
565 927
566 1053
566 928
566 1756
566 1757
566 1544
567 1542
567 1049
567 1056
567 1291
567 1747
568 1544
568 1054
568 926
568 1052
568 1174
568 1549
568 802
568 1177
568 1753
569 1749
569 1647
569 1751
569 1292
569 800
569 570
569 1646
570 1545
570 1051
570 1291
570 1292
570 800
570 1647
570 1646
571 572
571 1546
571 1294
572 1059
572 1546
572 1649
573 1438
574 1768
574 578
574 677
575 810
575 1181
575 1061
575 1550
576 577
576 1764
576 1763
576 1297
576 1063
576 1180
576 934
577 578
577 1183
578 1183
578 579
579 675
579 1184
580 1189
580 1299
580 681
580 682
581 1800
581 1301
581 1553
581 821
581 1806
582 686
582 1779
582 1780
582 1190
582 1196
583 1305
583 584
583 687
583 1558
583 1075
584 687
584 1073
584 1305
584 1655
585 1786
585 1788
585 1565
585 942
585 1431
585 688
585 1437
585 1436
586 1198
586 698
586 1440
586 1441
586 943
586 1434
586 697
586 587
586 1564
586 1201
587 1201
587 1198
587 1306
587 1441
587 1440
587 698
587 1564
588 1198
588 1308
588 1307
588 1433
588 943
588 944
589 694
589 1784
589 1563
589 1660
589 689
589 1075
590 959
590 1079
590 1457
590 1663
591 700
591 948
591 1797
591 1442
591 595
591 1311
592 595
593 672
593 1062
593 1771
593 594
593 1570
594 1570
594 672
594 1062
595 700
596 1444
597 1206
597 1318
597 824
597 1572
597 598
598 1447
598 824
598 1808
598 1206
598 1572
599 1574
599 1448
599 683
599 1668
599 1208
600 707
600 1576
600 1212
600 825
600 1322
601 1322
601 1670
601 1212
601 1102
602 1086
602 1330
602 1453
602 1326
602 710
602 1087
602 1088
603 830
603 1816
603 1327
603 1325
603 1088
603 1323
604 832
604 1332
604 1824
604 1820
604 1108
604 1675
605 606
605 1093
605 1679
605 1680
605 1219
605 1465
606 1678
606 1093
606 1679
606 1465
606 1219
607 841
607 1100
608 1488
608 1874
608 842
609 727
609 610
609 1689
609 1231
609 975
609 1857
610 851
610 1231
610 976
610 1855
610 1857
611 724
611 1344
611 1475
611 850
611 1473
611 726
611 1229
611 1855
611 977
612 614
612 1349
612 1594
612 729
613 958
613 1476
613 1458
613 1347
613 1110
614 1110
614 729
614 1476
615 1866
615 1693
615 1586
615 1461
615 1216
616 855
616 1595
616 730
616 1594
617 1482
617 718
617 982
617 1695
618 1239
618 875
618 1238
619 1481
619 1357
620 1114
620 1870
620 859
620 1115
620 1356
620 1241
620 1242
620 733
621 858
621 1353
621 1696
622 1871
622 1340
622 1484
623 624
623 985
623 1244
623 1869
623 625
624 625
624 985
624 1600
624 1244
625 1244
625 985
625 1117
626 1491
626 842
627 1118
627 988
627 1873
627 1119
628 1700
628 1701
628 738
628 863
629 1620
629 1883
629 864
629 740
630 1375
630 864
630 1360
630 1884
630 740
630 1146
631 1603
631 1878
631 846
631 1880
631 734
631 987
631 1120
632 870
632 1495
632 1364
632 1607
633 1249
633 1885
633 1123
634 741
634 1252
634 1498
634 989
635 1500
635 1130
635 1368
635 1892
636 873
636 1253
636 1613
637 1370
637 875
637 1707
637 638
637 1131
638 1113
638 1354
638 1370
638 1131
638 1134
638 1895
639 1501
639 1357
639 999
639 1901
639 880
639 1893
640 883
640 882
640 1907
641 1138
641 1137
641 1373
641 1003
641 749
642 1261
642 1713
642 751
642 1504
643 1505
643 1916
643 1147
643 752
643 1886
644 889
644 1149
644 1926
644 1265
645 655
645 1010
645 1397
646 891
646 890
647 1035
647 1720
647 1960
647 1280
647 1625
648 1021
648 1022
648 1518
648 1937
648 1627
648 897
649 650
649 1941
649 1024
649 1157
650 896
650 897
651 1392
651 1724
651 1156
651 1944
651 1943
652 762
652 1966
652 1271
652 1519
652 1026
653 1026
653 1628
653 1519
653 761
653 1030
654 1040
654 780
654 766
654 1284
654 1534
654 1967
655 1523
655 1010
655 1397
655 769
656 1511
656 1949
656 901
656 1523
656 1624
657 1010
657 1397
657 769
658 1400
658 1952
658 1634
659 1034
660 908
661 1278
661 774
661 1033
661 1731
662 1407
662 1737
662 781
662 1639
663 782
663 1738
663 1285
663 1972
664 1640
665 1286
665 784
665 785
665 1975
665 1536
666 1643
666 667
666 668
666 1047
666 1288
666 923
666 1412
667 921
667 1046
667 1643
667 1413
667 1412
667 922
668 1288
668 1047
668 1045
668 1539
668 923
668 1642
669 1415
669 795
669 1170
669 1169
669 1744
669 1540
670 797
670 1541
670 1755
670 796
670 924
671 1547
671 1765
671 1420
671 808
671 1295
671 1176
671 1761
671 1179
671 1058
671 803
672 1570
672 1799
673 675
673 1182
673 1423
673 811
673 1552
674 1185
674 1424
674 1425
674 1064
675 1186
675 1423
675 1182
675 811
676 1184
676 1187
676 678
676 1652
677 1065
678 1425
678 1652
679 1555
679 1427
679 1188
679 1774
680 812
680 1298
680 682
680 938
680 1069
681 1805
681 1299
681 1068
681 1070
682 1189
682 1068
682 1299
682 812
683 1189
683 1072
683 1668
683 1554
684 1303
684 826
684 941
684 1575
684 940
685 921
685 1191
685 813
685 1778
686 1190
686 1779
686 1780
686 1196
687 1195
687 1305
687 1654
687 1653
687 1655
688 1436
688 1437
688 1435
688 1433
688 1788
688 1565
688 942
689 1659
689 1782
689 1787
689 1076
689 1075
690 710
690 944
690 1661
690 1306
690 1326
690 815
691 1658
691 1435
691 1433
691 1432
691 944
691 1562
691 1789
691 1076
692 693
692 1748
692 1561
692 1417
692 799
692 798
692 1756
693 1561
693 1748
693 1787
693 1417
693 798
693 799
694 1660
694 1197
694 1559
694 1563
694 1784
695 1566
695 1434
695 1791
696 1431
696 1566
696 1439
696 1309
696 1200
697 1201
697 1441
697 1440
697 698
697 1310
697 1199
698 1794
698 1201
698 1440
698 1441
698 1564
699 1795
699 816
699 954
699 1078
700 948
700 1442
700 1797
701 949
701 1664
701 1081
701 1205
702 1443
702 822
702 1204
702 1314
703 706
703 705
703 704
704 1083
705 1319
705 1809
705 706
705 1446
706 1209
706 1319
707 1844
707 1102
707 1322
707 1467
707 1329
708 973
708 1085
708 1450
708 1683
708 1577
708 1811
709 1814
709 1089
709 1579
710 1661
710 1306
710 815
710 1086
710 1453
710 1326
711 1817
711 952
711 1211
711 1455
711 1454
712 1213
712 834
712 831
712 832
712 830
712 1672
712 956
713 1213
713 830
713 1822
713 957
714 1334
714 837
715 1338
715 1336
715 1460
715 1832
715 1831
715 1828
715 968
715 1462
716 1460
716 1336
716 1459
716 968
716 1092
717 1677
717 1461
717 1216
717 1828
717 1829
718 1482
718 1695
718 971
718 1352
718 719
719 971
719 1838
720 1353
720 1835
720 1221
720 1600
720 1681
720 1097
720 1094
721 1339
721 722
721 1095
721 1098
721 1839
722 1339
722 1098
723 847
723 1248
723 1225
723 1877
723 1589
723 1604
724 850
724 1473
724 1328
725 1856
725 979
725 1858
725 726
725 1346
725 1590
725 1474
726 977
726 1590
726 1475
726 1108
726 1344
727 1689
727 1687
727 1691
727 867
727 975
727 1851
727 1224
728 1863
729 1349
730 855
730 1111
730 1478
730 1595
730 1237
731 1111
731 1476
732 856
732 853
732 1864
733 1241
733 1115
733 1117
733 1870
733 1114
733 983
734 1489
734 987
735 986
735 1359
735 862
735 1875
736 1873
736 1119
736 1492
736 1246
737 1601
737 866
737 1122
737 1493
737 1121
738 1362
738 1700
738 1701
738 863
738 1876
739 988
739 881
739 1602
739 1621
740 1884
740 864
740 1375
740 1620
740 1360
741 1127
741 1126
741 1125
741 1888
741 1252
741 1498
742 992
742 1705
742 1499
742 1126
743 1889
743 1251
743 992
743 1891
744 1928
744 1150
744 1130
744 873
744 1929
744 1612
745 1709
745 874
745 755
745 1898
745 879
746 1615
746 1895
746 1369
746 1134
747 1485
747 1243
748 1136
748 1904
748 1255
748 1616
748 1000
748 1710
749 885
749 1140
749 1138
749 1908
750 1723
750 1260
751 1910
751 1713
751 1912
751 1911
752 1379
752 1917
752 1916
752 1505
752 1004
753 1148
753 1509
753 1926
753 1004
754 1381
754 1151
754 1153
754 1268
755 893
755 1709
755 756
755 894
756 893
756 894
756 1709
758 1019
758 1932
758 895
759 1625
759 1721
759 1936
759 1019
759 1018
759 1270
759 1016
760 1020
760 1021
760 1722
761 1628
761 1725
761 1944
762 1966
762 1391
763 1726
763 768
763 766
764 1028
764 888
764 1631
764 1521
764 1915
765 1522
765 1030
765 1946
765 1628
766 780
766 1396
767 779
767 1947
768 1395
768 1394
768 1947
769 1523
769 1397
769 1727
770 1275
770 1273
770 782
770 1632
770 1524
771 905
772 1516
772 1931
773 1527
773 1036
773 1161
774 1731
774 1957
774 1961
775 1976
775 788
775 1037
775 1530
775 1403
775 1162
775 1963
775 1964
776 1281
776 1039
776 1531
776 1734
777 1281
778 912
778 1532
779 1639
779 1533
779 781
780 1396
780 1040
780 1534
781 1407
781 1533
781 1637
781 1639
782 1972
782 1971
782 1738
782 1285
783 915
783 1408
783 913
783 1535
783 1970
783 1399
784 785
784 1975
785 1041
785 1537
786 908
786 919
788 1162
788 1044
788 1037
788 1976
788 1964
788 1403
788 1167
789 790
789 1741
790 1741
791 1539
791 1045
791 1642
792 1557
792 1192
792 1290
792 794
792 1657
793 1289
793 1742
793 795
794 1411
794 1191
794 921
794 920
794 1557
795 1543
795 1540
795 1742
795 1170
796 1645
796 1541
797 1755
797 924
797 1418
797 1050
798 1417
798 1756
798 1755
798 1561
798 1748
798 799
798 801
799 1755
799 1417
799 1748
799 1561
800 1749
800 1751
800 1292
800 1752
800 1545
800 1646
800 1647
801 928
801 1754
801 1417
801 1756
801 1748
802 1309
802 1055
802 1054
802 1549
802 1786
803 1176
803 1420
803 1179
803 1060
803 1058
803 1547
803 1548
803 1761
804 1758
804 1648
804 1419
804 1178
804 929
805 1420
805 1758
805 931
805 1548
805 1060
805 1173
806 1651
807 1766
807 1767
807 936
808 1295
808 1179
808 1765
808 1550
808 1061
808 1176
809 1769
809 935
810 1771
810 1062
811 1552
811 1182
811 1186
811 1423
811 1772
812 1299
812 1298
812 1068
813 1780
813 1191
813 1778
814 1784
814 1783
814 1430
815 1785
815 1197
815 1661
816 1795
816 1078
817 948
818 1571
818 1569
818 1313
819 1296
820 1801
820 1314
820 1315
820 1203
820 1443
821 1800
821 1806
821 1203
821 1314
822 1806
823 1207
823 1318
824 1808
824 1807
824 1447
824 1206
825 1671
825 1212
825 1819
825 1576
826 1303
826 940
826 1575
827 1578
827 1331
827 1089
827 828
827 1818
827 1328
828 1816
828 1331
828 1814
828 1323
828 1089
829 1580
829 1091
829 1825
829 1824
830 956
830 1213
830 1323
830 1327
830 1816
831 1332
831 832
831 1818
831 1672
832 1675
832 1332
832 1820
832 1672
832 834
833 1456
833 957
833 1673
833 1214
834 1823
834 956
834 1820
834 1332
834 1672
835 1826
836 1333
836 1827
836 960
836 1676
837 1334
837 1458
838 1582
838 1584
838 965
838 1215
839 1337
839 967
839 1833
839 964
839 1829
839 1217
840 1466
840 1840
840 1810
840 1098
840 1096
841 1471
841 1842
841 972
841 1469
842 1491
842 1488
843 1468
843 1470
843 1686
844 845
844 1222
844 1684
845 1846
846 1227
846 1589
846 848
846 1603
846 1107
847 1589
847 1104
847 1105
847 848
848 1589
848 1107
848 1227
849 1848
849 1853
849 1106
850 1229
850 1473
850 1344
850 1855
851 1230
851 1231
851 976
851 1855
851 1857
852 1477
852 1860
852 1109
852 1859
852 1345
852 1233
853 856
853 1864
854 978
854 1236
854 1235
855 1595
855 1478
855 1350
855 1112
856 1865
856 1864
856 1240
857 1867
857 1355
857 1480
858 982
858 1596
858 1597
858 1696
859 1483
859 1114
859 1115
859 1356
859 1242
860 1357
860 983
861 883
862 1872
862 1358
862 986
863 1604
863 1361
863 1247
863 1248
863 1701
863 1881
863 1120
864 1884
864 1883
864 865
864 1360
865 866
865 1884
866 1601
866 1493
866 1247
866 1361
867 1363
867 1691
867 990
868 989
868 1703
868 1860
868 1109
868 1702
868 1345
868 1233
869 1702
869 1607
869 870
869 990
870 1607
870 1495
870 1364
871 872
871 1121
871 1605
872 1494
872 1250
873 1613
873 1500
873 1253
874 1256
874 1898
874 1709
874 879
875 1131
875 1239
875 1707
876 1894
876 998
876 1371
876 1502
876 1133
876 1369
877 1135
877 1899
877 1900
878 999
878 1502
878 1618
878 1617
878 1371
879 1905
879 1255
879 1256
880 1501
880 1357
880 1893
880 999
880 1901
881 988
883 1907
884 1372
884 1141
884 1139
884 1908
884 885
885 1908
885 1002
886 1507
886 1258
886 1006
886 1913
886 1146
887 1715
887 1716
887 1148
887 1920
887 1511
887 1513
888 1145
888 1028
888 1915
889 1149
889 1926
889 1004
889 1717
889 1379
889 1718
889 1917
890 1381
890 1153
890 1268
890 891
891 1514
891 1012
892 894
892 1384
892 1269
893 894
894 1269
895 1385
895 1932
895 1626
896 911
896 909
896 1940
897 1937
897 1518
898 1725
898 1390
898 1630
899 1911
899 1389
899 1390
900 1029
901 1523
901 1624
901 1949
902 1158
902 1276
902 1398
902 1950
903 1633
903 1953
904 1525
904 1953
904 1277
905 1635
906 1635
906 1954
906 1401
906 1730
907 1529
907 1032
907 1402
909 1940
909 1965
909 1405
910 1406
911 1027
911 1532
912 1406
912 1736
912 1532
913 1399
913 1274
913 1948
913 1408
913 1535
913 915
913 916
914 1408
914 916
914 915
914 1974
915 1408
915 916
915 1535
916 1408
917 918
918 1041
920 1169
920 921
920 1411
920 1643
921 1778
921 1413
921 1411
922 1641
922 1046
922 1413
923 1288
923 1047
923 1741
924 1541
924 1418
925 1745
925 1742
926 1753
926 1052
926 1053
926 1416
926 1171
926 1293
926 1177
926 1544
927 1171
927 1172
927 1416
927 1750
927 1751
927 1752
927 1057
927 1175
928 1748
928 1757
928 1756
928 1053
929 1648
929 1758
929 1178
930 1419
930 1549
930 1421
930 1309
930 945
931 1060
931 1294
931 1173
931 1650
931 1546
931 1759
931 1548
932 1547
933 936
934 1297
934 1180
934 1763
934 1764
934 1063
935 1770
936 1422
936 1766
936 1063
936 1764
937 1428
937 1429
937 1556
937 1300
937 939
937 1069
938 1071
938 1777
938 1556
939 1776
939 1428
939 1429
939 1300
940 1303
940 1656
940 1575
940 941
941 1560
941 1656
941 1303
942 1788
942 1565
942 1433
942 1435
942 1437
942 1436
943 1307
943 1198
943 1308
943 1441
943 1434
944 1308
944 1785
944 1562
945 1421
945 1568
946 1662
946 1438
946 1077
946 1568
947 1311
947 1312
947 1802
947 1803
948 1797
948 1079
948 1311
948 1442
949 1081
949 1664
949 1205
950 1669
950 1813
951 1559
951 1211
951 1321
951 1452
951 1451
952 1087
952 1455
953 1815
953 1579
953 1454
953 1814
953 1330
954 1673
954 1795
954 955
954 1078
954 1674
954 1456
955 1674
955 1673
956 1213
956 1823
956 1672
957 1823
957 1821
957 1456
958 1676
958 1458
958 1334
959 960
959 1079
960 1827
960 1333
962 1830
962 1333
963 966
963 1459
964 1351
964 1217
964 1833
964 1337
964 1583
965 1444
965 1215
965 1584
966 1336
966 1459
967 1585
967 1582
967 1337
967 1833
968 1462
968 1828
968 1460
968 1336
968 1831
968 1832
968 1338
968 1677
969 1084
969 1447
970 1338
971 1832
971 1838
972 1698
972 1223
972 1843
972 1469
972 1099
972 1842
973 1683
973 1685
973 1845
973 1577
974 1588
974 1472
974 1853
974 1847
975 1689
975 1687
975 1691
975 1851
975 1225
975 1224
976 1226
976 1849
976 1850
977 1346
977 1344
977 1475
977 1855
977 979
977 1590
978 1235
978 1236
978 1591
978 1690
979 1232
979 1475
979 1346
979 1230
980 1690
981 1478
981 1112
981 1350
982 1597
982 1596
982 1695
983 1870
983 1486
983 1241
983 1117
984 1485
984 1243
984 1599
985 1871
985 1600
985 1484
986 1487
986 1492
986 1358
987 1489
987 1603
987 1880
987 1699
989 1703
989 1606
989 1365
990 1607
990 1363
991 1606
991 1123
991 1364
991 1885
992 1251
992 1889
993 1130
993 1152
993 1251
993 1704
994 1706
995 1500
995 996
995 1129
995 1614
995 1611
996 1609
996 1611
996 1128
996 1129
996 1614
996 1368
997 1132
997 1134
997 1896
998 1898
998 1894
998 1133
999 1501
999 1617
999 1901
999 1902
1000 1136
1000 1616
1000 1903
1001 1140
1002 1517
1003 1373
1003 1137
1003 1138
1004 1379
1004 1917
1004 1509
1004 1926
1005 1715
1005 1148
1005 1919
1006 1914
1006 1507
1006 1506
1006 1262
1006 1261
1006 1144
1006 1143
1006 1258
1007 1525
1008 1704
1008 1251
1008 1924
1009 1265
1009 1512
1009 1264
1010 1397
1011 1512
1011 1267
1012 1150
1012 1267
1012 1514
1012 1013
1012 1152
1013 1267
1013 1514
1014 1927
1014 1015
1015 1526
1015 1400
1015 1952
1015 1927
1016 1936
1016 1935
1016 1721
1016 1018
1016 1017
1016 1270
1017 1270
1018 1019
1018 1721
1018 1936
1018 1935
1019 1625
1019 1936
1020 1939
1020 1387
1021 1022
1021 1627
1021 1518
1021 1722
1022 1937
1022 1039
1022 1038
1022 1627
1023 1939
1023 1157
1023 1155
1023 1388
1023 1386
1023 1938
1024 1942
1024 1941
1024 1272
1024 1520
1024 1155
1024 1157
1024 1388
1025 1391
1025 1392
1025 1945
1025 1629
1026 1271
1026 1628
1026 1519
1026 1030
1028 1915
1028 1631
1029 1380
1029 1716
1029 1521
1029 1631
1030 1519
1030 1271
1030 1284
1030 1628
1030 1946
1031 1730
1031 1635
1031 1729
1032 1529
1033 1955
1033 1034
1033 1636
1034 1955
1035 1625
1035 1280
1035 1278
1035 1960
1035 1956
1035 1720
1037 1403
1037 1163
1037 1964
1038 1039
1038 1627
1039 1627
1040 1967
1040 1534
1040 1284
1042 1044
1042 1538
1042 1160
1042 1409
1044 1739
1044 1740
1044 1162
1044 1976
1044 1167
1045 1287
1045 1539
1045 1642
1046 1413
1046 1412
1047 1643
1047 1288
1048 1414
1049 1743
1049 1542
1049 1644
1049 1056
1049 1747
1050 1291
1050 1754
1050 1051
1050 1418
1051 1545
1051 1754
1051 1647
1051 1646
1051 1291
1052 1753
1052 1544
1052 1054
1052 1053
1052 1177
1053 1293
1053 1757
1053 1544
1054 1544
1054 1786
1054 1055
1054 1309
1054 1549
1055 1431
1055 1437
1055 1544
1055 1786
1055 1309
1056 1747
1056 1542
1057 1760
1057 1059
1057 1175
1057 1171
1057 1750
1057 1762
1058 1761
1058 1179
1058 1420
1058 1547
1059 1762
1059 1174
1059 1175
1059 1649
1059 1760
1060 1548
1060 1173
1060 1420
1061 1550
1061 1769
1061 1295
1061 1765
1061 1422
1062 1570
1062 1771
1063 1764
1063 1763
1063 1180
1064 1425
1064 1424
1064 1187
1064 1186
1065 1296
1066 1427
1066 1426
1066 1067
1067 1426
1067 1775
1067 1302
1068 1299
1068 1070
1069 1300
1069 1428
1069 1188
1070 1553
1070 1805
1071 1072
1071 1777
1071 1556
1072 1777
1073 1558
1073 1074
1073 1655
1073 1193
1073 1304
1074 1558
1075 1782
1075 1659
1075 1305
1076 1562
1076 1658
1076 1789
1076 1432
1076 1435
1077 1567
1077 1662
1077 1199
1077 1792
1078 1456
1078 1795
1078 1793
1078 1821
1079 1663
1079 1311
1080 1204
1080 1664
1080 1205
1081 1665
1081 1803
1081 1802
1082 1317
1082 1665
1082 1663
1082 1444
1083 1572
1083 1804
1084 1446
1084 1572
1084 1804
1084 1206
1084 1809
1085 1841
1085 1811
1086 1326
1086 1088
1086 1453
1087 1815
1087 1330
1087 1454
1087 1455
1088 1453
1088 1325
1088 1323
1088 1327
1088 1326
1089 1814
1089 1331
1090 1329
1090 1819
1090 1579
1090 1671
1091 1824
1091 1825
1091 1580
1092 1582
1092 1677
1092 1460
1092 1585
1093 1835
1093 1097
1093 1680
1093 1465
1093 1679
1093 1221
1093 1219
1094 1340
1095 1339
1095 1098
1095 1839
1095 1320
1095 1810
1096 1834
1096 1464
1096 1840
1096 1466
1096 1218
1097 1680
1097 1681
1097 1835
1097 1221
1097 1682
1098 1339
1098 1839
1098 1466
1099 1469
1099 1698
1099 1245
1101 1227
1101 1107
1101 1468
1102 1844
1102 1467
1102 1322
1103 1471
1104 1228
1104 1341
1104 1342
1105 1877
1105 1854
1105 1225
1106 1853
1106 1342
1106 1848
1106 1341
1107 1227
1107 1686
1108 1229
1108 1675
1108 1825
1108 1344
1109 1859
1109 1860
1109 1345
1109 1233
1110 1458
1110 1476
1110 1861
1110 1347
1111 1351
1111 1237
1112 1237
1112 1350
1112 1478
1113 1354
1113 1697
1113 1868
1114 1870
1114 1115
1114 1356
1114 1242
1114 1241
1115 1241
1115 1242
1115 1356
1116 1484
1116 1871
1117 1244
1117 1486
1117 1870
1118 1872
1118 1119
1118 1699
1119 1873
1119 1492
1119 1358
1120 1878
1120 1876
1120 1248
1120 1881
1120 1880
1120 1879
1121 1601
1121 1122
1121 1493
1122 1493
1122 1601
1123 1885
1123 1379
1124 1498
1124 1497
1124 1496
1124 1367
1125 1127
1125 1252
1125 1890
1125 1888
1126 1127
1126 1888
1126 1705
1127 1888
1127 1890
1128 1368
1129 1614
1129 1611
1129 1609
1130 1612
1130 1892
1131 1697
1131 1370
1131 1707
1132 1896
1132 1708
1133 1894
1133 1135
1133 1899
1134 1895
1134 1370
1134 1615
1135 1899
1135 1900
1136 1255
1136 1710
1136 1904
1136 1616
1137 1906
1137 1138
1137 1257
1137 1373
1138 1908
1139 1909
1139 1372
1139 1141
1141 1372
1141 1909
1142 1376
1142 1503
1142 1622
1143 1914
1143 1506
1143 1145
1143 1261
1143 1262
1143 1922
1144 1263
1144 1507
1144 1262
1144 1506
1144 1914
1145 1508
1145 1922
1145 1915
1145 1262
1145 1630
1146 1913
1146 1375
1147 1608
1147 1886
1148 1715
1148 1920
1148 1509
1149 1926
1149 1717
1150 1152
1150 1612
1150 1928
1150 1929
1151 1268
1151 1610
1152 1929
1152 1928
1152 1612
1153 1381
1153 1268
1154 1514
1154 1930
1155 1942
1155 1272
1155 1386
1155 1388
1155 1157
1155 1520
1156 1389
1156 1724
1156 1943
1157 1520
1157 1272
1157 1941
1157 1388
1157 1386
1158 1398
1158 1276
1158 1950
1159 1528
1159 1401
1160 1409
1160 1538
1160 1957
1161 1402
1161 1527
1162 1403
1162 1976
1162 1530
1162 1959
1162 1964
1162 1963
1163 1964
1163 1403
1164 1736
1165 1638
1165 1969
1165 1166
1165 1407
1165 1639
1166 1969
1166 1407
1167 1410
1167 1739
1167 1740
1167 1168
1167 1976
1168 1410
1168 1739
1169 1170
1169 1540
1169 1411
1169 1415
1170 1415
1170 1744
1171 1762
1171 1760
1171 1174
1171 1416
1171 1752
1171 1753
1171 1177
1172 1175
1172 1751
1172 1750
1172 1749
1173 1548
1174 1753
1174 1177
1174 1762
1174 1419
1175 1760
1175 1649
1175 1750
1176 1179
1176 1420
1176 1761
1176 1295
1177 1762
1177 1753
1178 1419
1178 1421
1178 1648
1178 1758
1179 1420
1179 1295
1179 1761
1179 1547
1179 1765
1180 1764
1180 1763
1181 1550
1181 1651
1181 1551
1182 1552
1182 1423
1183 1297
1184 1187
1184 1652
1185 1424
1185 1301
1185 1773
1186 1187
1186 1423
1187 1652
1188 1774
1188 1428
1188 1555
1189 1668
1189 1299
1189 1666
1189 1554
1190 1196
1190 1780
1190 1560
1190 1779
1191 1778
1191 1779
1191 1781
1191 1557
1192 1653
1192 1290
1192 1657
1192 1195
1193 1304
1193 1560
1193 1196
1194 1210
1194 1812
1194 1430
1195 1655
1195 1645
1195 1290
1195 1653
1196 1779
1196 1560
1196 1304
1197 1563
1197 1660
1197 1785
1198 1564
1198 1441
1198 1434
1198 1307
1198 1306
1198 1308
1199 1567
1199 1792
1199 1793
1199 1310
1200 1309
1200 1431
1200 1437
1200 1566
1200 1439
1201 1440
1201 1441
1201 1794
1201 1564
1202 1571
1202 1798
1203 1314
1203 1315
1203 1801
1203 1443
1204 1316
1205 1664
1206 1804
1206 1572
1206 1808
1207 1805
1208 1667
1208 1574
1208 1448
1209 1667
1209 1319
1210 1812
1211 1321
1211 1451
1211 1452
1211 1455
1212 1322
1212 1576
1213 1823
1213 1327
1213 1816
1213 1822
1213 1325
1213 1323
1214 1673
1214 1824
1215 1582
1216 1586
1216 1462
1216 1461
1216 1866
1217 1833
1217 1337
1218 1587
1218 1834
1218 1446
1218 1464
1218 1840
1219 1678
1219 1679
1219 1465
1220 1466
1220 1682
1221 1353
1221 1680
1221 1681
1221 1835
1222 1683
1222 1577
1222 1684
1223 1843
1223 1469
1223 1698
1224 1691
1224 1851
1224 1689
1224 1687
1225 1877
1226 1472
1226 1849
1226 1852
1226 1688
1227 1589
1227 1603
1228 1853
1228 1688
1228 1341
1229 1675
1229 1344
1229 1473
1230 1346
1230 1592
1230 1232
1231 1850
1231 1857
1231 1689
1232 1474
1232 1592
1232 1343
1232 1346
1233 1859
1233 1860
1233 1345
1234 1347
1234 1348
1234 1692
1234 1861
1235 1591
1235 1236
1235 1862
1235 1593
1236 1593
1236 1862
1236 1348
1237 1693
1238 1694
1238 1598
1238 1239
1239 1254
1240 1865
1240 1479
1241 1356
1241 1242
1241 1870
1242 1356
1243 1485
1244 1869
1244 1696
1245 1359
1245 1698
1246 1257
1246 1906
1247 1493
1247 1877
1247 1881
1247 1248
1247 1361
1247 1604
1248 1881
1248 1879
1248 1589
1248 1604
1248 1878
1248 1877
1249 1364
1249 1608
1250 1366
1251 1704
1251 1891
1251 1889
1252 1606
1252 1365
1252 1498
1253 1897
1253 1610
1253 1613
1254 1609
1254 1611
1255 1904
1255 1905
1255 1618
1255 1710
1255 1256
1256 1898
1256 1618
1256 1502
1257 1373
1257 1906
1258 1913
1258 1504
1258 1506
1258 1375
1259 1503
1259 1910
1259 1912
1259 1723
1260 1503
1260 1619
1260 1909
1260 1622
1261 1504
1261 1506
1261 1262
1261 1914
1262 1263
1262 1507
1262 1921
1262 1506
1262 1508
1262 1914
1263 1508
1263 1918
1263 1919
1263 1921
1263 1507
1263 1914
1264 1925
1264 1512
1265 1623
1265 1266
1266 1513
1266 1623
1266 1920
1267 1514
1268 1381
1270 1721
1270 1733
1271 1966
1271 1519
1272 1520
1272 1388
1272 1942
1273 1948
1273 1632
1273 1275
1274 1535
1274 1399
1274 1528
1275 1948
1275 1972
1276 1950
1276 1398
1277 1525
1278 1731
1278 1956
1279 1958
1279 1733
1280 1960
1280 1625
1281 1531
1281 1282
1282 1735
1282 1734
1282 1531
1283 1737
1284 1534
1284 1967
1285 1638
1285 1738
1285 1971
1285 1972
1286 1536
1286 1954
1287 1744
1287 1415
1288 1643
1288 1539
1289 1644
1290 1653
1290 1645
1291 1545
1291 1747
1291 1646
1292 1646
1292 1749
1292 1647
1293 1753
1293 1752
1293 1416
1293 1545
1293 1544
1294 1546
1294 1650
1295 1422
1295 1765
1299 1805
1300 1428
1300 1429
1300 1556
1301 1553
1301 1773
1302 1773
1302 1775
1302 1426
1303 1575
1303 1656
1304 1657
1305 1654
1305 1653
1305 1655
1306 1661
1306 1564
1306 1326
1306 1453
1307 1434
1307 1433
1307 1308
1308 1434
1308 1433
1309 1431
1309 1549
1309 1439
1310 1792
1310 1793
1311 1803
1311 1312
1312 1802
1312 1803
1313 1569
1313 1571
1314 1315
1314 1806
1314 1800
1314 1801
1314 1443
1315 1801
1315 1443
1316 1445
1316 1573
1317 1665
1317 1444
1317 1663
1319 1810
1320 1839
1320 1810
1321 1451
1321 1452
1322 1467
1322 1844
1323 1325
1323 1816
1323 1327
1324 1579
1325 1822
1325 1327
1326 1453
1326 1661
1327 1822
1327 1816
1328 1331
1328 1578
1328 1818
1328 1852
1329 1819
1329 1844
1330 1815
1330 1814
1330 1454
1331 1818
1331 1578
1332 1672
1332 1675
1332 1824
1332 1820
1333 1827
1334 1458
1334 1676
1335 1581
1336 1460
1336 1831
1336 1459
1336 1338
1337 1833
1337 1583
1337 1829
1338 1831
1338 1832
1339 1839
1340 1600
1340 1484
1341 1342
1342 1686
1343 1592
1343 1474
1344 1675
1344 1475
1344 1473
1345 1702
1345 1860
1345 1859
1346 1474
1346 1475
1346 1856
1347 1861
1348 1593
1348 1692
1348 1862
1349 1594
1350 1478
1350 1479
1350 1595
1351 1583
1352 1482
1352 1586
1353 1869
1353 1681
1354 1697
1354 1370
1354 1481
1354 1868
1355 1598
1355 1483
1355 1480
1356 1483
1357 1901
1357 1893
1358 1872
1358 1492
1359 1491
1359 1875
1360 1375
1360 1620
1360 1884
1361 1493
1361 1881
1361 1604
1362 1876
1362 1699
1362 1700
1363 1495
1363 1607
1363 1605
1365 1606
1365 1703
1366 1608
1366 1886
1367 1497
1367 1496
1369 1615
1369 1371
1369 1894
1370 1895
1371 1501
1371 1502
1371 1617
1372 1909
1372 1619
1372 1374
1374 1378
1374 1622
1374 1619
1375 1620
1375 1913
1376 1621
1376 1378
1376 1377
1376 1712
1377 1714
1377 1711
1377 1602
1377 1621
1377 1712
1378 1619
1378 1712
1379 1718
1379 1885
1379 1917
1379 1916
1380 1521
1380 1716
1380 1631
1380 1715
1382 1516
1382 1931
1383 1515
1383 1384
1383 1900
1384 1515
1385 1935
1385 1932
1385 1626
1386 1388
1386 1938
1387 1939
1388 1941
1389 1943
1389 1912
1389 1724
1390 1630
1391 1966
1392 1943
1392 1944
1393 1395
1393 1394
1395 1947
1396 1534
1396 1947
1397 1727
1397 1523
1398 1950
1399 1408
1399 1948
1399 1535
1400 1634
1400 1952
1402 1529
1403 1964
1403 1963
1403 1976
1405 1734
1405 1965
1405 1940
1405 1735
1407 1969
1407 1737
1407 1639
1408 1535
1408 1970
1409 1538
1410 1739
1411 1540
1412 1413
1412 1643
1413 1778
1414 1644
1415 1744
1416 1753
1416 1751
1416 1647
1416 1752
1417 1756
1417 1561
1417 1748
1417 1755
1419 1549
1420 1761
1420 1547
1420 1548
1421 1568
1422 1766
1422 1769
1422 1765
1423 1772
1423 1552
1426 1775
1427 1774
1427 1555
1428 1774
1428 1555
1429 1776
1429 1556
1430 1783
1430 1812
1430 1559
1431 1565
1431 1786
1431 1439
1431 1437
1432 1435
1432 1433
1432 1658
1432 1788
1432 1789
1432 1562
1433 1562
1433 1565
1433 1789
1433 1435
1433 1788
1434 1791
1434 1441
1435 1789
1435 1788
1435 1562
1435 1436
1435 1658
1436 1565
1436 1437
1436 1786
1436 1788
1437 1439
1437 1565
1437 1786
1438 1790
1439 1566
1440 1564
1440 1441
1440 1794
1441 1564
1441 1791
1442 1797
1443 1801
1443 1664
1444 1665
1445 1807
1445 1573
1446 1840
1446 1809
1447 1463
1447 1808
1448 1574
1448 1668
1449 1667
1450 1811
1451 1452
1451 1559
1451 1455
1453 1661
1454 1815
1454 1817
1456 1795
1456 1673
1456 1821
1457 1663
1460 1828
1460 1585
1460 1677
1460 1831
1460 1832
1460 1462
1461 1586
1461 1866
1461 1693
1461 1829
1462 1828
1462 1832
1462 1677
1463 1836
1464 1837
1464 1834
1464 1587
1465 1596
1465 1597
1465 1679
1465 1680
1466 1840
1467 1844
1468 1846
1469 1698
1469 1843
1469 1842
1470 1686
1471 1842
1472 1852
1472 1688
1472 1847
1472 1588
1473 1855
1473 1675
1474 1856
1474 1858
1475 1590
1477 1859
1477 1862
1477 1593
1477 1591
1478 1595
1480 1867
1480 1694
1481 1868
1482 1695
1484 1871
1485 1599
1487 1490
1488 1874
1488 1489
1489 1874
1491 1875
1492 1873
1493 1601
1494 1882
1495 1607
1496 1705
1496 1499
1496 1497
1497 1887
1498 1888
1499 1705
1501 1901
1501 1893
1502 1617
1502 1618
1503 1622
1503 1910
1503 1713
1504 1506
1505 1886
1505 1916
1505 1918
1506 1914
1507 1914
1508 1922
1508 1914
1508 1915
1508 1921
1509 1919
1509 1918
1510 1717
1510 1719
1510 1923
1510 1925
1511 1513
1511 1624
1511 1623
1511 1716
1513 1624
1513 1623
1513 1920
1516 1931
1517 1938
1518 1937
1519 1628
1519 1946
1520 1941
1520 1942
1521 1631
1522 1946
1522 1726
1523 1624
1523 1949
1523 1727
1524 1632
1524 1728
1525 1953
1525 1633
1526 1952
1527 1729
1529 1634
1530 1963
1530 1959
1530 1962
1531 1734
1533 1638
1533 1639
1534 1967
1535 1970
1536 1954
1537 1640
1539 1642
1540 1543
1540 1746
1541 1645
1542 1743
1542 1644
1542 1747
1543 1746
1544 1753
1545 1752
1545 1647
1545 1646
1546 1649
1547 1761
1547 1759
1548 1761
1550 1651
1551 1651
1551 1569
1552 1772
1553 1806
1554 1666
1554 1668
1555 1774
1556 1777
1557 1778
1557 1781
1558 1783
1559 1660
1559 1784
1560 1656
1561 1787
1561 1748
1561 1755
1562 1789
1562 1785
1563 1784
1563 1785
1563 1660
1565 1786
1565 1788
1566 1662
1566 1568
1566 1792
1567 1792
1567 1793
1568 1662
1570 1771
1572 1804
1573 1807
1574 1667
1576 1819
1576 1671
1577 1683
1578 1818
1578 1588
1578 1852
1579 1819
1582 1585
1583 1829
1585 1828
1585 1677
1586 1866
1587 1834
1587 1837
1588 1852
1588 1847
1589 1878
1590 1856
1590 1690
1591 1593
1591 1858
1591 1856
1593 1862
1596 1695
1596 1597
1597 1695
1598 1694
1602 1621
1602 1714
1603 1878
1603 1879
1603 1880
1604 1881
1604 1877
1606 1703
1607 1702
1608 1886
1609 1614
1609 1611
1610 1613
1611 1614
1612 1928
1612 1929
1613 1928
1615 1895
1616 1903
1616 1618
1616 1617
1616 1710
1617 1901
1617 1618
1618 1710
1619 1909
1619 1622
1620 1711
1620 1714
1621 1712
1621 1714
1623 1920
1624 1949
1625 1720
1625 1960
1626 1932
1627 1937
1628 1944
1628 1946
1629 1945
1630 1922
1632 1951
1632 1728
1633 1953
1635 1730
1635 1954
1636 1957
1637 1968
1638 1639
1638 1738
1638 1971
1644 1743
1645 1653
1646 1749
1646 1647
1647 1751
1647 1752
1647 1749
1648 1758
1649 1750
1649 1760
1650 1759
1653 1655
1657 1781
1658 1789
1658 1787
1659 1782
1659 1787
1660 1783
1660 1784
1661 1785
1662 1792
1665 1803
1666 1668
1669 1670
1669 1813
1671 1819
1671 1817
1674 1826
1675 1820
1677 1828
1678 1679
1678 1837
1679 1680
1680 1835
1681 1835
1682 1835
1684 1685
1685 1845
1687 1689
1687 1851
1687 1691
1688 1850
1689 1857
1689 1691
1689 1851
1690 1856
1691 1851
1693 1866
1694 1867
1696 1869
1697 1868
1698 1843
1699 1876
1700 1883
1700 1701
1700 1876
1701 1876
1701 1881
1703 1887
1704 1889
1707 1708
1708 1896
1709 1898
1710 1904
1710 1905
1711 1714
1713 1912
1713 1911
1713 1910
1715 1919
1717 1718
1717 1923
1718 1885
1718 1917
1719 1891
1720 1956
1721 1936
1723 1942
1724 1943
1725 1944
1727 1951
1728 1951
1731 1961
1732 1961
1733 1958
1734 1735
1735 1965
1738 1971
1738 1972
1739 1740
1740 1976
1742 1745
1748 1756
1748 1757
1749 1751
1750 1760
1751 1752
1752 1753
1753 1762
1754 1756
1756 1757
1757 1786
1760 1762
1763 1764
1764 1766
1766 1767
1766 1769
1767 1768
1773 1775
1779 1781
1779 1780
1782 1787
1783 1784
1788 1789
1792 1793
1794 1822
1800 1806
1802 1803
1807 1808
1810 1839
1811 1841
1814 1815
1820 1824
1824 1825
1828 1832
1828 1831
1831 1832
1847 1852
1848 1853
1850 1857
1850 1854
1856 1858
1859 1860
1864 1865
1876 1880
1878 1880
1878 1879
1879 1880
1879 1881
1882 1884
1886 1916
1888 1890
1889 1891
1890 1923
1893 1901
1897 1900
1899 1900
1902 1903
1904 1905
1905 1933
1910 1912
1914 1921
1915 1921
1915 1922
1917 1926
1918 1919
1919 1921
1920 1926
1928 1929
1932 1935
1933 1934
1935 1936
1943 1944
1957 1961
1957 1962
1959 1962
1959 1963
1961 1962
1963 1964
1963 1976
1964 1976
1970 1975
1973 1974
