0 830
0 837
0 642
0 94
0 455
1 58
1 454
2 838
2 103
2 267
2 461
3 655
3 660
4 679
4 8
4 480
4 649
5 280
5 659
5 843
5 1005
5 107
5 104
6 847
6 283
6 284
6 278
6 464
7 845
7 1010
7 472
8 679
9 650
9 275
9 652
9 477
9 668
9 469
10 1025
10 307
10 21
10 683
10 122
11 138
11 671
11 508
12 30
12 14
12 487
12 308
13 685
13 670
13 139
13 123
14 129
14 308
14 140
14 141
14 504
14 855
15 868
15 314
15 300
16 17
16 126
16 870
16 674
17 145
17 309
17 515
17 682
17 133
17 126
17 870
17 674
18 500
18 499
18 1021
18 298
18 20
18 864
18 292
19 678
19 862
20 704
20 500
20 292
20 293
20 298
20 345
21 137
21 861
21 307
21 486
21 1025
21 683
21 22
21 853
22 137
22 121
22 853
22 486
22 307
23 859
23 690
23 681
23 315
23 133
23 132
23 491
23 124
24 1044
24 860
24 692
24 863
24 26
24 492
24 302
24 497
24 125
25 142
25 144
25 684
25 127
25 1190
25 1181
25 132
26 134
26 692
26 860
26 492
27 703
27 160
27 332
27 517
27 1058
27 319
28 29
28 146
28 324
28 694
28 167
28 877
28 872
29 161
29 1070
29 40
29 877
29 320
29 872
29 146
29 167
29 695
30 152
30 878
30 293
30 345
30 308
30 727
30 1026
30 487
31 151
31 150
31 520
31 152
31 538
31 708
31 347
32 880
32 883
32 545
32 164
32 165
33 348
33 709
33 156
33 523
33 1055
34 340
34 545
34 327
34 891
34 711
34 700
34 699
35 733
35 886
35 330
35 525
35 341
36 546
36 713
36 330
36 239
36 240
36 887
37 725
37 159
38 343
38 334
38 526
38 333
38 1047
38 540
38 541
38 714
39 149
39 151
39 150
39 716
39 337
39 708
39 160
39 536
40 161
40 537
40 336
40 344
40 705
40 146
40 147
41 1060
41 1212
41 154
41 339
41 157
41 710
41 698
41 718
42 711
42 340
42 539
42 326
42 720
42 544
43 322
43 710
43 732
43 892
43 329
43 531
44 899
44 722
44 885
44 49
45 734
45 321
45 909
45 335
45 1048
45 359
45 551
45 739
46 361
46 903
46 737
46 47
46 355
46 352
46 553
47 173
47 49
47 737
47 903
47 355
47 361
48 359
48 1081
48 739
48 735
48 321
48 176
48 352
49 361
49 1085
49 907
49 173
50 751
50 914
50 555
51 747
51 749
51 750
52 370
52 917
52 919
52 54
53 184
53 663
53 119
53 222
53 198
53 915
54 917
54 557
54 1094
55 571
55 386
56 559
56 204
56 187
56 767
57 371
57 754
57 1099
58 924
58 669
58 368
59 191
59 385
59 193
60 214
60 208
60 209
60 407
60 206
60 593
60 786
60 581
61 214
61 594
61 933
61 227
61 416
61 602
62 1131
62 389
62 577
62 583
62 795
63 773
63 229
63 774
63 417
63 224
63 783
63 790
63 223
63 411
64 784
64 402
64 791
64 938
64 578
64 391
65 569
65 402
65 219
65 791
65 418
66 592
66 212
66 213
66 128
66 225
66 1283
66 68
66 943
67 212
67 144
67 944
67 943
67 415
67 574
67 787
67 397
67 213
68 407
68 145
68 1124
68 208
68 592
68 593
68 128
69 770
69 781
69 930
69 388
69 580
69 207
70 1130
70 228
70 772
70 216
70 788
70 215
70 574
70 399
71 399
71 398
71 945
71 771
71 390
71 577
71 575
72 1132
72 400
72 582
72 210
72 216
72 596
73 401
73 586
73 211
73 585
73 412
74 585
74 939
74 937
74 76
74 605
74 395
74 777
74 590
74 793
74 599
74 597
75 403
75 600
75 802
75 221
75 1128
76 793
76 590
76 939
76 605
76 395
76 777
76 599
77 245
77 626
77 342
77 1065
77 724
77 448
78 232
78 956
78 439
78 351
79 803
79 419
79 240
79 252
79 808
79 615
79 961
80 621
80 443
80 818
80 432
80 81
80 812
80 424
80 243
81 255
81 444
81 243
81 818
81 235
81 972
81 623
81 622
81 443
82 813
82 450
82 971
82 237
82 619
82 92
82 954
82 250
83 623
83 972
83 974
83 255
84 976
84 437
84 613
84 251
84 446
84 807
85 350
85 1143
85 900
85 342
85 821
86 1066
86 967
86 331
86 252
86 962
87 440
87 607
87 606
87 817
87 253
87 532
87 627
87 950
87 241
88 628
88 246
88 810
88 608
88 963
88 431
88 91
88 1297
89 612
89 234
89 233
89 617
89 1141
89 1144
89 247
90 1138
90 233
90 423
90 1149
90 630
90 629
90 822
91 812
91 424
91 431
91 628
91 421
91 619
91 242
91 608
92 250
92 251
92 621
92 237
92 813
92 619
92 424
92 954
93 444
93 1151
93 820
93 434
93 815
94 642
94 1164
94 830
94 261
94 265
94 984
94 836
94 96
95 284
95 645
95 829
96 265
96 645
96 984
96 829
96 1164
96 261
96 836
97 459
97 100
97 460
97 991
97 643
97 265
97 455
98 260
98 748
98 835
98 271
98 640
98 264
98 986
99 1160
99 641
99 462
99 271
99 270
100 987
100 262
100 263
100 639
100 455
100 988
101 658
102 843
102 844
102 274
102 114
102 116
102 107
103 481
103 850
104 116
104 474
104 475
104 843
104 465
105 851
105 666
105 106
105 287
106 287
107 116
107 843
107 659
107 280
107 1005
108 301
108 1013
108 110
108 281
108 651
108 466
109 1003
109 466
109 651
109 282
110 282
110 317
110 651
110 1018
111 1015
111 279
111 285
112 992
112 990
112 460
112 478
112 284
113 286
113 273
113 661
113 479
113 277
113 849
113 1004
113 665
114 468
114 844
114 274
114 117
115 484
115 570
115 654
116 274
116 479
116 286
116 475
116 843
117 274
117 286
117 661
118 477
118 468
118 275
118 1008
119 664
119 663
119 290
119 198
120 136
120 1024
120 310
120 507
120 675
121 298
121 487
121 486
121 137
122 307
122 493
122 685
122 854
123 1043
123 313
123 672
123 1031
123 139
123 130
124 859
124 681
125 497
125 863
125 524
125 141
125 673
125 302
125 1044
126 514
126 309
126 316
126 870
126 674
126 304
127 1023
127 684
127 225
127 132
127 491
127 144
128 682
128 515
128 592
128 225
128 145
128 1023
129 855
129 1193
129 867
129 143
129 141
129 512
129 140
129 687
129 686
129 1032
129 504
130 1043
130 489
130 672
130 1194
130 514
130 688
131 1036
131 317
131 496
131 301
132 495
132 491
132 690
132 505
133 315
133 674
133 491
133 682
133 690
134 492
134 406
134 779
134 692
134 304
134 780
134 860
134 1203
134 942
134 226
135 499
135 1020
135 676
136 507
136 680
136 295
136 857
137 486
137 853
137 1191
138 508
138 649
138 502
139 503
139 1031
139 1192
139 685
139 313
139 672
140 529
140 141
140 673
140 504
140 308
140 855
140 1032
140 687
141 687
141 1188
141 1034
141 1032
141 302
141 855
141 673
141 504
142 144
142 869
142 691
142 305
142 1181
142 205
142 415
142 318
143 686
143 1027
143 512
143 855
143 1040
143 1357
143 670
144 1190
144 225
144 491
144 684
145 1292
145 785
145 870
145 682
145 515
145 1124
145 309
146 534
146 877
146 872
146 694
146 344
146 1070
147 537
147 161
147 344
147 528
148 719
148 528
148 543
148 327
148 873
148 539
148 731
148 544
149 536
149 160
149 533
149 1058
149 319
149 337
149 518
149 876
150 520
150 151
150 715
150 1206
150 716
150 536
150 160
150 332
150 708
151 716
151 536
151 337
151 708
151 520
151 160
152 1026
152 1227
152 293
152 878
152 345
152 520
152 308
152 727
153 521
153 326
153 717
153 325
153 1219
153 1210
153 163
153 544
153 873
153 696
154 718
154 339
154 728
154 706
154 162
155 338
155 328
155 530
155 730
155 890
155 354
155 1076
155 542
156 1211
156 1061
156 709
156 523
156 163
156 1055
156 347
157 882
157 881
157 710
157 698
157 531
157 165
157 884
158 332
158 871
158 704
158 1059
158 715
158 517
159 725
159 1069
159 360
159 1068
159 335
160 1058
160 1059
160 332
160 536
160 715
160 716
161 1228
161 528
161 169
161 695
161 537
162 706
162 169
162 339
162 697
162 728
162 889
162 879
162 1051
163 717
163 720
163 1209
163 325
163 326
163 521
163 1052
163 709
164 545
164 697
164 528
164 729
164 879
164 880
164 543
164 883
164 165
164 1053
165 884
165 883
165 882
165 881
165 898
165 525
165 698
165 531
165 1221
165 1220
166 331
166 894
166 701
166 723
166 721
167 324
167 320
167 1224
167 1045
167 877
167 1046
167 872
168 335
168 1048
168 346
168 707
168 527
169 1397
169 339
169 728
169 706
169 695
169 879
169 697
169 889
170 875
170 349
170 525
170 892
170 724
170 531
170 322
170 1057
170 702
170 329
170 1077
171 323
171 1063
171 712
171 351
171 895
171 894
172 902
172 1080
172 1083
172 174
172 175
172 357
172 550
172 1246
173 907
173 361
174 357
174 1246
174 1083
174 1080
174 175
174 902
174 904
174 550
175 547
175 357
175 1080
175 1246
175 902
175 548
176 352
176 739
176 354
176 735
176 359
176 1081
177 352
177 906
177 549
177 1247
177 735
177 552
177 1084
177 1079
178 1152
178 634
178 910
178 907
179 181
179 362
179 741
179 740
180 742
180 743
180 363
180 182
180 365
181 1256
181 742
181 741
181 365
181 363
182 363
182 746
182 1086
182 749
182 743
183 1254
183 556
183 1089
184 915
184 222
184 198
184 384
184 762
185 755
185 916
185 562
185 369
185 1095
185 190
186 1095
186 385
186 377
186 562
186 193
186 757
186 190
187 767
187 559
187 204
188 204
188 568
188 561
189 557
189 383
189 1270
189 471
189 925
190 562
190 755
190 922
190 757
190 1095
191 385
191 193
191 563
192 370
192 559
192 761
192 923
193 1266
193 385
193 1268
193 377
194 391
194 196
194 558
194 796
194 603
195 1096
195 927
195 926
195 758
195 199
195 200
195 378
196 1097
197 768
197 1114
197 374
197 560
197 380
197 569
198 664
198 915
198 762
198 384
199 378
199 372
199 926
199 758
199 920
199 753
199 200
200 758
200 373
201 763
201 1100
201 291
201 570
202 1125
202 384
202 764
202 762
202 1115
203 1101
203 372
204 767
204 568
204 559
205 415
205 305
205 318
206 601
206 786
206 785
206 591
206 214
207 781
207 930
207 222
207 388
207 580
208 407
208 398
208 1275
208 389
208 593
208 575
209 417
209 581
209 389
209 1276
209 594
209 407
210 400
210 216
210 596
210 597
210 414
210 797
210 412
210 1132
211 1117
211 604
211 585
211 937
211 586
211 588
212 943
212 213
212 1120
212 397
212 946
212 1282
212 787
212 225
213 943
213 574
213 397
213 946
213 944
213 215
213 788
213 787
213 1120
214 948
214 933
214 602
214 601
214 594
215 944
215 788
215 397
215 399
215 574
216 400
216 1132
216 596
216 228
216 770
216 582
217 936
217 445
217 609
217 799
217 218
217 949
217 958
218 609
218 436
218 589
218 799
218 445
218 801
218 958
219 938
219 1278
219 402
219 405
219 418
220 579
220 776
220 932
220 1118
220 794
221 1279
221 778
221 802
221 801
221 600
221 589
222 516
223 773
223 774
223 783
223 224
223 790
223 581
223 583
223 417
223 389
224 1284
224 934
224 935
224 417
224 773
224 229
224 774
224 409
224 411
225 592
225 684
225 1023
225 943
225 1282
226 304
226 942
226 406
226 780
226 779
226 601
226 591
226 1119
227 947
227 416
227 1452
227 789
227 408
227 933
227 602
228 596
228 390
228 772
228 1121
228 399
228 771
228 1130
229 775
229 411
229 774
229 409
229 783
229 394
229 393
229 392
229 1284
229 935
230 800
230 403
230 394
230 392
230 393
230 775
231 1118
231 941
231 792
231 794
231 404
232 439
232 441
232 963
232 246
232 1296
232 956
232 431
233 247
233 433
233 630
233 629
233 423
234 953
234 617
234 1137
234 620
235 254
235 631
235 818
235 255
236 805
236 248
236 610
236 632
236 433
237 250
237 1310
237 954
237 813
237 450
237 449
237 971
237 437
238 806
238 960
238 427
238 624
238 429
238 244
238 611
239 887
239 886
239 240
239 341
239 713
239 803
239 625
240 713
240 961
240 808
240 252
240 419
240 803
241 950
241 607
241 606
241 440
241 253
241 1295
241 627
241 817
241 532
242 421
242 608
242 823
242 1150
242 1298
242 811
242 952
242 619
243 622
243 443
243 812
243 424
243 1303
243 1139
243 621
244 624
244 960
244 611
245 438
245 448
245 702
245 875
245 430
245 1300
245 349
246 967
246 439
246 431
246 962
246 963
246 956
246 1297
247 1141
247 448
247 626
247 617
247 612
247 1144
248 973
248 249
248 965
248 620
249 965
249 426
249 973
249 620
250 971
250 813
250 450
250 954
250 437
250 975
251 613
251 434
251 976
251 975
251 1139
252 1066
252 961
252 962
252 419
252 615
253 950
253 627
253 441
253 440
253 576
253 607
253 817
254 970
254 968
254 631
254 969
254 818
254 1481
254 432
255 631
255 972
255 1315
256 1477
256 614
257 452
257 982
257 442
257 451
257 826
257 825
258 268
258 1167
258 269
258 985
258 834
258 998
259 462
259 832
259 1161
259 838
259 993
260 835
260 640
260 994
260 748
261 836
261 1164
261 829
261 984
261 645
261 265
262 639
262 996
262 1158
262 987
262 266
262 456
262 988
262 457
262 644
263 1157
263 988
263 1159
263 639
264 269
264 271
264 986
264 640
265 1165
265 1164
265 645
265 455
265 984
265 459
265 836
265 830
265 829
265 643
265 642
266 987
266 456
266 457
266 1158
267 997
267 458
267 461
267 463
267 831
267 1159
268 463
268 985
268 458
268 644
268 834
268 996
269 640
269 998
269 1167
269 986
270 271
270 462
270 1332
270 1160
270 641
271 986
271 1511
271 1160
271 835
271 640
272 473
272 474
272 657
272 1016
272 465
272 999
272 648
272 1011
273 1004
273 849
273 647
273 665
273 286
273 661
273 478
273 277
274 475
274 286
275 668
275 650
275 652
275 1178
275 477
276 465
276 1169
276 648
276 848
277 1004
277 661
277 665
277 849
278 647
278 283
278 284
278 1338
278 656
278 464
278 847
279 848
279 842
279 1012
280 659
281 502
281 466
281 1173
281 1013
281 1368
282 651
283 647
283 847
283 1338
283 284
283 464
284 478
284 1338
285 846
285 1175
285 646
285 1335
286 475
286 1342
286 661
287 667
287 666
287 851
288 1334
288 483
288 1003
288 467
289 1353
289 654
289 653
289 841
289 471
290 1354
290 664
291 1336
291 1100
291 570
292 864
292 293
292 1369
292 500
292 298
292 704
292 499
293 858
293 1366
293 487
293 1026
293 727
293 1395
293 345
293 298
294 509
294 306
294 299
294 862
295 1039
295 493
295 296
295 680
295 865
296 1022
296 493
296 312
296 1039
296 865
297 510
297 312
297 1041
298 864
298 1021
298 858
299 509
299 508
299 511
299 671
299 494
300 513
300 1033
300 868
300 1367
300 689
301 513
301 317
301 496
302 1188
302 1044
302 524
302 673
302 497
302 1029
302 1034
302 303
302 687
302 863
303 692
303 860
303 316
303 1029
303 1202
303 1035
304 1119
304 591
304 1196
304 309
304 693
304 942
304 1182
305 318
305 691
305 498
305 516
305 415
305 869
306 862
306 1364
306 311
306 1037
307 854
307 486
307 670
307 1025
307 685
307 1185
307 1180
307 853
308 878
308 522
308 1030
308 1026
308 504
308 487
308 538
309 870
309 515
309 1195
309 1281
309 1292
309 785
309 591
310 675
310 1024
311 1370
311 1364
311 1037
312 510
312 503
313 1022
313 503
313 1031
313 1192
313 672
313 1042
313 681
314 868
314 505
314 490
315 682
315 674
315 1362
315 690
315 681
315 1189
316 514
316 1035
316 1028
316 1029
316 489
316 1202
317 496
317 1036
317 1018
318 1280
318 691
318 415
318 869
319 1058
319 1067
319 703
319 533
319 876
319 1235
320 343
320 726
320 1224
320 877
320 695
321 909
321 346
321 338
321 1398
321 1396
321 354
321 739
321 359
321 1048
322 1239
322 329
322 732
322 349
322 1057
322 724
322 892
322 531
323 497
323 351
323 1063
323 524
323 532
323 712
323 895
323 874
324 1073
324 1045
324 694
324 872
325 1209
325 337
325 708
325 1052
325 326
325 1050
325 717
325 521
326 720
326 696
326 1052
326 521
326 717
326 544
326 1210
326 539
327 1213
327 545
327 719
327 543
327 539
327 1229
327 1053
327 729
327 528
327 731
328 730
328 530
328 732
328 1076
329 732
329 531
329 892
329 1057
329 1062
329 724
329 349
330 733
330 898
330 1215
330 886
330 1241
330 341
330 699
331 1078
331 894
331 967
331 723
331 1223
331 701
331 1072
331 439
332 517
332 536
332 1206
332 716
332 715
332 1059
332 871
333 1204
333 1383
333 526
333 897
333 896
333 343
333 714
333 1047
333 541
333 334
333 540
334 541
334 714
334 526
334 896
334 897
335 551
335 346
335 360
335 1048
335 1069
335 1394
335 1068
335 909
336 537
336 518
336 705
336 888
336 696
336 1225
336 1226
336 535
336 1207
336 344
337 518
337 536
337 1565
337 717
337 521
337 708
338 354
338 1208
338 542
338 346
338 707
338 890
339 1388
339 728
339 1566
339 1075
339 1399
339 1051
339 879
339 697
339 698
339 718
340 546
340 700
340 1391
340 893
340 699
340 1056
340 711
340 891
341 887
341 886
341 898
341 733
341 525
341 1241
342 1233
342 1407
342 900
342 1065
342 724
342 1143
342 1062
342 350
343 526
343 726
343 889
343 519
343 1047
343 714
343 1071
343 897
344 888
344 1226
344 705
344 534
344 535
344 537
344 1070
345 858
345 715
345 1395
345 520
345 727
345 1205
345 1026
346 1208
346 1573
346 542
346 1237
346 707
346 527
346 1048
346 1049
347 1074
347 1209
347 538
347 1385
347 523
347 522
347 1050
347 709
348 1055
348 523
348 1216
348 1390
348 712
348 1063
348 1231
348 524
349 892
349 875
349 724
349 1057
349 702
350 1062
350 722
350 724
350 900
351 1072
351 1393
351 1392
351 895
352 354
352 355
352 737
352 903
352 735
352 1250
352 1084
353 738
353 904
353 902
353 901
354 1250
354 355
355 903
355 737
355 1251
356 360
356 908
356 551
356 1413
357 1246
357 736
357 358
357 548
358 736
358 548
358 735
358 905
358 1244
358 552
359 1048
359 1081
359 1396
359 909
359 905
359 739
359 547
360 551
360 1068
360 908
360 734
360 1413
361 553
361 737
361 903
362 740
362 366
362 912
363 743
363 742
363 1258
363 1419
363 365
364 928
365 913
365 1257
365 743
365 742
365 1419
366 1425
366 912
366 555
366 563
367 554
367 752
367 1087
368 995
368 369
368 924
369 916
369 562
370 1101
370 917
370 386
370 1267
371 1109
371 754
371 1099
371 379
372 920
372 1108
372 1106
373 1098
373 560
373 765
373 380
374 1114
374 569
374 768
374 380
374 560
374 1098
374 1103
375 561
375 769
376 1265
376 753
376 756
377 1266
377 1268
377 564
377 1113
377 757
378 918
378 1112
378 926
378 927
378 1108
379 754
379 566
379 918
379 571
380 1098
380 560
380 921
380 1611
380 768
381 1438
381 1171
381 1433
381 383
381 382
381 760
381 925
382 1433
382 1438
382 1093
382 383
382 1104
382 1105
383 1105
383 1433
383 760
383 925
384 915
384 1107
384 762
384 764
384 1093
384 756
385 562
385 1266
385 1095
385 563
386 1271
386 1267
386 571
386 1101
387 1113
387 572
387 1269
387 1614
387 565
387 928
387 766
388 1129
388 930
388 580
389 398
389 583
389 407
389 581
389 795
389 1445
389 417
389 1131
389 1275
390 1130
390 399
390 577
390 771
390 772
390 1121
390 596
390 401
391 578
391 603
391 1126
391 796
391 595
391 584
392 1133
392 800
392 393
392 775
392 410
393 775
393 774
393 800
393 394
393 776
393 403
393 411
394 774
394 775
394 411
394 1127
394 800
394 776
394 1285
394 579
394 1463
394 798
394 403
395 605
395 940
395 597
395 777
395 599
395 396
395 793
396 940
396 405
396 1278
397 415
397 944
397 943
397 574
397 787
397 1280
398 1288
398 795
398 407
398 575
398 945
398 1445
398 1275
399 788
399 1121
399 772
399 771
399 1130
400 1446
400 595
400 770
400 596
400 584
400 1132
400 582
401 586
401 577
401 1122
401 413
401 412
401 931
402 418
402 938
402 791
402 405
402 784
403 776
403 1285
403 801
403 800
403 775
403 802
404 587
404 792
404 794
404 604
404 941
405 418
405 1278
406 942
406 779
406 780
406 947
406 1274
407 581
407 575
407 786
407 1275
407 593
408 1142
408 618
408 1287
408 422
408 1460
408 782
408 576
408 440
409 594
409 1277
409 1284
409 789
409 416
409 581
409 773
409 935
409 934
410 1133
410 949
410 782
410 789
411 773
411 775
411 774
411 798
411 935
411 1284
411 790
411 1453
411 783
412 937
412 797
412 1122
412 596
412 597
412 585
413 1117
413 1116
413 588
413 587
413 931
413 583
414 1123
414 597
414 1455
415 1280
415 574
415 944
416 933
416 934
416 789
416 935
416 602
416 1452
416 594
417 1277
417 790
417 581
417 773
417 1131
418 784
418 1635
418 1278
418 791
418 938
419 1301
419 803
419 961
419 808
419 1136
419 625
420 1302
420 1135
420 430
420 438
420 809
420 822
420 616
421 1150
421 608
421 619
421 1298
421 952
421 823
421 811
422 936
422 782
422 618
423 1138
423 629
423 630
423 822
423 1149
423 433
423 804
423 1497
424 443
424 619
424 621
424 812
424 628
424 964
425 1485
425 426
425 977
425 435
425 819
425 636
425 980
426 435
426 819
426 973
426 1476
427 633
427 806
427 624
427 1146
427 429
427 815
427 623
427 974
427 611
428 1304
428 450
428 824
428 447
428 1147
428 436
428 437
428 959
429 814
429 624
429 806
429 611
429 633
430 809
430 1135
430 702
430 438
430 616
430 625
431 608
431 963
431 628
431 810
431 1297
432 628
432 818
432 631
432 810
432 812
432 968
432 969
432 970
432 1490
432 1481
432 1482
433 630
433 1491
433 620
433 953
433 965
433 632
434 613
434 444
434 1139
434 622
434 1151
434 815
435 819
435 977
435 980
435 1485
435 636
436 589
436 445
436 824
436 1304
436 958
436 959
436 609
437 1147
437 1486
437 816
437 807
437 975
437 813
437 450
437 976
438 625
438 1300
438 702
438 448
438 809
438 1135
439 1296
439 1072
439 441
439 956
439 1307
439 967
439 963
440 950
440 627
440 1287
440 576
440 606
440 607
440 1142
441 952
441 956
441 963
441 608
441 1496
441 1296
441 627
442 1488
442 452
442 982
443 812
443 621
443 964
443 622
443 818
443 1498
444 1139
444 815
444 622
444 623
444 1316
445 609
445 959
445 589
445 958
445 1650
445 1304
445 799
446 1148
446 807
446 1311
446 976
446 613
447 824
447 1312
448 626
448 1300
448 1645
449 823
449 1145
449 450
449 609
449 958
449 1310
450 1147
450 975
450 959
450 971
450 954
450 813
450 1310
450 1486
451 1320
451 635
451 979
451 634
451 826
451 638
451 982
452 825
452 826
452 827
453 828
453 1322
453 1321
453 1505
453 980
453 1155
453 636
454 462
454 1162
454 740
454 995
455 837
455 830
455 643
455 984
455 642
455 987
456 1158
456 457
456 987
456 1325
457 989
457 1326
457 1158
457 996
457 644
458 1327
458 834
458 463
458 461
458 985
459 991
459 829
459 990
459 460
459 643
459 645
460 643
460 990
460 991
460 992
461 838
461 1515
461 832
462 1162
462 1160
462 1332
462 641
462 832
463 1159
463 834
463 996
463 985
464 647
464 656
464 847
465 1011
465 659
465 474
465 473
465 648
465 1005
465 1169
466 1173
466 1530
466 1345
466 1013
466 651
467 1000
467 1002
467 483
467 840
468 844
468 1008
468 1007
469 852
469 652
469 476
469 650
469 662
469 482
470 760
470 1019
471 557
471 1019
471 654
471 1337
472 657
472 1519
472 845
472 999
472 1172
472 473
472 1010
473 1172
473 648
473 1011
473 1340
473 657
473 999
473 1169
474 1011
474 1016
474 660
474 657
475 1529
475 1176
475 479
475 1342
476 662
476 840
476 482
476 1006
476 1343
477 652
477 1178
477 650
477 1346
478 990
478 665
478 992
478 1520
478 647
478 1004
479 1176
479 660
479 665
480 649
480 1333
480 1017
481 850
481 1007
481 1352
481 485
481 1001
482 1168
482 662
482 840
482 653
483 1002
483 1168
483 841
483 1174
483 1526
484 653
484 654
484 1179
484 668
484 1347
485 1534
485 993
485 1170
485 1001
485 1009
485 1008
486 1021
486 853
487 1366
487 1026
487 858
487 1191
487 1538
487 1186
487 1038
488 509
488 510
488 866
489 688
489 1028
489 1035
489 514
489 1194
489 1540
490 505
490 691
490 495
491 690
491 1023
491 684
491 1363
492 692
492 779
492 942
492 1182
492 860
492 1203
492 1197
493 865
493 1022
493 854
493 1039
494 511
494 509
494 1378
494 671
495 505
495 1361
495 859
496 689
496 1036
496 1554
497 1222
497 874
497 524
497 1044
497 863
497 860
498 1374
498 516
499 500
499 1183
499 864
499 1544
499 1198
500 1369
500 704
500 1198
500 1544
501 1355
501 677
501 676
501 861
501 683
501 506
502 508
502 1333
503 1022
503 1187
503 1042
503 681
504 1030
504 867
504 1032
504 512
504 686
504 687
504 1040
504 1539
504 855
504 1359
505 1361
506 676
506 677
506 1355
507 675
507 1356
507 1376
507 1024
508 671
509 1546
509 866
509 511
510 511
510 1041
510 866
511 868
511 1041
512 855
512 686
512 867
512 687
512 1027
512 1193
512 1040
513 1372
513 1367
514 1549
514 688
514 1540
514 1043
514 1035
514 1028
514 1194
515 1195
515 870
515 785
515 1124
515 682
515 1541
515 1292
516 1374
517 703
517 871
518 1226
518 1207
518 1225
518 696
518 1219
518 888
518 705
519 1071
519 706
519 889
519 726
519 897
520 1385
520 708
520 716
520 538
520 1405
520 727
520 878
521 708
521 1219
521 1050
521 717
521 1052
521 696
521 1209
522 538
522 878
522 1230
522 1054
522 1074
522 523
522 529
523 1231
523 1230
523 529
523 1055
523 1054
523 709
524 673
524 874
524 712
524 863
524 1390
524 1063
524 1044
525 898
525 884
525 1077
525 1221
525 531
526 540
526 541
526 1046
526 1047
526 714
526 1383
526 1204
526 896
527 1237
527 542
527 1409
527 707
527 1049
527 897
527 1573
527 1384
528 880
528 1229
528 543
528 1400
528 1053
528 719
528 729
529 538
529 673
529 1231
529 1230
529 1054
529 1359
530 1076
530 730
530 890
531 710
531 1239
531 881
531 882
531 1077
531 884
531 1057
531 892
531 698
532 1313
532 895
532 1295
532 817
532 1197
532 606
533 535
533 534
533 1235
533 1067
533 876
533 1572
534 705
534 694
534 1073
534 1218
534 535
534 1588
535 1588
535 876
535 705
535 1225
535 888
535 1218
536 716
536 1058
536 1059
536 708
536 1565
537 1226
537 705
537 1236
538 1385
538 1074
538 878
538 1054
538 1227
539 719
539 873
539 1238
539 711
539 731
539 1387
539 720
539 544
539 1210
540 714
540 896
540 1383
540 1047
540 541
540 1204
541 1204
541 1047
541 1046
541 896
541 714
541 1383
542 890
542 1049
542 1208
542 730
542 1237
542 707
543 729
543 545
543 731
543 1229
543 873
543 1400
543 1053
543 880
543 719
543 1213
544 1238
544 711
544 731
544 1387
544 1210
544 720
544 1586
544 719
544 873
545 1213
545 1053
545 883
545 1220
545 880
545 731
545 1400
545 729
546 1066
546 893
546 1242
546 1240
546 700
546 1056
546 699
546 1578
547 734
547 739
547 1243
547 1081
547 548
547 551
547 905
547 909
547 1249
547 1599
548 1244
548 905
548 1243
548 1081
548 735
549 1247
549 1245
549 552
549 1417
549 735
549 1079
549 906
550 1411
550 904
550 902
550 1083
550 738
550 901
551 1249
551 734
551 909
551 1593
551 908
552 1084
552 1414
552 1244
552 1417
552 1247
552 906
552 1079
552 735
553 1079
553 1082
553 1247
553 1416
553 1253
554 747
554 744
554 752
554 1255
554 1087
554 1421
554 750
555 1425
555 751
555 1420
555 1259
556 1089
556 1254
557 1439
557 1270
558 1102
558 1440
559 923
559 564
559 767
559 761
559 1441
560 1098
560 768
560 1114
560 765
561 1273
561 1431
562 916
562 1622
562 755
562 1095
563 1272
563 912
563 1613
564 761
564 923
564 757
565 567
565 769
565 766
565 1269
565 572
565 929
565 1443
566 568
566 573
567 929
567 1269
567 1262
567 766
567 759
567 1443
567 1442
568 1619
569 1114
569 768
569 1621
569 1103
569 1444
570 1100
570 1427
570 1347
570 1179
570 1094
571 1436
571 918
571 1112
572 1610
572 1113
573 1111
574 788
574 944
575 787
575 1120
575 945
575 1275
575 946
576 627
576 1287
576 607
576 618
576 1142
577 1288
577 583
577 771
577 795
577 1290
578 582
578 784
578 1126
578 595
578 1468
578 584
579 776
579 1118
579 1456
579 1127
579 598
579 932
579 792
579 798
580 1294
580 1129
580 781
580 1286
580 930
581 594
581 1277
581 1276
581 948
581 773
581 934
582 1126
582 595
582 584
582 770
582 1446
582 1628
582 1459
582 1629
583 1290
583 795
583 790
583 1131
583 931
584 595
584 1629
584 1126
584 1446
585 777
585 586
585 1469
585 939
585 937
585 797
585 1122
585 597
586 588
586 931
586 1117
586 937
586 1464
586 1447
586 1122
587 792
587 1464
587 598
587 1117
587 1116
587 588
587 931
588 931
588 1117
588 1464
589 801
589 1312
589 778
589 799
589 1134
590 777
590 939
590 599
590 793
590 1471
590 604
590 605
590 1631
591 1625
591 601
591 1281
591 785
591 693
591 942
591 1119
592 1023
592 1282
592 1283
592 1124
592 684
593 786
593 785
593 1124
593 1466
594 934
594 1276
594 933
594 1450
594 948
594 602
595 1126
595 1129
595 1629
595 1459
595 1628
595 770
596 1130
596 797
596 772
596 1121
596 1122
596 1132
597 777
597 1469
597 797
597 937
597 1455
598 798
598 783
598 1127
598 1456
598 1118
598 1116
598 792
599 1448
599 793
599 940
599 1471
599 939
599 605
599 777
600 1639
600 1279
600 801
600 802
600 778
600 1134
601 1792
601 1458
601 780
601 786
601 1281
601 1119
601 785
601 1274
601 948
601 1450
602 947
602 1452
602 1274
602 934
602 933
602 789
602 948
603 1126
603 1289
603 796
604 1291
604 1117
604 941
604 1447
604 939
604 1465
605 793
605 1448
605 1631
605 777
605 1471
605 939
606 950
606 607
606 1295
606 779
606 817
606 1313
606 1626
607 1142
607 1633
607 817
607 627
607 950
607 1295
608 963
608 1496
608 811
608 952
608 1489
609 1145
609 1475
609 936
609 799
609 1656
609 958
610 814
610 966
610 1305
610 632
610 805
611 1319
611 960
611 1494
611 624
611 1654
611 1306
611 806
611 815
612 617
612 626
612 1141
612 1144
613 1311
613 976
613 975
613 1151
613 1148
613 807
614 1477
615 961
615 810
615 962
615 1474
615 969
615 968
615 1647
616 625
616 822
616 1136
616 1135
616 1302
616 808
616 951
616 809
616 1646
617 1137
617 1141
617 1144
618 1142
618 957
618 782
618 1652
618 1815
618 1287
618 936
618 1492
619 964
619 954
619 812
619 971
619 628
619 1298
619 621
620 973
620 953
620 965
621 1817
621 964
621 812
621 1139
621 954
621 1303
621 1498
622 1309
622 1500
622 1649
622 1316
622 1139
622 1303
622 623
622 972
622 1499
623 1819
623 972
623 1500
623 974
623 1309
623 815
623 1146
623 1649
623 1493
624 806
624 1306
624 960
624 1319
625 803
625 1064
625 887
625 1644
625 1136
625 1479
625 1135
625 808
626 1645
627 1142
627 950
628 810
628 964
628 812
628 1489
628 1490
629 630
629 822
629 1497
629 804
629 1138
629 1149
630 822
630 1491
630 804
630 1149
630 1138
630 1497
631 1816
631 1481
631 818
631 1482
631 1309
631 969
631 968
631 970
632 1299
632 805
632 1653
632 965
632 966
633 1146
633 1299
633 806
633 805
633 1305
633 814
633 974
634 1152
634 907
634 638
634 1320
634 635
634 1506
634 910
635 1597
635 911
635 821
635 982
636 828
636 980
636 981
636 1153
636 977
636 1485
637 978
637 1509
637 977
637 1140
637 1153
637 819
637 981
638 1668
638 826
638 1323
638 1320
638 1324
638 1152
638 979
638 1504
638 1667
639 996
639 988
639 1157
639 987
639 1513
639 1159
640 986
640 1160
640 748
640 835
640 1511
640 994
641 1162
641 1332
641 740
641 745
641 1329
641 1422
641 1328
641 1163
642 1330
642 1164
642 1165
642 830
642 1512
642 1671
642 837
642 984
643 1165
643 984
643 991
643 990
643 829
643 645
644 1158
644 1166
644 989
644 1326
644 834
644 996
644 985
644 998
645 829
645 990
645 1165
645 836
646 1349
646 1175
646 846
646 845
646 1015
647 1341
647 1520
647 847
647 665
648 1169
648 1172
648 848
648 1340
648 999
648 1011
649 1333
649 1017
650 844
650 852
650 652
650 1346
650 1525
651 1013
651 1530
651 1345
651 1018
652 1178
652 668
653 1168
653 1353
653 1531
653 841
654 1347
654 1337
655 1016
655 660
655 656
655 1014
656 1014
656 847
656 660
657 1340
657 999
657 1016
657 1011
658 839
658 1681
658 1528
658 1339
659 1005
659 843
660 1016
660 1014
661 1004
661 1679
661 1350
661 850
661 849
661 1685
661 1344
662 852
663 1457
663 1348
663 1527
663 1036
663 1018
663 1689
664 1432
664 1348
664 1354
665 1520
665 849
665 1341
665 1004
666 1017
666 1532
666 851
667 1687
667 1003
668 1178
668 1179
669 924
669 1170
669 1264
670 685
670 1698
670 1200
670 1358
670 1027
670 1357
671 1367
671 1378
672 688
672 1042
672 1043
672 1553
672 1031
672 1194
673 1054
673 1034
673 1359
673 1188
673 863
673 1032
673 687
674 682
674 1549
674 1195
674 870
674 1362
675 1543
675 1184
675 1024
675 1375
676 861
676 683
676 1355
676 1020
676 677
677 1355
677 683
677 861
677 1185
678 862
678 1542
679 1199
680 1365
680 1371
680 1545
680 854
680 857
680 865
680 1180
680 1185
680 683
681 1360
681 1187
681 1189
681 1042
681 859
681 1703
682 690
682 1705
682 1362
682 1541
682 1195
682 1373
683 1185
683 861
683 1180
683 1025
683 853
684 1380
684 1190
684 943
684 1023
684 1282
684 1363
685 854
685 1200
685 1192
685 1180
686 1538
686 1040
686 1186
686 1547
686 855
686 1191
686 1027
686 1357
686 1193
686 867
687 1193
687 855
687 1359
687 1032
687 1201
687 1034
687 1539
687 1188
687 867
687 1029
688 1043
688 1194
688 1540
688 1035
688 1028
689 1715
689 1379
689 1033
689 1554
690 1555
690 1373
690 859
690 1189
691 869
691 1181
691 1381
691 1700
692 1632
692 942
692 1202
692 1203
692 1182
692 1197
692 860
693 1625
693 1382
693 942
693 1281
693 1202
693 1119
693 1182
693 1196
694 1581
694 1742
694 872
694 1073
694 877
694 1218
695 726
695 889
695 877
695 1070
695 1564
695 1397
695 1562
696 717
696 719
696 1585
696 1219
696 1386
696 1387
696 1207
696 1210
696 873
697 729
697 728
697 1388
697 1566
697 879
697 1075
697 1575
697 1051
697 880
698 1075
698 718
698 1060
698 1566
698 882
698 1212
698 881
698 710
699 1056
699 1240
699 1215
699 1578
699 700
699 733
699 891
700 1056
700 893
700 1391
700 891
700 1578
700 1240
700 1242
700 711
701 1391
701 723
701 721
701 894
701 893
701 1242
701 1078
702 1487
702 1064
702 875
702 1579
703 1058
703 1560
703 1235
704 1205
704 1198
704 1404
704 1369
704 871
704 715
705 1226
705 1225
705 1207
705 888
706 726
706 1590
706 718
706 1399
706 1397
706 889
706 1071
706 728
707 1573
707 1409
707 1237
707 1049
707 1048
707 1208
707 1384
707 890
708 1584
708 1050
708 1209
708 1385
708 716
709 1231
709 1230
709 1055
709 1052
709 1061
709 1567
709 1211
709 1209
710 1239
710 1212
710 732
710 1389
710 1591
710 881
710 1060
710 1232
711 1056
711 731
711 891
711 720
711 1240
711 1214
711 1568
711 1238
712 895
712 1063
712 874
712 1216
712 1392
712 1390
713 961
713 887
713 886
713 1472
713 1479
713 803
713 1234
713 1403
713 1402
714 1383
714 1204
714 896
714 897
714 1046
714 1047
715 1206
715 1059
715 727
715 1405
715 1404
715 716
715 1582
715 871
715 1205
716 1206
716 1405
716 1059
717 1210
717 1209
717 1586
717 1052
717 1585
717 1584
717 1050
717 1219
718 1049
718 1060
718 728
718 1212
718 1566
718 1399
718 1051
719 873
719 1210
719 1229
719 731
719 1387
719 1386
720 1210
720 1214
720 1586
720 1061
721 723
721 1216
721 1391
721 1055
721 894
721 1214
722 885
722 1062
722 1406
722 1085
722 1401
722 900
722 1749
722 899
723 1078
723 1242
723 1223
723 893
723 1391
723 894
723 1570
724 1407
724 1062
724 875
724 1733
724 1065
724 892
724 1233
725 1069
725 1068
725 1561
726 889
726 1071
726 1397
726 1590
726 897
726 1562
726 1047
727 878
727 1405
727 1227
727 1205
727 1206
727 1026
727 1395
727 858
728 1397
728 1399
728 879
728 1075
728 1566
728 1575
728 889
728 1388
728 1051
729 1053
729 1400
729 879
729 1229
729 1213
729 880
730 1060
730 1591
730 1389
730 1737
730 890
730 1076
731 891
731 1387
731 873
731 1238
731 1229
731 1210
731 1213
732 1858
732 1239
732 1232
732 1062
732 1057
732 1576
732 1577
732 892
733 1215
733 886
733 898
733 1402
733 1241
734 1243
734 1593
734 1249
734 1599
734 905
734 908
734 909
734 739
735 1084
735 1081
735 905
735 1602
735 906
735 1414
735 1244
736 1600
736 1603
736 1244
736 1245
736 906
736 1246
736 1754
737 1251
737 1412
737 1604
737 903
738 1083
738 1411
738 1595
738 1753
738 904
738 902
738 901
739 1396
739 905
739 909
739 1048
739 1249
739 1081
739 1250
739 1752
740 1162
741 1091
741 742
741 1256
741 1418
741 745
742 1419
742 1256
742 913
742 1091
743 1258
743 1419
743 746
743 1257
744 1263
744 752
744 1421
744 1255
745 835
745 1329
745 1422
745 1163
745 1424
745 1091
746 1086
746 749
746 1258
746 1419
747 1261
747 1254
747 750
747 1089
747 1088
747 1092
748 835
748 994
749 1088
749 1086
750 1088
750 1089
750 1092
750 1087
750 1254
751 1425
751 1086
751 1259
751 1258
751 914
751 1762
752 1263
752 1421
752 1607
752 1090
752 1608
753 1429
753 920
753 758
753 1265
754 918
754 1109
754 1099
754 1096
755 1095
755 916
755 922
756 764
756 1104
756 1612
756 1107
756 762
756 1093
757 923
758 1769
758 1429
758 1265
759 1772
759 1442
759 929
759 1262
760 1426
760 1019
760 1171
760 1438
760 925
761 1428
761 1441
761 923
762 1093
762 1616
762 764
762 1612
762 915
762 1115
763 1094
763 919
763 1427
763 1100
763 922
764 1125
764 1612
764 1616
764 1115
764 915
764 1107
765 1098
765 1609
766 928
766 1614
766 929
766 1442
766 1443
766 1260
766 1269
767 1623
767 1431
768 1103
768 1114
768 1097
768 1098
769 1610
769 1620
769 929
770 1459
770 930
770 1628
770 1294
770 1293
771 1130
771 788
771 945
771 1288
771 1121
771 772
772 1796
772 1121
772 1130
773 1277
773 774
773 1276
773 1453
773 1461
773 935
773 934
773 783
773 790
773 1284
774 1463
774 1461
774 798
774 935
774 1453
774 790
774 1284
774 783
774 1630
775 1462
775 800
775 1133
776 798
776 1463
776 800
776 1127
776 1128
776 1805
776 1285
777 1455
777 793
777 939
777 937
778 1134
778 801
778 1639
778 1470
778 1312
778 1279
778 802
779 947
779 1640
779 1632
779 942
779 780
779 1274
780 1458
780 947
780 942
780 1274
780 933
780 1119
781 930
781 1294
781 1293
781 1286
782 1652
782 1460
782 1809
782 936
782 1287
782 949
783 1116
783 1127
783 1461
783 790
783 798
783 1630
783 1453
784 1468
784 938
784 1123
784 791
785 1292
785 1281
785 1792
785 1466
785 1119
785 786
786 1292
786 1124
786 1450
786 1281
786 1466
787 943
787 944
787 946
787 1449
787 1282
787 788
787 1120
788 1130
788 1627
788 1467
788 944
788 1120
788 1121
789 1133
789 1284
789 935
789 934
789 1452
790 1634
790 1131
790 1630
790 1461
790 1785
790 1116
791 938
791 1643
791 1097
792 794
792 798
792 1788
792 1456
792 1116
792 1118
792 1127
793 939
793 1471
793 940
793 1448
793 1631
794 1790
794 932
794 1118
794 941
795 1275
795 1131
795 945
795 1445
795 1795
795 1288
795 1290
796 1126
796 1784
796 1289
796 1125
797 1132
797 1469
797 1122
797 937
798 1116
798 1127
798 1456
798 1463
798 1630
799 1656
799 801
799 958
799 1454
799 1650
799 949
799 1134
800 1285
800 1462
800 801
801 1636
801 1134
801 1798
801 1279
801 802
802 1636
802 1637
802 1279
802 1128
802 1799
803 1136
803 1472
803 1474
803 1479
803 961
803 1301
803 1655
803 808
803 887
804 1138
804 1315
804 1149
804 1299
804 1497
805 1657
805 1299
805 1305
805 1653
805 814
806 814
806 1821
806 1305
806 955
807 816
807 975
807 1148
807 976
808 1648
808 961
808 1646
808 1655
808 968
808 1474
808 1136
808 951
808 1301
809 822
809 1646
809 1135
809 1824
809 1302
810 1297
810 1490
810 962
810 1647
810 969
811 823
811 957
811 1150
811 1308
811 1298
811 1496
811 952
811 1489
812 818
812 1482
812 1498
812 964
813 975
813 1310
813 954
813 971
813 1486
813 1484
814 1305
814 955
814 1657
814 966
815 1654
815 820
815 1494
815 960
815 1500
815 1151
816 1147
816 1148
816 1318
817 1626
817 950
817 1659
817 1295
817 1313
817 1495
818 970
818 969
818 1831
818 1816
818 1482
818 1309
818 1481
819 1485
819 1153
819 1822
819 1140
819 1501
819 1502
819 977
819 978
820 960
820 1835
820 1311
820 1478
820 1151
820 1494
821 982
821 1143
821 900
821 911
821 1651
821 1660
822 1149
822 1138
822 1497
822 1302
823 952
823 1492
823 1308
823 1150
823 1145
823 1298
823 957
824 1318
824 1827
824 1304
824 1147
824 959
824 1312
824 1503
825 1507
825 983
825 1508
825 1155
825 1154
825 1156
825 827
825 826
826 979
826 1324
826 1323
826 1507
826 983
827 1321
827 1508
827 1155
827 1156
828 1321
828 1322
828 980
828 981
828 1505
828 1669
829 836
829 1670
829 990
830 1845
830 837
830 1165
830 984
830 1671
830 1330
830 1512
831 1516
831 997
831 1514
831 1159
831 833
832 1515
832 1161
832 838
832 993
833 997
833 1344
833 1516
833 1672
834 1674
834 1166
834 985
834 998
834 996
835 1329
835 1328
835 986
835 994
835 1163
836 984
836 1164
836 1165
837 1330
837 1512
837 1671
837 1325
838 1515
838 993
838 1161
838 1533
838 1331
839 856
839 1528
840 1524
840 1002
840 1006
840 1168
840 1694
841 1353
841 1168
841 1174
841 1531
842 848
842 1521
842 1012
843 1005
843 1529
844 1523
844 1688
844 852
844 1525
844 1536
845 1010
845 1349
845 1015
846 1349
846 1175
846 1335
846 1015
847 1680
847 1341
847 1338
848 1172
848 1683
848 1012
848 1169
849 1004
849 992
849 1679
850 1350
850 1344
850 1001
850 997
850 1331
850 1352
851 1521
851 1532
851 1691
852 1351
853 1185
853 1701
853 1025
853 861
854 1185
854 1365
854 1025
854 1180
854 1022
854 865
855 1040
855 1032
855 1186
855 1030
855 1697
855 867
855 1193
855 1539
856 1557
856 1528
857 1545
857 1365
857 1371
857 1376
857 1184
857 865
857 1543
858 1696
858 1366
858 1863
858 1395
858 1026
858 864
858 1038
859 1361
859 1360
859 1555
859 1187
859 1189
860 1182
860 1029
860 1197
860 1202
860 1203
860 1720
860 1044
861 1020
861 1701
861 1025
861 1185
862 1702
862 1709
863 1188
863 1719
863 1034
863 1720
863 874
863 1029
863 1222
863 1044
863 1716
864 1020
864 1021
864 1183
864 1544
864 1550
864 1551
864 1369
865 1039
865 1365
865 1545
865 1371
866 1712
866 1546
867 1547
867 1193
867 1027
867 1358
867 1201
867 1040
867 1539
868 1041
868 1379
868 1033
869 1853
869 1381
869 1700
869 1181
870 1292
870 1195
870 1362
870 1196
870 1717
870 1706
870 1541
871 1735
871 1721
871 1059
871 1582
872 1218
872 877
872 1224
872 1073
872 1070
872 1722
872 1581
873 1387
873 1386
873 1585
873 1229
873 1210
873 1219
874 1716
874 1044
874 1222
874 1063
874 895
874 1390
875 1579
875 1300
875 1233
875 1064
875 1733
875 1487
875 1057
876 1728
876 1235
876 1067
876 1862
876 1058
876 1572
877 1224
877 1722
877 1070
877 1564
877 1562
877 1589
877 1583
877 1581
878 1723
878 1026
878 1030
878 1227
878 1730
879 880
879 1575
879 1397
879 1399
879 1075
879 1051
879 1228
879 1566
879 1388
880 1220
880 1213
880 1388
880 883
880 1053
880 1400
880 1410
880 1075
880 1229
880 1575
881 883
881 882
881 1566
881 1239
881 884
881 1212
881 1745
881 1060
881 1410
881 1221
881 1075
882 883
882 1410
882 898
882 1077
882 1075
882 1220
882 1221
882 884
883 898
883 1221
883 1220
883 1410
883 1569
883 884
884 898
884 1220
884 1221
884 1727
884 1410
884 1077
885 899
885 1406
885 1085
885 1401
886 887
886 1402
886 1403
886 898
886 1241
886 1234
887 1064
887 1234
887 961
887 1750
887 1403
887 1402
887 1479
888 1743
888 1225
888 1226
888 1729
888 1563
888 1855
888 1207
889 1071
889 1590
889 1397
890 1237
890 1208
890 1737
890 1076
890 1049
891 1568
891 1238
891 1213
891 1215
891 1056
891 1240
891 1725
891 1578
892 1239
892 1233
892 1748
892 1858
892 1062
892 1057
892 1733
892 1577
893 1056
893 1578
893 1859
893 1740
893 1078
893 1242
893 1391
893 1240
893 1066
894 1747
894 1072
894 1216
894 1223
894 1392
895 1393
895 1392
895 1222
895 1063
896 1383
896 897
896 1069
896 1561
896 1204
896 1384
896 1587
897 1383
897 1071
897 1047
897 1409
897 1384
898 1727
898 1220
898 1221
898 1077
898 1569
898 1739
898 1241
899 911
899 1085
899 1749
899 1401
899 900
899 1406
900 1406
900 911
900 1407
900 1143
901 902
901 1595
901 904
901 1083
901 1080
902 1595
902 904
902 1246
902 1083
902 1080
903 1412
903 1253
903 1251
903 1604
904 1595
904 1080
904 1083
904 1753
905 1599
905 1243
905 1602
905 1244
905 1081
905 1249
906 1247
906 1244
906 1245
906 1417
906 1603
906 1079
906 1755
906 1414
906 1415
906 1084
907 1760
907 1085
907 1597
907 911
907 1605
907 910
908 1601
908 1243
908 1413
908 1598
908 1593
909 1249
909 1048
909 1081
909 1398
909 1752
909 1396
910 1605
910 1152
910 1760
910 1758
910 1506
910 1252
911 1597
911 1842
912 1423
913 1424
913 1091
913 1257
914 1087
914 1762
914 1763
914 1088
914 1606
915 1348
915 1115
915 1457
916 1766
916 1095
916 924
916 1264
917 1867
917 1428
917 1435
917 919
917 1767
917 1617
917 1101
918 927
918 1109
918 1770
919 1094
919 1767
919 1428
920 926
920 1429
920 1108
921 1624
921 1110
921 1611
921 1098
922 1100
923 1441
924 1264
924 995
924 1773
925 1615
925 1438
925 1433
925 1426
925 1105
925 1270
926 927
926 1108
926 1781
926 1429
926 1112
927 1108
927 1096
927 1777
927 1112
928 1269
928 1260
928 1614
929 1443
929 1442
929 1772
929 1269
930 1459
930 1294
930 1293
930 1286
930 1129
931 1634
931 1117
931 1116
931 1290
931 1638
931 1464
932 1118
933 948
933 947
933 1793
933 1274
933 1452
933 1451
933 1782
933 1458
934 935
934 1793
934 1276
934 1277
934 948
934 1284
935 1284
935 1461
935 1453
935 1133
935 1277
936 1475
936 949
936 1786
937 1469
937 1875
937 1447
937 1122
937 1455
937 1803
937 939
938 1635
938 1643
938 1804
938 1123
938 1468
939 1631
939 1447
939 1471
940 1789
940 1448
940 1123
941 1465
941 1291
941 1790
942 1119
942 1382
942 1203
942 1182
942 1625
942 1718
943 1874
943 1449
943 1283
943 1282
943 1120
943 1023
943 946
944 1280
945 1275
945 946
945 1288
946 1282
946 1283
946 1120
947 1458
947 1274
947 1640
947 1451
947 1782
947 1452
948 1466
948 1793
948 1276
948 1450
948 1782
948 1808
948 1458
949 1133
949 1454
950 1142
950 1626
950 1837
950 1633
950 1295
951 1136
951 1474
951 968
951 1301
951 1648
951 1302
951 1646
952 1829
952 1308
952 1150
952 1496
952 957
953 1491
953 965
954 975
954 971
954 1486
954 1484
954 964
955 1477
955 1880
955 1305
956 1296
956 1496
956 1812
956 963
956 1836
956 1307
956 1072
957 1652
957 1492
957 1308
957 1150
957 1815
958 1304
958 1310
958 959
958 1656
958 1475
958 1145
958 1650
959 1147
959 1310
959 1827
959 1304
960 1839
960 1306
960 1494
960 1654
960 1319
961 1234
961 1474
961 1472
961 1479
961 1136
961 1655
962 1066
962 1473
962 1838
962 967
962 1647
962 1297
963 1297
963 1296
963 1828
963 1489
963 1836
963 1307
963 1496
963 1812
964 1298
964 1833
964 1498
964 971
964 1817
964 1303
965 1491
965 973
966 1820
966 1476
966 1477
966 1317
966 1305
967 1570
967 1066
967 1223
967 1078
967 1473
967 1658
968 1481
968 1490
968 1301
968 969
968 970
968 1647
968 1474
968 1813
969 1876
969 1647
969 970
969 1813
969 1474
969 1482
969 1481
969 1490
969 1831
970 1482
970 1481
970 1876
970 1490
970 1816
970 1831
971 1310
971 1150
971 1298
971 1818
971 1663
971 1484
971 1486
972 1493
972 1649
972 1315
972 1146
972 1826
972 1819
972 974
972 1309
973 1476
973 1317
974 1146
974 1315
974 1649
974 1826
974 1819
974 1493
975 1147
975 1484
975 1486
975 1664
975 976
976 1879
976 1484
976 1311
976 1148
976 1664
977 1485
977 1153
977 981
977 980
977 1887
977 1140
977 1843
977 978
978 1822
978 1153
978 1509
978 1140
979 1668
979 1504
979 1320
979 1323
979 1324
979 1667
979 1666
980 1483
980 1321
980 1834
980 1485
980 1505
981 1887
981 1843
981 1153
981 1485
981 1669
982 1660
982 1661
982 1651
982 1488
983 1507
983 1665
983 1324
983 1508
983 1844
983 1154
984 1671
984 1675
984 1512
984 1164
984 1165
985 1517
985 1167
985 1327
985 1166
985 998
985 989
985 996
985 1674
986 1678
986 1167
986 1511
987 1513
987 1330
987 988
987 1325
987 1158
988 1510
988 996
988 1325
988 1157
988 1158
988 1513
989 1166
989 998
989 996
989 1517
989 1326
989 1674
990 991
990 992
990 1670
990 1682
991 1510
991 1157
991 992
992 1004
992 1676
993 1009
993 1170
993 1535
993 1534
993 1533
993 1690
993 1161
994 1163
994 1328
995 1773
995 1518
995 1423
996 1674
996 1158
996 1513
996 1166
996 1677
996 1326
997 1516
997 1514
997 1344
997 1331
997 1352
998 1517
998 1674
998 1326
998 1166
998 1167
999 1340
999 1016
999 1172
999 1519
999 1169
999 1011
1000 1686
1001 1522
1001 1537
1001 1007
1001 1350
1001 1008
1001 1847
1001 1352
1002 1531
1002 1694
1002 1526
1002 1524
1002 1174
1002 1168
1003 1334
1003 1345
1004 1679
1004 1520
1006 1694
1006 1692
1006 1693
1006 1343
1006 1524
1007 1847
1007 1537
1007 1523
1007 1522
1007 1008
1008 1690
1008 1522
1008 1537
1008 1847
1009 1535
1009 1534
1009 1170
1009 1690
1009 1161
1010 1172
1010 1519
1010 1683
1011 1169
1011 1016
1011 1340
1012 1683
1013 1851
1013 1368
1013 1530
1013 1173
1014 1016
1015 1349
1015 1175
1017 1532
1017 1846
1017 1684
1018 1689
1018 1527
1019 1426
1019 1353
1019 1337
1020 1021
1020 1183
1020 1707
1020 1550
1021 1551
1021 1550
1021 1544
1021 1183
1022 1039
1022 1192
1023 1283
1023 1282
1023 1363
1024 1376
1024 1356
1024 1184
1024 1543
1024 1375
1025 1180
1025 1701
1025 1185
1025 1708
1026 1863
1026 1227
1026 1030
1026 1366
1026 1395
1026 1038
1027 1698
1027 1358
1027 1559
1027 1040
1027 1193
1027 1547
1027 1200
1027 1357
1028 1549
1028 1194
1028 1202
1028 1035
1028 1540
1028 1713
1028 1714
1028 1043
1029 1202
1029 1201
1029 1719
1029 1035
1029 1034
1030 1040
1030 1032
1030 1227
1030 1697
1030 1723
1031 1042
1031 1559
1031 1553
1031 1200
1031 1698
1031 1192
1031 1043
1032 1697
1032 1034
1032 1699
1032 1539
1032 1188
1032 1054
1032 1359
1033 1554
1033 1379
1033 1715
1034 1044
1034 1719
1034 1188
1034 1539
1034 1359
1034 1201
1035 1201
1035 1202
1035 1194
1035 1540
1035 1714
1036 1689
1037 1370
1037 1558
1037 1364
1037 1850
1038 1186
1038 1191
1038 1538
1038 1366
1038 1696
1038 1551
1039 1552
1039 1365
1040 1193
1040 1547
1040 1538
1040 1186
1040 1191
1040 1697
1040 1357
1041 1712
1042 1043
1042 1704
1042 1703
1042 1553
1042 1189
1043 1194
1043 1559
1043 1713
1043 1549
1043 1553
1044 1716
1044 1719
1044 1197
1044 1720
1044 1222
1044 1188
1045 1046
1045 1571
1045 1217
1045 1224
1046 1224
1046 1217
1046 1383
1046 1204
1046 1583
1046 1571
1046 1047
1047 1854
1047 1383
1047 1204
1048 1208
1048 1752
1048 1573
1048 1394
1048 1396
1048 1398
1049 1237
1049 1208
1049 1409
1049 1573
1050 1074
1050 1052
1050 1584
1050 1211
1050 1209
1050 1385
1051 1566
1051 1397
1051 1399
1051 1388
1051 1075
1051 1575
1052 1061
1052 1209
1052 1211
1052 1584
1052 1586
1053 1744
1053 1213
1053 1410
1053 1229
1053 1400
1054 1359
1054 1856
1054 1230
1054 1231
1054 1731
1054 1738
1054 1699
1055 1726
1055 1061
1055 1214
1055 1211
1055 1738
1055 1216
1055 1567
1055 1231
1055 1230
1056 1391
1056 1240
1056 1740
1056 1242
1056 1578
1056 1568
1056 1238
1057 1748
1057 1077
1057 1239
1057 1733
1057 1577
1058 1862
1058 1560
1058 1059
1058 1728
1058 1235
1059 1205
1059 1206
1059 1582
1059 1560
1059 1735
1060 1389
1060 1745
1060 1399
1060 1591
1060 1566
1060 1212
1060 1232
1061 1214
1061 1211
1061 1230
1061 1567
1061 1738
1062 1406
1062 1065
1062 1407
1062 1858
1062 1233
1063 1393
1063 1392
1063 1390
1063 1222
1063 1216
1064 1135
1064 1741
1064 1750
1064 1644
1064 1403
1064 1579
1064 1487
1065 1734
1065 1733
1065 1143
1065 1861
1065 1407
1065 1233
1065 1300
1066 1078
1066 1472
1066 1592
1066 1473
1066 1234
1066 1658
1066 1242
1067 1728
1067 1235
1067 1572
1067 1862
1068 1561
1068 1394
1068 1587
1068 1408
1068 1069
1069 1561
1069 1587
1069 1394
1069 1408
1070 1722
1070 1224
1070 1228
1070 1589
1070 1236
1070 1564
1071 1397
1071 1409
1071 1590
1072 1223
1072 1580
1072 1307
1072 1392
1072 1860
1072 1393
1072 1570
1073 1218
1073 1742
1073 1581
1074 1385
1074 1730
1074 1731
1074 1230
1074 1209
1075 1566
1075 1399
1075 1745
1075 1410
1075 1388
1075 1575
1076 1251
1076 1724
1077 1239
1077 1579
1077 1727
1077 1221
1077 1748
1078 1242
1078 1473
1078 1740
1078 1658
1078 1570
1078 1223
1078 1859
1079 1416
1079 1253
1079 1414
1079 1247
1079 1084
1079 1082
1079 1417
1080 1595
1080 1243
1080 1083
1080 1246
1080 1601
1081 1599
1081 1250
1081 1249
1081 1752
1082 1757
1082 1416
1082 1247
1083 1751
1083 1594
1083 1411
1083 1246
1083 1753
1084 1250
1084 1247
1084 1417
1084 1414
1084 1604
1084 1253
1085 1401
1086 1258
1086 1088
1086 1259
1086 1762
1086 1419
1087 1765
1087 1088
1087 1606
1088 1762
1088 1092
1089 1261
1089 1092
1089 1255
1089 1254
1090 1442
1090 1262
1090 1260
1090 1608
1090 1607
1091 1418
1091 1424
1091 1422
1092 1254
1092 1261
1093 1433
1093 1432
1093 1104
1093 1612
1093 1775
1094 1434
1094 1427
1094 1617
1094 1767
1095 1622
1095 1868
1096 1777
1097 1776
1098 1114
1098 1611
1099 1109
1099 1110
1100 1427
1101 1430
1101 1428
1101 1867
1101 1267
1102 1289
1102 1440
1102 1107
1102 1265
1103 1444
1103 1114
1103 1621
1103 1635
1104 1433
1104 1105
1104 1774
1104 1775
1105 1433
1105 1438
1105 1775
1105 1774
1106 1270
1106 1780
1106 1615
1106 1435
1107 1612
1107 1265
1108 1429
1108 1781
1108 1112
1109 1770
1110 1624
1111 1771
1112 1781
1112 1430
1112 1267
1113 1268
1113 1618
1113 1610
1113 1614
1114 1444
1114 1611
1114 1621
1115 1616
1115 1870
1115 1783
1115 1125
1116 1634
1116 1630
1116 1127
1116 1456
1116 1788
1117 1803
1117 1464
1117 1638
1117 1807
1117 1447
1118 1456
1118 1127
1118 1790
1118 1788
1119 1281
1119 1182
1119 1382
1119 1706
1119 1625
1119 1196
1119 1792
1120 1467
1120 1449
1120 1874
1120 1282
1121 1627
1121 1130
1121 1796
1121 1467
1122 1875
1122 1787
1122 1469
1122 1803
1123 1804
1123 1806
1123 1468
1123 1789
1124 1292
1124 1541
1124 1801
1124 1802
1124 1283
1125 1783
1125 1870
1125 1129
1125 1289
1125 1784
1125 1616
1126 1629
1126 1289
1126 1784
1126 1642
1127 1630
1127 1285
1127 1805
1127 1463
1127 1456
1127 1788
1128 1279
1128 1636
1128 1637
1128 1285
1129 1459
1129 1783
1129 1286
1129 1294
1130 1796
1130 1467
1130 1132
1130 1627
1131 1785
1131 1445
1131 1795
1131 1794
1131 1288
1131 1290
1131 1275
1132 1873
1132 1446
1132 1796
1132 1797
1132 1469
1133 1810
1133 1284
1133 1462
1134 1279
1134 1470
1134 1798
1134 1799
1134 1639
1134 1650
1134 1312
1135 1824
1135 1644
1135 1487
1135 1741
1135 1300
1136 1655
1136 1301
1136 1646
1136 1474
1136 1648
1136 1479
1137 1814
1137 1314
1137 1488
1138 1830
1138 1497
1138 1315
1138 1149
1139 1499
1139 1316
1139 1498
1139 1817
1139 1484
1139 1664
1139 1303
1140 1822
1140 1501
1140 1882
1140 1502
1141 1883
1141 1480
1141 1144
1142 1652
1142 1633
1142 1287
1143 1861
1143 1660
1143 1407
1143 1734
1144 1480
1144 1884
1145 1310
1145 1656
1145 1663
1145 1492
1145 1815
1145 1475
1145 1818
1145 1150
1146 1826
1146 1493
1146 1819
1146 1649
1146 1500
1147 1486
1147 1304
1147 1318
1147 1827
1148 1311
1148 1840
1148 1879
1149 1315
1149 1302
1149 1830
1149 1497
1150 1308
1150 1832
1150 1663
1150 1818
1150 1492
1150 1298
1151 1835
1151 1478
1151 1494
1151 1311
1151 1500
1152 1666
1152 1506
1152 1320
1152 1323
1153 1887
1153 1485
1153 1843
1153 1509
1154 1155
1154 1844
1154 1841
1154 1507
1154 1665
1154 1322
1155 1321
1155 1322
1155 1505
1155 1841
1155 1156
1155 1844
1156 1508
1156 1814
1156 1314
1156 1321
1156 1483
1157 1159
1157 1672
1157 1510
1157 1513
1158 1326
1158 1325
1158 1513
1159 1677
1159 1514
1160 1327
1160 1167
1160 1332
1160 1673
1160 1511
1160 1328
1161 1535
1161 1534
1161 1518
1162 1332
1162 1518
1163 1422
1163 1329
1163 1328
1163 1332
1164 1675
1164 1512
1164 1165
1165 1675
1165 1671
1165 1512
1165 1845
1166 1674
1166 1326
1166 1517
1167 1511
1167 1517
1167 1678
1167 1673
1167 1327
1168 1694
1168 1524
1168 1531
1169 1172
1169 1340
1170 1690
1170 1534
1170 1535
1171 1433
1171 1438
1171 1426
1172 1683
1172 1340
1172 1519
1173 1368
1173 1177
1174 1531
1174 1334
1174 1526
1175 1335
1175 1349
1176 1342
1176 1529
1177 1333
1177 1532
1178 1336
1178 1849
1178 1346
1178 1525
1179 1336
1179 1347
1180 1365
1180 1545
1180 1708
1180 1185
1181 1380
1181 1853
1181 1700
1181 1280
1181 1190
1181 1381
1182 1625
1182 1202
1182 1203
1182 1196
1182 1382
1182 1718
1183 1369
1183 1550
1183 1198
1183 1544
1183 1852
1184 1543
1184 1371
1184 1375
1184 1376
1185 1708
1185 1701
1185 1545
1186 1547
1186 1696
1186 1538
1186 1191
1186 1357
1186 1710
1187 1548
1187 1360
1188 1359
1188 1539
1188 1699
1189 1704
1189 1703
1189 1555
1189 1362
1189 1360
1189 1373
1190 1449
1190 1380
1190 1282
1190 1280
1190 1700
1191 1547
1191 1696
1191 1357
1191 1538
1191 1710
1192 1200
1192 1553
1192 1698
1192 1559
1193 1539
1193 1201
1193 1547
1193 1358
1194 1713
1194 1540
1194 1549
1194 1714
1195 1706
1195 1196
1195 1717
1195 1362
1195 1292
1195 1541
1195 1705
1196 1717
1196 1382
1196 1625
1196 1706
1196 1202
1197 1720
1197 1626
1197 1222
1197 1203
1197 1313
1197 1632
1198 1544
1198 1369
1199 1377
1200 1358
1200 1559
1200 1698
1201 1539
1201 1540
1202 1203
1202 1540
1202 1714
1202 1382
1203 1718
1203 1720
1203 1632
1204 1383
1205 1582
1205 1395
1205 1206
1205 1405
1205 1404
1206 1735
1206 1404
1206 1405
1206 1582
1207 1729
1207 1225
1207 1565
1207 1226
1207 1855
1207 1563
1207 1219
1207 1743
1207 1386
1208 1573
1208 1398
1208 1237
1209 1385
1209 1584
1209 1211
1210 1219
1210 1586
1210 1585
1210 1386
1210 1387
1211 1230
1211 1567
1211 1738
1212 1745
1212 1566
1212 1232
1212 1591
1212 1399
1212 1389
1213 1238
1213 1725
1213 1229
1213 1400
1213 1569
1213 1744
1214 1238
1214 1568
1214 1746
1214 1391
1215 1569
1215 1241
1215 1240
1215 1739
1215 1725
1215 1578
1216 1726
1216 1392
1216 1747
1217 1224
1217 1583
1217 1571
1218 1581
1218 1742
1218 1588
1218 1736
1219 1585
1219 1584
1219 1586
1219 1743
1219 1387
1219 1386
1219 1565
1220 1569
1220 1410
1220 1241
1220 1221
1220 1739
1221 1739
1221 1569
1221 1410
1221 1727
1222 1313
1222 1720
1222 1719
1222 1716
1223 1307
1223 1570
1223 1392
1223 1860
1223 1580
1224 1571
1224 1722
1224 1581
1224 1583
1224 1562
1224 1564
1225 1563
1225 1743
1225 1588
1225 1226
1225 1855
1225 1729
1225 1572
1225 1728
1226 1236
1226 1729
1226 1743
1226 1855
1227 1395
1227 1863
1227 1731
1227 1730
1227 1723
1227 1405
1228 1236
1228 1564
1228 1574
1228 1397
1228 1575
1228 1589
1229 1400
1229 1387
1229 1744
1229 1574
1230 1856
1230 1726
1230 1231
1230 1731
1230 1390
1230 1732
1230 1738
1230 1567
1231 1567
1231 1732
1231 1390
1231 1726
1231 1738
1231 1856
1232 1239
1232 1591
1232 1576
1232 1577
1232 1389
1233 1861
1233 1734
1233 1733
1233 1407
1233 1577
1234 1402
1234 1403
1234 1479
1234 1592
1234 1472
1235 1728
1235 1862
1235 1572
1235 1560
1236 1589
1236 1722
1236 1564
1236 1729
1236 1574
1237 1409
1237 1573
1238 1725
1238 1857
1238 1568
1238 1240
1239 1577
1239 1748
1239 1858
1240 1568
1240 1578
1240 1725
1240 1242
1240 1740
1241 1402
1241 1569
1241 1739
1241 1727
1242 1391
1242 1740
1242 1592
1242 1859
1242 1578
1243 1249
1243 1593
1243 1601
1243 1599
1244 1602
1244 1603
1244 1754
1244 1755
1245 1600
1245 1417
1245 1415
1245 1759
1245 1755
1246 1751
1246 1754
1246 1594
1247 1415
1247 1414
1247 1253
1247 1417
1247 1416
1248 1252
1248 1864
1248 1760
1248 1757
1248 1758
1248 1596
1249 1752
1249 1601
1249 1593
1249 1599
1250 1604
1250 1398
1250 1724
1251 1401
1251 1412
1251 1724
1252 1757
1252 1758
1252 1596
1253 1417
1253 1416
1253 1756
1253 1414
1253 1412
1253 1604
1254 1261
1254 1255
1255 1263
1255 1421
1256 1418
1256 1425
1256 1259
1256 1764
1257 1419
1258 1259
1258 1764
1258 1419
1258 1762
1259 1763
1259 1762
1259 1764
1259 1425
1259 1866
1260 1608
1260 1442
1262 1607
1262 1772
1262 1442
1263 1421
1263 1607
1265 1769
1265 1768
1266 1622
1266 1268
1267 1430
1269 1443
1269 1442
1269 1614
1270 1615
1270 1426
1271 1441
1271 1778
1271 1437
1271 1436
1272 1613
1272 1766
1272 1622
1273 1431
1273 1620
1274 1458
1274 1782
1274 1640
1274 1451
1275 1641
1275 1445
1275 1795
1275 1794
1275 1288
1276 1277
1276 1466
1276 1808
1276 1450
1276 1793
1277 1284
1277 1461
1277 1453
1277 1808
1278 1635
1279 1470
1279 1799
1279 1637
1279 1636
1279 1639
1280 1449
1281 1792
1281 1458
1281 1292
1281 1450
1281 1625
1281 1706
1282 1283
1282 1449
1282 1363
1282 1874
1283 1363
1283 1802
1284 1810
1284 1453
1284 1461
1285 1805
1285 1637
1285 1636
1285 1463
1286 1293
1286 1294
1287 1633
1287 1871
1287 1652
1287 1460
1287 1809
1287 1451
1288 1795
1288 1445
1288 1290
1289 1776
1289 1783
1289 1440
1289 1784
1290 1634
1290 1785
1290 1795
1290 1638
1291 1631
1291 1465
1292 1541
1292 1717
1292 1706
1292 1792
1293 1294
1293 1459
1294 1459
1295 1659
1295 1495
1295 1633
1295 1837
1295 1626
1295 1313
1296 1812
1296 1496
1296 1836
1296 1307
1296 1828
1297 1838
1297 1836
1297 1828
1297 1647
1297 1489
1298 1308
1298 1832
1298 1489
1298 1663
1299 1825
1299 1653
1299 1657
1300 1487
1300 1645
1300 1741
1301 1646
1301 1655
1301 1474
1301 1648
1301 1813
1301 1481
1302 1648
1302 1646
1302 1824
1302 1830
1303 1316
1303 1499
1303 1498
1303 1833
1303 1484
1303 1817
1303 1664
1304 1312
1304 1310
1304 1650
1304 1656
1304 1827
1305 1477
1305 1657
1305 1880
1306 1821
1306 1839
1306 1319
1306 1880
1307 1495
1307 1580
1307 1836
1307 1812
1308 1815
1308 1832
1308 1829
1308 1492
1309 1662
1309 1819
1309 1493
1309 1315
1309 1816
1309 1649
1309 1482
1310 1663
1310 1486
1310 1818
1310 1827
1310 1877
1311 1835
1311 1478
1311 1664
1311 1879
1312 1639
1312 1470
1313 1659
1313 1633
1313 1632
1313 1626
1314 1814
1314 1834
1314 1483
1315 1493
1315 1497
1315 1830
1315 1662
1316 1649
1316 1498
1316 1499
1316 1817
1316 1500
1317 1501
1317 1820
1317 1477
1317 1476
1318 1503
1318 1840
1318 1486
1318 1827
1319 1839
1319 1494
1319 1821
1319 1878
1319 1654
1320 1504
1320 1506
1320 1666
1320 1667
1320 1668
1320 1323
1320 1324
1321 1834
1321 1505
1321 1322
1321 1483
1322 1669
1322 1841
1322 1505
1323 1504
1323 1667
1323 1666
1323 1324
1323 1668
1324 1504
1324 1507
1324 1668
1324 1667
1325 1330
1325 1513
1326 1674
1327 1673
1327 1515
1328 1422
1328 1511
1328 1329
1328 1332
1329 1422
1329 1332
1330 1845
1330 1512
1330 1671
1331 1533
1331 1352
1331 1516
1331 1344
1332 1511
1334 1526
1335 1349
1335 1339
1336 1695
1337 1439
1337 1353
1338 1680
1338 1682
1339 1684
1339 1681
1340 1519
1341 1520
1342 1685
1342 1529
1343 1692
1343 1694
1343 1351
1344 1352
1344 1679
1344 1516
1344 1350
1345 1530
1346 1849
1346 1688
1346 1525
1346 1537
1346 1523
1347 1779
1347 1427
1348 1527
1348 1432
1348 1689
1348 1354
1348 1457
1350 1685
1350 1679
1350 1522
1351 1848
1352 1533
1352 1516
1353 1531
1354 1432
1356 1376
1356 1370
1357 1547
1357 1538
1357 1358
1357 1710
1358 1547
1358 1698
1358 1559
1359 1697
1359 1699
1359 1539
1360 1361
1360 1555
1360 1703
1360 1548
1361 1556
1361 1548
1361 1555
1362 1549
1362 1704
1362 1373
1362 1705
1363 1373
1363 1380
1363 1556
1364 1702
1364 1558
1364 1370
1364 1546
1365 1371
1365 1545
1366 1863
1366 1395
1366 1696
1366 1551
1367 1372
1367 1378
1368 1851
1369 1544
1369 1550
1369 1404
1371 1376
1371 1543
1371 1545
1372 1851
1373 1555
1373 1705
1373 1704
1374 1800
1374 1869
1375 1376
1375 1543
1376 1543
1377 1711
1377 1709
1378 1702
1378 1711
1379 1715
1380 1700
1380 1556
1381 1700
1381 1715
1381 1853
1382 1625
1382 1718
1382 1717
1382 1706
1383 1587
1383 1854
1384 1394
1384 1409
1384 1573
1384 1587
1385 1730
1385 1584
1385 1731
1386 1585
1386 1387
1386 1729
1386 1743
1387 1585
1387 1586
1387 1744
1388 1399
1388 1410
1388 1575
1388 1566
1389 1737
1389 1591
1390 1856
1390 1567
1390 1732
1390 1738
1390 1726
1391 1859
1391 1568
1391 1747
1391 1746
1391 1740
1392 1580
1392 1393
1392 1860
1392 1747
1393 1860
1393 1659
1393 1580
1393 1495
1394 1396
1394 1573
1394 1561
1394 1408
1395 1405
1395 1404
1395 1863
1396 1398
1396 1573
1396 1752
1397 1564
1397 1562
1397 1590
1397 1399
1397 1575
1398 1724
1398 1752
1398 1573
1399 1566
1399 1590
1399 1575
1400 1410
1400 1574
1400 1744
1401 1576
1401 1749
1401 1406
1402 1479
1402 1592
1402 1578
1402 1403
1403 1479
1403 1750
1404 1582
1404 1735
1405 1730
1405 1582
1406 1749
1406 1576
1407 1861
1407 1734
1408 1587
1408 1561
1409 1573
1410 1575
1410 1569
1410 1745
1410 1566
1411 1751
1411 1753
1412 1604
1412 1756
1413 1593
1413 1598
1414 1755
1414 1417
1414 1604
1415 1417
1415 1416
1415 1759
1416 1757
1417 1603
1417 1755
1417 1759
1418 1764
1419 1764
1420 1613
1420 1606
1420 1866
1421 1765
1422 1424
1423 1773
1423 1761
1425 1866
1425 1865
1426 1615
1426 1438
1427 1779
1427 1434
1428 1767
1428 1867
1429 1769
1429 1768
1430 1867
1431 1620
1431 1623
1432 1527
1433 1775
1433 1774
1433 1438
1434 1617
1434 1439
1434 1779
1434 1767
1435 1617
1435 1615
1435 1867
1436 1619
1436 1778
1436 1437
1437 1778
1437 1623
1437 1619
1438 1774
1439 1617
1439 1779
1440 1776
1440 1609
1441 1623
1442 1443
1442 1772
1443 1614
1443 1772
1443 1610
1444 1635
1444 1621
1445 1641
1445 1795
1445 1794
1446 1797
1446 1459
1446 1873
1446 1628
1446 1629
1447 1631
1447 1875
1447 1464
1447 1807
1447 1803
1448 1789
1448 1471
1448 1631
1449 1874
1450 1792
1450 1458
1450 1466
1450 1782
1450 1808
1451 1452
1451 1871
1451 1460
1452 1793
1452 1782
1452 1460
1452 1871
1453 1810
1453 1785
1453 1872
1453 1463
1453 1461
1453 1630
1454 1798
1454 1650
1454 1656
1455 1811
1455 1797
1455 1469
1455 1806
1455 1873
1455 1875
1455 1789
1456 1805
1456 1788
1456 1463
1457 1527
1457 1791
1457 1689
1458 1782
1458 1792
1458 1625
1459 1629
1459 1628
1460 1809
1460 1652
1460 1786
1460 1871
1461 1785
1461 1630
1461 1872
1462 1463
1462 1810
1463 1810
1463 1630
1463 1805
1464 1638
1464 1803
1464 1807
1465 1790
1465 1807
1466 1641
1466 1808
1466 1792
1466 1801
1467 1627
1468 1642
1468 1643
1468 1804
1469 1875
1469 1787
1469 1873
1469 1811
1469 1803
1470 1639
1470 1799
1471 1631
1472 1474
1472 1479
1472 1658
1472 1655
1473 1658
1473 1570
1473 1838
1474 1813
1474 1876
1474 1655
1474 1647
1474 1481
1475 1786
1475 1492
1475 1650
1475 1656
1475 1815
1476 1820
1476 1501
1476 1502
1477 1881
1477 1823
1477 1820
1478 1835
1479 1655
1480 1824
1480 1645
1481 1482
1481 1831
1481 1490
1481 1876
1481 1813
1481 1816
1482 1490
1482 1876
1482 1816
1482 1498
1482 1885
1482 1831
1483 1834
1483 1814
1484 1664
1484 1486
1484 1817
1485 1843
1485 1887
1485 1501
1486 1827
1486 1877
1486 1664
1487 1579
1487 1741
1487 1750
1487 1644
1488 1661
1488 1814
1488 1651
1489 1832
1489 1829
1489 1828
1489 1496
1490 1831
1490 1885
1490 1876
1490 1647
1490 1813
1491 1497
1491 1884
1491 1653
1491 1886
1492 1815
1492 1652
1492 1786
1493 1826
1493 1649
1493 1500
1493 1819
1494 1821
1494 1654
1494 1878
1494 1839
1495 1837
1495 1659
1496 1812
1496 1829
1497 1830
1498 1833
1498 1885
1498 1499
1498 1817
1499 1817
1499 1664
1499 1500
1500 1826
1500 1878
1500 1654
1500 1649
1500 1819
1501 1822
1501 1820
1501 1502
1501 1882
1502 1822
1502 1820
1502 1882
1502 1881
1504 1666
1504 1667
1504 1668
1505 1841
1505 1669
1506 1758
1506 1667
1506 1605
1507 1844
1507 1668
1507 1508
1507 1665
1508 1814
1508 1844
1510 1671
1510 1513
1510 1845
1511 1678
1512 1671
1512 1845
1512 1675
1514 1516
1514 1677
1515 1673
1516 1672
1517 1674
1517 1678
1520 1682
1521 1691
1521 1686
1522 1537
1522 1847
1522 1688
1522 1523
1522 1685
1523 1537
1523 1536
1523 1688
1524 1692
1524 1694
1525 1536
1525 1688
1525 1849
1525 1848
1527 1689
1528 1557
1528 1681
1532 1846
1533 1847
1533 1690
1533 1534
1534 1535
1534 1690
1535 1690
1536 1688
1537 1847
1537 1688
1538 1547
1538 1710
1538 1696
1538 1697
1539 1697
1539 1699
1540 1714
1541 1706
1541 1801
1541 1705
1542 1558
1544 1550
1544 1852
1545 1708
1546 1712
1546 1702
1547 1698
1547 1710
1549 1704
1549 1713
1550 1852
1550 1551
1551 1696
1553 1703
1553 1704
1553 1559
1554 1715
1555 1556
1556 1700
1558 1850
1559 1698
1560 1735
1560 1862
1560 1728
1561 1587
1562 1590
1562 1854
1562 1564
1562 1583
1562 1722
1563 1743
1563 1728
1563 1855
1563 1565
1564 1583
1564 1722
1564 1589
1565 1584
1565 1743
1566 1575
1566 1745
1567 1738
1567 1726
1567 1856
1567 1732
1568 1857
1568 1725
1569 1739
1570 1740
1570 1658
1570 1580
1570 1859
1571 1583
1572 1862
1572 1728
1572 1855
1572 1588
1576 1858
1576 1591
1577 1748
1577 1858
1577 1733
1578 1859
1578 1740
1578 1592
1579 1733
1579 1748
1579 1750
1579 1741
1579 1727
1580 1860
1580 1836
1581 1588
1581 1742
1581 1736
1582 1735
1582 1721
1583 1854
1583 1722
1585 1586
1588 1742
1588 1736
1588 1855
1589 1722
1591 1737
1592 1658
1592 1859
1593 1599
1593 1598
1593 1601
1594 1754
1594 1600
1594 1751
1595 1753
1596 1758
1596 1757
1597 1842
1597 1605
1598 1601
1599 1601
1599 1602
1599 1752
1600 1603
1600 1754
1600 1755
1602 1754
1602 1755
1602 1603
1603 1755
1603 1754
1605 1760
1605 1758
1606 1763
1606 1866
1607 1608
1608 1765
1609 1769
1610 1614
1610 1623
1610 1618
1611 1624
1612 1775
1612 1616
1613 1865
1615 1780
1616 1783
1616 1870
1617 1867
1617 1767
1618 1623
1619 1778
1622 1868
1622 1766
1625 1792
1625 1706
1625 1718
1625 1717
1626 1640
1626 1837
1626 1632
1626 1633
1627 1796
1628 1629
1629 1642
1630 1634
1630 1785
1630 1872
1631 1811
1632 1640
1632 1718
1633 1837
1634 1638
1634 1872
1634 1785
1635 1804
1635 1643
1636 1799
1636 1637
1636 1798
1637 1799
1638 1787
1638 1803
1639 1799
1641 1794
1641 1802
1641 1801
1642 1643
1643 1804
1644 1646
1644 1750
1644 1741
1644 1824
1645 1883
1645 1734
1646 1648
1646 1655
1646 1824
1647 1876
1647 1838
1647 1813
1648 1830
1648 1655
1649 1819
1649 1826
1649 1878
1650 1656
1650 1798
1651 1661
1651 1660
1651 1842
1652 1815
1652 1809
1652 1786
1653 1657
1653 1825
1654 1821
1654 1839
1654 1826
1654 1878
1655 1813
1656 1786
1657 1825
1658 1859
1659 1860
1659 1837
1660 1883
1660 1842
1660 1661
1661 1883
1662 1830
1662 1816
1663 1818
1663 1877
1663 1832
1664 1817
1664 1879
1665 1841
1665 1844
1666 1668
1666 1667
1667 1668
1669 1843
1669 1887
1670 1682
1671 1675
1671 1845
1672 1676
1674 1677
1676 1679
1679 1685
1681 1684
1684 1846
1686 1691
1686 1693
1689 1791
1690 1847
1692 1693
1692 1694
1693 1694
1696 1710
1697 1699
1697 1723
1699 1856
1700 1853
1701 1708
1702 1709
1703 1704
1706 1792
1706 1717
1707 1852
1713 1714
1715 1853
1716 1720
1716 1719
1719 1720
1721 1735
1723 1731
1723 1730
1725 1857
1725 1744
1726 1732
1726 1738
1726 1856
1727 1748
1727 1739
1728 1855
1728 1862
1729 1855
1729 1743
1730 1731
1732 1738
1732 1856
1733 1734
1733 1748
1734 1861
1736 1742
1738 1856
1740 1859
1740 1746
1740 1747
1741 1750
1743 1855
1744 1857
1746 1747
1748 1858
1754 1755
1756 1864
1757 1864
1757 1758
1758 1864
1760 1864
1762 1763
1763 1866
1766 1773
1767 1867
1768 1769
1768 1775
1774 1775
1782 1793
1783 1870
1783 1784
1785 1872
1785 1795
1786 1815
1786 1809
1787 1796
1787 1803
1788 1807
1788 1790
1789 1811
1789 1806
1790 1807
1791 1800
1791 1869
1793 1808
1794 1795
1794 1808
1797 1873
1798 1799
1800 1869
1801 1802
1803 1875
1803 1807
1806 1873
1806 1811
1809 1871
1809 1815
1811 1875
1812 1828
1812 1829
1812 1836
1813 1876
1816 1831
1817 1833
1818 1877
1818 1827
1819 1826
1820 1881
1820 1823
1821 1880
1821 1878
1821 1839
1822 1882
1823 1881
1826 1878
1827 1877
1828 1836
1828 1838
1829 1832
1831 1885
1831 1876
1833 1885
1836 1838
1839 1878
1840 1879
1841 1844
1843 1887
1848 1849
1865 1866
1876 1885
1881 1882
1884 1886
