0 332
0 1410
0 1
0 509
1 509
1 3
2 1763
2 1937
2 1216
2 1933
3 1958
4 707
4 334
4 1411
4 1215
5 706
5 1766
5 1217
6 884
6 1218
6 2258
6 704
7 2547
7 1412
7 512
8 1225
8 10
8 714
8 1608
9 1772
9 1227
10 1225
10 710
10 712
11 1773
11 1941
11 1220
11 337
12 888
12 713
12 2550
12 1609
12 1413
12 1939
12 1046
12 1224
13 1228
13 516
13 18
13 1224
14 1045
14 337
15 1223
15 1046
15 712
16 2552
16 1610
16 715
16 891
16 1611
16 890
16 889
16 1942
17 1228
17 516
17 2097
18 1962
18 359
18 516
18 1228
19 2434
19 2098
19 20
19 1415
20 1415
21 23
21 1229
21 521
21 1232
22 1231
22 1945
22 1776
22 892
23 1229
23 1232
23 521
24 1943
24 718
24 338
24 1050
24 1230
24 518
24 1234
25 26
25 2099
25 520
26 64
26 339
27 520
27 64
27 65
27 1946
27 1418
27 1970
28 2559
28 525
28 898
28 897
28 895
29 1239
29 347
29 528
29 35
30 1056
31 725
31 529
31 1423
31 344
31 1240
31 32
32 1425
32 344
32 900
32 1955
33 721
33 1784
33 530
33 36
33 726
33 727
34 1239
34 1057
34 2443
34 729
34 1781
34 2273
34 347
35 528
35 1954
35 723
35 1780
36 1618
36 726
36 2105
36 2272
36 1806
36 1784
36 755
36 550
37 1426
37 350
37 349
38 2109
38 1059
38 346
38 534
39 2444
39 2568
39 1059
39 1061
40 902
40 2445
40 351
40 1062
40 1427
40 1937
41 535
41 1936
41 333
42 1068
42 1624
42 1621
42 47
43 2574
43 732
44 2447
44 903
45 1623
45 1067
45 1960
45 46
45 1431
46 1623
46 356
46 738
46 1431
46 1067
47 1624
47 1068
47 738
47 538
48 1247
48 904
48 539
48 1625
49 1624
49 538
49 1063
50 1771
50 1626
51 2450
51 905
51 740
52 54
52 909
52 910
52 1071
52 1432
52 1249
53 746
53 1632
53 365
54 1432
54 910
54 909
54 1249
55 746
55 1439
55 1438
55 1629
55 1631
55 363
55 1633
55 56
55 2582
56 745
56 544
56 360
56 1631
56 1967
57 1073
57 1440
57 1439
57 1253
58 364
58 1073
58 1253
59 1072
59 361
59 1460
59 908
59 2286
59 364
60 1440
60 61
60 745
60 1436
60 1253
60 111
61 1078
61 1436
61 907
61 111
61 745
61 362
62 1074
62 339
62 1635
62 367
62 1634
63 913
63 1795
63 74
63 2556
63 366
63 1969
64 1075
64 1970
64 1794
64 65
64 66
65 366
65 1970
66 542
66 1794
66 73
66 1075
66 1443
67 1074
67 367
67 1438
67 1634
67 1635
67 1257
68 368
68 1077
68 2291
68 1796
68 69
68 1441
68 73
69 1077
69 1441
69 1256
69 368
69 73
69 2289
69 2291
70 2118
70 73
70 542
70 1443
71 747
71 368
71 1260
71 81
71 1258
72 543
72 545
72 911
73 1443
73 1441
73 1077
73 1796
73 1075
73 542
73 2292
74 1779
74 915
74 369
74 1639
74 75
75 2297
76 546
76 1798
76 77
76 1259
76 917
76 1263
76 370
77 546
77 1798
77 370
77 1259
77 1263
78 371
78 1447
78 1640
78 2298
78 2593
78 82
78 1261
78 79
79 371
79 1447
79 914
79 564
79 2470
79 2123
80 1266
80 1260
80 1803
80 547
80 1799
80 914
80 1801
81 1802
81 368
81 1801
81 912
81 1266
81 747
82 1799
82 2592
82 2296
82 1640
82 914
82 1447
82 547
83 1797
83 916
83 1264
83 726
83 1080
83 1806
84 1267
84 1977
84 1082
84 86
84 750
84 919
85 1081
85 2457
85 2126
85 373
85 548
85 1080
85 551
85 1083
86 919
86 1804
86 1082
86 750
86 1976
87 89
87 1087
87 374
87 1980
88 90
88 374
89 1980
89 1086
89 2301
90 2304
90 757
90 1808
91 1271
91 1808
91 921
91 922
92 1644
92 753
92 2128
92 554
93 96
93 1643
94 1452
94 554
95 2571
95 751
95 728
95 1424
96 1982
96 923
96 1273
96 1272
97 1274
97 1983
97 377
97 924
98 100
98 1274
99 376
99 1300
100 559
100 1811
101 1813
101 1812
102 780
102 1457
102 1090
102 2163
103 1089
103 1647
103 928
104 358
104 106
105 1458
105 110
105 382
105 2313
106 929
106 2136
106 933
106 930
107 1818
107 1459
107 932
107 109
108 1985
108 1822
108 1279
108 1819
109 1675
109 1820
109 1117
109 149
110 1072
110 382
110 2312
111 2466
111 1436
112 1460
112 1280
112 1281
112 1092
113 934
113 935
113 1654
113 2316
113 764
114 1280
114 1284
114 116
114 560
115 765
115 766
115 937
115 1986
116 764
116 2314
117 936
117 2137
117 384
117 385
117 947
118 1989
118 1288
118 1095
118 122
119 1286
119 1658
119 386
119 2619
119 1463
119 387
120 127
120 122
120 938
120 2143
120 2318
120 1096
120 1288
120 1655
121 2618
121 543
121 1285
121 2317
121 1094
122 938
122 1098
122 1989
122 2145
122 1096
122 1095
122 1288
123 768
123 1291
123 1990
123 1102
123 566
124 2146
124 125
124 1292
124 1991
124 1469
124 1102
124 1101
124 1103
124 391
125 1469
125 391
125 2150
125 1661
125 1102
125 2148
125 1467
125 1290
126 2149
126 939
126 1101
126 1100
126 1292
127 1659
127 1290
127 938
128 1289
128 754
128 748
128 1464
128 565
128 564
128 1662
128 392
128 390
128 1293
129 1664
129 770
129 1295
129 130
129 393
129 1470
129 1104
129 2474
130 1104
130 1665
130 1664
130 393
130 1470
130 1296
131 1995
131 775
131 774
131 1825
131 771
131 132
131 1294
131 394
132 1294
132 394
132 2158
132 1667
132 2159
132 774
132 1825
132 775
132 1473
133 568
133 1106
133 1665
133 1666
134 1107
134 1471
134 1128
135 772
135 372
135 2156
135 779
135 1668
136 399
136 141
136 1475
136 1669
136 1828
136 776
136 138
136 2330
136 398
137 396
137 779
137 1109
137 1110
137 400
138 571
138 1828
138 777
138 398
139 2626
139 1830
139 1997
139 1474
139 1996
139 400
139 395
139 396
139 778
140 1108
140 1111
140 602
140 568
140 2630
140 600
141 2331
141 940
141 1669
141 776
141 2625
141 1475
141 572
141 399
142 1998
142 2161
142 1477
143 403
143 1113
144 2003
144 576
145 1487
145 780
145 581
146 2337
146 582
146 782
147 1487
147 405
147 581
147 2637
147 1489
148 1115
148 783
149 1675
149 2639
149 1820
149 945
149 1117
149 762
150 787
150 158
150 407
150 1494
150 1495
150 151
150 383
151 784
151 1495
151 787
151 153
152 945
152 946
152 2165
153 784
153 1493
154 1491
155 2004
155 946
156 1836
157 1492
158 407
158 947
158 787
158 1494
158 1495
158 1677
158 1678
158 1306
159 585
159 1676
159 2644
159 1837
159 949
159 1497
160 1305
160 406
160 948
161 812
161 2021
161 207
161 810
162 412
162 408
162 169
162 2646
162 163
162 1121
162 1681
162 2008
162 587
163 412
163 408
163 2340
163 789
163 169
163 1679
163 1097
163 164
163 1121
163 950
164 1679
164 789
164 791
164 588
164 950
164 951
164 411
165 2649
165 590
165 1840
165 586
165 1308
166 414
166 2650
166 2173
166 1498
166 1309
166 1680
167 168
167 2481
167 788
167 409
167 410
167 1120
167 1841
168 1120
168 1843
168 1841
168 788
168 409
169 587
169 2008
169 2646
169 1121
169 408
170 1123
170 2484
170 1684
170 1100
171 2010
171 1467
171 172
171 955
171 954
171 1313
172 1313
172 2009
172 592
173 416
173 595
173 1125
174 1502
174 1310
174 1312
175 591
175 593
175 1126
175 1311
175 1504
175 417
176 953
176 1704
176 795
176 1848
176 1503
176 2011
176 2343
177 1703
177 591
177 1862
178 1122
178 1685
178 1682
178 589
178 790
178 792
178 1845
178 1499
178 1501
179 597
179 1297
179 180
179 1314
179 1316
179 1851
179 1689
179 773
179 2653
179 1128
180 773
180 1314
180 1316
180 1684
180 597
180 598
180 1689
180 1851
181 2346
181 2345
181 1129
182 2181
182 183
182 958
182 1691
182 2347
182 419
182 2657
183 2658
183 1506
183 2348
183 2347
183 419
183 1129
184 190
184 1690
184 798
184 185
184 797
184 2189
184 401
185 798
185 1690
185 1694
185 797
186 420
186 796
186 1508
187 1536
187 224
187 793
187 2185
187 1511
187 799
187 1509
188 2490
188 601
188 961
188 421
189 1692
189 602
189 601
189 962
189 600
189 958
189 961
190 573
190 2189
190 1853
190 401
190 797
191 802
191 603
191 981
191 1318
192 605
192 579
193 194
193 804
193 605
194 1114
194 605
194 422
195 1320
195 807
195 967
196 423
196 1695
196 580
196 607
197 805
197 423
198 201
198 2019
198 1324
198 1322
199 809
199 968
200 612
200 1137
200 1518
201 1322
201 1517
201 613
201 2019
202 2361
202 808
202 1519
202 1138
203 1141
203 1522
203 2496
204 614
204 815
205 1164
205 2203
205 811
205 1698
205 426
205 428
205 233
206 614
206 1139
206 1520
207 812
207 810
207 2021
208 1332
208 1309
208 623
208 1498
208 1504
208 432
208 414
208 417
208 1844
208 2176
209 1142
209 969
209 1701
209 2025
210 409
210 211
210 1327
211 1521
211 1327
211 212
211 2679
212 1521
212 1523
212 213
212 971
212 817
212 1327
212 1328
213 971
213 1523
213 817
214 1328
214 1522
214 1859
214 817
215 2026
215 620
215 430
215 818
215 1143
216 621
216 1127
216 1861
216 1704
217 1706
217 795
217 2034
217 1864
217 1704
218 1866
218 819
218 1330
218 973
218 2196
219 431
219 975
219 1705
219 820
219 654
219 993
220 1147
220 2211
220 1868
220 622
220 1532
220 1721
220 1333
220 624
220 648
221 1870
221 222
221 1336
221 626
222 626
222 1336
222 2692
223 1710
223 1532
223 438
223 1531
223 1156
223 821
223 2696
224 793
224 2185
224 1511
224 437
224 977
224 799
224 1535
224 1536
225 1158
225 1538
225 1134
225 2697
225 2201
225 831
225 634
226 1159
226 228
226 1538
226 634
226 632
227 828
227 443
227 1341
227 1537
227 1713
227 983
228 232
228 1159
228 984
229 1342
229 443
229 632
230 1166
230 1343
230 450
230 637
231 1716
231 2044
232 2380
232 984
232 449
232 1714
232 446
233 1162
233 1164
233 428
233 433
233 2203
233 1698
234 454
234 1875
234 639
234 235
234 1542
234 1165
235 236
235 453
235 1875
235 1878
236 1187
236 1878
236 453
237 456
237 457
237 454
237 1544
237 452
237 1542
237 640
238 642
238 1545
238 2384
238 1547
238 989
238 463
238 459
238 462
239 992
239 459
239 245
239 1352
239 2205
239 463
240 1350
240 241
240 1545
240 246
240 647
240 2383
240 1167
241 1167
241 645
241 1354
241 646
241 1880
241 246
241 641
241 458
241 1350
241 1351
241 991
242 2712
242 834
242 1719
242 1167
242 647
242 1881
242 2046
242 1551
242 461
243 460
243 293
243 676
243 1351
243 835
243 1549
243 244
243 1021
243 643
244 293
244 1549
244 1555
244 643
244 1021
244 676
244 835
244 1574
245 1348
245 2711
245 990
245 1548
245 1352
246 1354
246 645
246 458
246 460
246 1351
246 1350
246 1167
247 645
247 458
247 641
247 995
247 991
247 838
247 1170
247 1356
247 1880
247 1882
247 1354
247 649
247 2719
248 1361
248 1553
248 1001
248 2054
248 1000
248 255
248 1358
248 650
249 1170
249 250
249 465
249 1357
249 1555
249 2051
249 655
249 836
250 2756
250 655
250 2051
250 1357
250 651
251 1382
251 1556
251 861
251 998
251 651
251 299
251 652
251 2389
252 1721
252 2207
252 1005
252 648
252 1532
252 1004
252 1362
252 837
252 253
252 1891
253 1003
253 1004
253 837
253 1723
253 468
253 1891
253 1005
254 1171
254 1743
254 1175
254 656
254 1585
255 650
255 1358
255 1723
255 2718
255 1000
255 1361
255 1553
256 2213
256 2722
256 2053
256 1361
257 658
257 979
258 1367
258 1892
259 2216
259 1893
259 2399
259 1007
259 1008
260 2216
260 470
260 1008
260 1559
260 2732
260 1365
261 659
261 1729
261 844
261 1564
261 1560
261 1367
262 471
262 263
262 660
262 1179
263 847
263 1735
263 1734
264 2521
264 2060
264 1010
264 265
265 2521
265 661
265 1895
265 1566
266 850
266 268
266 476
266 2740
267 1370
267 662
267 1896
267 848
267 849
268 2741
268 476
269 1369
269 2062
269 850
270 2222
270 1011
270 664
270 663
271 1182
271 1898
272 273
272 1372
272 666
272 665
272 477
273 665
273 1017
273 1203
273 2224
273 1372
273 497
274 278
274 2404
274 1737
274 1013
274 2524
274 667
275 2227
275 1015
275 1183
275 1567
275 279
275 278
276 279
276 1185
276 1014
276 2063
276 1374
276 1568
277 852
277 1015
277 1017
277 691
277 1901
278 1013
278 1373
278 1567
278 1183
278 480
279 2063
279 1183
279 2227
279 1568
279 1374
279 1014
280 2405
280 1019
280 859
280 1020
280 669
280 286
281 283
281 1016
281 1903
281 479
282 855
282 671
282 672
282 1571
283 853
283 1903
283 1570
284 1902
284 2406
284 671
284 1570
284 853
285 291
285 324
286 1019
287 1740
287 858
287 2230
288 1020
288 1575
288 1573
288 859
289 2753
289 1572
289 292
289 1578
289 1577
289 860
289 856
290 292
290 1379
291 2065
291 1573
292 1379
292 860
292 1738
292 1572
293 643
293 460
293 1549
293 2714
293 835
293 1574
293 1021
293 1907
293 676
294 1383
294 1889
294 1742
294 652
294 303
294 1193
294 1386
294 679
294 484
295 863
295 1904
295 2758
295 1739
295 673
295 1576
296 1908
296 297
296 1378
296 675
296 1904
297 678
297 1580
297 1911
297 1385
297 1908
298 1910
298 2072
298 1189
298 864
298 1190
298 1384
298 1389
298 486
298 1024
298 1586
299 1388
299 998
299 1382
299 861
299 1741
299 680
300 862
300 2067
300 1388
300 1580
300 678
300 677
301 485
301 2068
301 1905
301 857
301 1380
301 675
301 1191
302 1023
302 1387
302 1909
302 679
302 484
302 1193
302 1389
303 1193
303 1727
303 656
303 2532
303 1023
303 1383
303 484
303 1175
304 1587
304 682
304 683
304 865
304 488
304 2069
305 1026
305 867
305 489
306 486
306 1582
306 1586
306 1913
306 1024
306 866
306 2072
307 2235
307 1392
307 489
307 1584
307 681
307 2070
308 1918
308 1393
308 1029
309 491
309 490
309 1029
309 1196
310 684
310 871
310 2239
310 491
310 1748
310 867
311 1201
311 1200
312 2414
312 1398
313 1398
313 314
313 1202
314 1920
314 1202
314 494
315 316
315 690
315 2082
315 1012
315 1371
316 2081
316 1031
316 690
316 2082
316 1012
316 1399
316 1595
317 874
317 1034
317 1923
317 1400
317 1922
317 1374
318 692
318 498
318 1751
318 1034
318 2084
319 1204
319 1203
319 497
320 2418
320 1403
321 2245
321 1596
321 1402
321 1035
321 694
322 1205
322 1206
323 1596
323 1402
323 2779
323 1403
324 1036
324 2085
325 1604
325 1190
325 486
325 866
325 1582
325 1753
325 1752
325 1381
326 1211
326 697
326 1603
326 501
326 1754
326 502
327 696
327 1927
327 2086
327 1038
327 503
327 2786
327 697
328 2422
328 1406
328 505
328 1600
328 1211
328 1214
329 699
329 1213
329 1392
329 1759
329 681
329 2253
329 330
330 700
330 1213
330 699
330 2793
330 1756
331 2255
331 879
331 2089
332 1410
332 509
332 1934
332 880
333 1763
333 1936
333 535
334 707
334 1411
334 1215
335 2431
335 515
335 513
336 711
336 2262
336 1223
336 1226
337 1773
337 1045
338 2100
338 1233
338 1234
338 1230
338 517
338 718
338 719
339 1634
340 1778
340 2270
340 894
340 527
340 2440
340 1235
340 342
341 2103
341 1237
341 1055
341 1053
341 720
341 1419
341 1617
342 894
342 2439
342 1947
342 1778
343 1079
343 1638
343 1420
343 1421
343 1236
343 2293
343 895
343 2560
344 1955
345 727
345 530
345 2563
345 1783
345 1240
345 1951
345 529
346 1243
346 534
347 1239
347 1619
348 533
348 2275
348 349
349 1956
350 901
350 1426
351 902
351 1427
351 353
351 1062
351 734
351 2445
352 1068
352 356
352 355
353 902
353 1428
353 2446
353 734
353 1062
354 1964
354 1246
354 906
354 2449
355 1623
355 1064
355 356
356 1623
356 1068
357 740
357 1434
357 2451
357 905
357 1966
357 743
358 1251
358 743
358 2452
359 888
359 739
359 1433
359 742
359 1940
359 1962
360 544
360 1631
360 1636
360 1633
360 2117
360 1438
361 2287
361 910
361 364
361 908
361 2583
361 1968
362 1078
362 745
362 1436
362 907
362 544
363 2115
363 746
363 2582
363 1633
363 1629
363 1630
364 1460
364 1968
365 1252
365 909
365 2288
365 1437
365 2579
366 1418
366 1969
366 2586
366 2119
366 2556
366 1795
366 913
367 542
367 1257
367 1074
367 1634
367 1635
368 2291
368 912
368 747
369 1639
369 1779
369 896
369 915
369 1972
370 546
370 1263
370 1265
370 2589
370 1798
371 1447
371 2123
371 547
371 2470
371 914
372 752
372 569
372 2125
372 1451
372 772
372 1448
373 2126
373 749
373 2460
373 1083
373 1445
373 1081
373 551
373 1449
373 1446
373 1975
374 1087
374 2461
375 555
375 1646
376 1810
377 924
377 1983
377 380
378 2134
378 926
378 927
378 1276
378 1278
378 1277
378 1066
379 1649
379 1277
379 1278
380 1648
380 924
381 763
381 931
382 2312
382 1458
383 407
383 1819
383 1283
383 1821
383 1822
383 2617
384 947
384 936
385 1282
385 1093
385 2137
386 2620
386 388
386 1988
386 766
386 1463
386 2142
386 2141
387 2139
387 1658
387 1988
387 1097
387 1286
388 2620
388 563
388 2142
388 2141
388 1463
389 2152
389 1467
389 1101
389 939
389 955
389 2151
390 1464
390 1466
390 1289
390 565
390 564
390 1823
391 2621
391 1469
391 1992
391 1102
391 1103
392 1994
392 1293
392 1662
392 1660
392 771
392 769
392 565
392 1464
393 1664
393 1665
393 1110
393 2157
393 1104
393 1826
394 774
394 2159
394 2324
394 2327
394 1825
394 1667
394 1995
394 1294
395 568
395 400
395 1826
396 1474
396 400
396 399
397 1109
397 2329
397 572
397 1452
397 940
397 2624
397 779
398 2331
398 776
398 777
398 1828
398 1669
399 1475
399 2330
400 778
400 568
400 2626
400 1997
400 1830
400 1474
401 797
401 2189
402 1112
402 1671
403 2335
403 1113
403 578
403 577
403 2634
404 1835
404 781
404 782
405 1489
405 581
405 1484
406 948
406 1496
406 1305
407 787
407 1677
407 1495
407 1494
408 1121
408 412
408 2008
408 789
408 1097
409 1841
409 788
409 2006
409 1120
410 2172
410 590
410 586
410 1120
411 588
411 1682
411 2170
411 1122
411 951
411 2648
411 790
411 2647
411 1499
412 2008
412 1839
412 2340
412 1683
412 789
412 1681
413 1840
413 2007
413 1308
413 590
413 586
414 1844
414 623
414 1309
414 1498
414 417
414 1332
414 432
414 616
415 592
415 2174
415 1311
415 952
415 594
415 593
415 1501
415 1846
416 418
416 595
416 2183
416 1849
416 1125
416 2175
417 623
417 2176
417 1332
417 1844
417 1504
417 1309
418 2012
418 1849
418 2183
418 1505
419 1506
419 1129
419 2348
419 2347
419 2489
419 2658
420 798
420 2663
420 1510
420 1508
421 2188
421 2490
422 1132
422 604
423 805
423 2015
423 424
423 607
424 2669
424 1513
425 1326
425 1699
425 809
425 2673
425 1139
426 1140
426 811
426 1856
426 2023
427 1697
427 816
428 1141
428 1524
428 1698
428 811
428 2677
429 617
429 619
429 434
429 1525
429 1329
429 1145
430 2026
430 1718
430 1143
430 620
430 818
431 654
431 993
431 2195
431 975
432 623
432 1498
432 616
432 1702
432 1144
433 1698
433 1353
433 2708
433 1524
434 617
434 819
434 1329
434 1866
434 1865
434 2501
435 1705
435 2502
435 436
435 1330
435 819
435 2367
436 2029
436 1526
436 1330
436 819
437 627
437 977
437 1154
437 1535
437 1536
437 1149
437 2503
438 439
438 2373
438 2032
438 1002
438 1156
439 1156
439 2032
439 2373
439 1002
440 1707
440 821
440 2036
440 976
440 1529
440 1533
440 2694
440 1150
441 823
441 824
441 801
442 1340
442 826
442 2506
442 825
442 982
442 1341
443 635
443 1537
443 983
443 1342
444 445
444 447
444 2041
444 1160
444 2507
445 1160
445 2507
446 984
446 449
446 1714
447 2041
447 2202
447 1160
448 2508
449 984
449 1714
450 637
450 1343
450 1344
450 1166
451 2226
451 1345
452 1544
452 456
452 2510
452 2045
452 2381
452 640
452 638
453 1187
453 1878
454 1544
454 1542
454 1875
454 640
454 1165
455 2511
455 1348
455 1717
455 1879
455 1877
455 990
456 1856
456 1164
456 2023
456 640
456 2510
457 1542
457 640
457 1349
457 986
457 2204
458 460
458 645
458 1354
458 2386
458 641
458 1350
458 643
458 1555
458 1351
458 1170
458 995
458 1880
458 991
459 2513
459 2205
459 1548
459 1545
459 463
459 2710
459 642
459 1352
460 835
460 1351
460 1555
460 1354
460 643
460 2713
460 645
460 1167
460 1881
461 1719
461 2512
461 834
461 1881
461 1167
461 647
461 1551
461 2385
462 646
462 463
462 1545
462 642
462 1546
462 1547
462 644
462 989
462 2382
462 988
462 2384
463 989
463 1545
463 2513
463 2710
463 2205
463 642
464 836
464 1887
464 1882
464 2050
464 2209
464 465
464 1356
464 649
464 838
465 2049
465 2209
465 836
465 653
465 838
465 655
466 1359
466 1720
466 1884
466 1885
466 622
466 648
466 994
466 2715
467 2720
467 2514
467 1001
467 1000
467 997
467 1552
467 2210
467 996
468 1005
468 1003
468 1004
469 2516
469 1174
469 840
469 1006
469 1364
469 1888
469 1730
469 1558
469 2392
469 2391
470 2217
470 1559
470 2733
470 1366
470 2732
470 1365
471 660
471 1179
471 1180
471 2059
472 1177
472 661
472 1566
472 2221
472 1009
473 1565
473 1734
473 1178
473 847
474 1009
474 660
474 2221
475 1898
475 1735
475 1180
476 2403
476 2040
477 665
478 1184
478 1346
478 830
478 633
479 1903
479 1016
480 1013
480 1737
480 668
481 1185
481 692
481 2525
482 1377
482 2751
482 1906
483 1387
483 1389
483 1912
483 864
484 1386
484 1387
484 2757
484 652
484 1909
484 1193
484 1383
484 1742
484 679
485 696
485 503
485 2764
485 1911
485 1385
485 1581
485 2234
485 1022
485 2233
485 2068
485 1191
486 866
486 1024
486 1586
486 1190
486 1582
486 1384
486 2072
486 1381
487 1890
487 1025
487 1914
487 1583
487 2076
487 1391
487 1390
488 865
488 2069
488 682
488 683
488 2074
488 1587
489 1584
489 2070
489 2235
490 870
490 1917
490 1588
490 1027
490 1028
491 1748
491 1393
491 1196
492 686
492 685
492 869
493 872
493 1030
493 1199
493 1395
494 1920
495 1397
495 2080
495 2079
496 2415
496 2060
496 1178
497 1372
497 1203
497 2773
498 1034
498 1751
498 2084
498 692
499 500
499 2782
499 693
499 1598
499 1209
499 877
500 1601
501 2787
501 502
501 2792
501 1600
501 878
501 1603
501 1211
501 1754
502 697
502 1602
502 1754
502 1927
503 2538
503 1038
503 2786
503 696
503 1581
504 1601
504 1039
504 1929
504 1037
504 1926
504 2087
504 698
504 1404
505 2422
505 1406
505 1211
505 1600
505 1214
506 1930
506 2252
506 1757
506 701
506 1041
506 1405
506 1042
507 2425
507 2428
508 1605
509 1410
510 2542
510 1216
510 1410
511 1767
511 1935
511 884
511 705
511 883
512 2094
512 1412
512 709
513 515
513 886
514 736
515 1607
516 1962
516 1228
517 1944
517 1233
517 719
518 1050
518 718
518 1946
518 1230
518 1418
519 522
519 1613
519 1612
519 1052
519 1051
520 1234
520 1946
520 2267
520 1418
520 718
521 1229
521 2555
521 1232
522 2554
522 1051
522 1775
522 1052
522 1613
523 892
523 1614
523 2101
523 2436
523 717
523 722
523 1616
524 1615
524 1614
524 893
524 2102
524 2269
524 2557
524 1947
524 1054
525 1053
525 1783
525 898
525 1419
525 1237
525 724
526 2270
526 2271
526 1948
526 1949
526 896
526 2104
526 894
526 2441
527 897
527 1236
527 1235
527 895
527 2440
527 1950
527 1778
527 1777
528 1239
528 1780
529 1240
529 2563
529 530
529 1951
529 727
529 1423
530 1951
530 727
530 2438
530 1783
531 724
531 532
531 1953
531 1951
531 1419
531 899
532 899
532 1419
532 1953
532 724
533 2566
534 1243
534 2570
535 1936
535 733
536 1787
536 1428
536 734
536 733
537 1065
537 2285
537 1429
537 741
537 1430
537 1246
538 1624
538 2282
538 738
539 1247
539 1429
539 735
539 1069
539 1625
539 1246
539 1961
539 2112
540 2281
540 736
540 1245
541 1435
541 1065
541 2450
542 1443
542 1075
543 545
543 2317
543 911
544 2290
544 1076
544 2117
544 1444
544 1967
544 1631
544 1636
545 911
546 1798
546 1972
546 2121
546 917
546 1259
546 1263
546 1265
547 1803
547 1266
547 914
547 2592
547 2591
547 1801
547 1799
548 2595
548 1083
548 1081
548 551
548 2457
548 1080
548 2126
549 2458
549 1270
549 1269
549 1978
549 1641
549 553
550 1267
550 1806
550 2272
550 2105
550 726
550 755
550 1784
550 1618
551 1080
551 2126
551 1083
551 2457
551 1081
552 2124
552 919
552 1804
552 750
552 1268
552 1082
552 1977
553 2458
553 2459
553 1270
553 1269
553 1450
553 1805
553 1978
553 1641
553 918
554 1451
554 752
554 753
556 1275
556 559
556 2131
556 1455
557 758
557 760
557 759
557 1789
557 2279
558 2131
558 760
558 761
558 1275
558 758
559 1275
559 2131
559 2607
560 1284
560 1821
560 1280
561 1281
561 1817
561 2135
561 2467
561 1280
561 763
562 1653
562 2615
563 1463
563 1094
563 1461
563 2144
563 2141
563 1285
564 1466
564 748
564 2471
564 1823
564 1289
564 2320
565 769
565 1464
565 1293
565 748
565 1660
565 1662
565 771
565 2472
566 1291
566 2147
566 2321
566 1465
566 1099
566 768
567 754
567 1662
567 1978
567 1105
567 1270
567 1269
568 1108
568 1106
568 1111
568 2628
569 570
569 1472
569 1448
569 772
569 1104
569 1295
569 2623
570 1470
570 1472
570 1295
570 1104
570 2623
570 770
570 1448
571 1478
571 777
572 2329
572 1452
572 940
573 1999
573 1853
574 2632
574 2334
574 1999
574 1670
574 575
574 1299
574 2631
575 1670
575 1299
575 2334
575 2000
575 1999
575 2632
575 2631
576 1673
578 1113
578 2635
578 2335
579 605
580 1303
580 944
580 1488
580 1301
581 2637
581 1487
581 2636
582 2337
582 1486
582 1490
582 782
583 1839
583 1681
583 1119
583 587
583 1118
584 585
584 785
584 1838
584 1307
585 1676
585 1307
585 2644
585 1497
586 590
586 2649
586 1840
586 2007
587 1987
587 2646
587 1681
587 1119
588 951
588 950
588 791
588 2648
588 1679
589 1680
589 1126
589 2482
589 1122
589 2341
590 1840
590 2649
591 1502
591 593
591 1311
592 2009
592 2178
592 952
592 2174
592 1847
592 2651
592 594
593 2180
593 1311
593 1502
594 1501
594 1846
595 2175
595 1125
595 1687
595 1310
596 599
596 1870
596 794
596 2349
596 2033
597 2654
597 1316
597 1314
597 773
597 1689
597 598
597 1851
598 1851
598 1314
598 1316
598 1689
598 1684
599 794
599 2349
600 2486
600 602
600 1108
600 958
600 1507
601 1692
601 602
601 961
602 961
602 1692
602 1108
602 1111
603 2353
603 800
603 802
603 1131
604 1132
605 804
606 1132
606 2355
606 966
606 1319
606 2017
607 805
607 2494
607 1695
607 2015
608 967
608 1515
609 610
609 2360
609 2363
609 611
610 1519
610 611
610 808
610 1696
611 808
611 1519
612 1516
612 1137
612 1518
613 1517
614 2497
615 2675
615 810
615 814
616 1144
616 1844
616 1309
616 969
616 1498
617 1866
617 1865
617 2369
617 1702
617 1525
617 1329
617 1145
617 2501
617 2500
618 2680
618 1144
618 2498
618 1700
618 1142
618 970
619 1145
619 2680
619 1525
619 970
620 2499
620 2683
620 2026
620 1143
620 1860
621 2368
621 2029
621 1148
621 1526
621 974
621 1861
622 624
622 2211
622 1147
622 972
622 2690
622 648
622 1884
622 1868
622 1721
623 1844
623 2176
623 1332
623 1862
623 1504
624 1867
624 1868
624 1333
624 1147
624 2028
624 972
625 1529
625 1335
625 2199
625 629
626 1529
626 1336
626 2035
627 822
627 628
627 1149
628 2370
628 2371
628 1530
628 980
628 1711
629 1150
629 1710
629 1709
629 821
630 2374
630 1155
630 1708
630 1335
630 1153
630 1151
631 1338
631 2200
631 1339
631 979
632 2202
632 2377
633 2703
633 2040
634 1538
634 1159
634 1158
635 2378
635 1341
635 1537
635 1540
636 2702
636 1873
637 829
637 2379
637 1344
637 1347
638 1348
638 1162
638 2045
638 2381
639 1166
639 1542
639 1165
639 833
639 1875
640 1544
640 2510
640 2045
641 2047
641 1880
641 645
641 646
641 1354
641 995
641 991
642 989
642 2206
642 1718
643 2713
643 1351
643 1354
643 645
643 835
643 1549
643 2386
643 1555
644 2683
644 2382
644 1547
644 1546
644 1355
644 988
644 987
644 1860
645 1351
645 1170
645 2386
645 835
645 1354
645 2719
645 1555
645 1880
645 991
645 995
646 991
646 1350
646 988
646 1880
646 2047
646 2383
646 1547
646 1545
647 1881
647 2712
647 2046
647 1551
647 1167
647 834
648 1362
648 2211
648 1532
648 2721
648 2690
648 1147
648 1721
649 1356
649 1882
649 1883
649 838
649 995
649 1887
650 2054
650 1358
650 1553
650 1361
650 1001
650 1000
650 2718
651 2051
651 998
651 1357
651 2389
651 1556
652 1386
652 1742
652 1383
652 998
653 2208
653 996
653 1886
653 836
653 2049
653 1552
653 2388
653 1556
654 993
654 820
654 1169
655 1170
655 2051
655 838
655 1357
655 836
655 1555
656 1175
656 1383
656 1171
656 2532
656 1727
656 1889
657 2213
657 2724
657 841
657 2395
657 1172
657 1725
657 2726
658 2731
659 1729
659 1563
659 1564
659 1030
660 2059
661 1895
661 1566
661 1177
662 849
662 848
662 1896
662 1370
662 827
663 1182
663 2222
663 1897
663 1011
663 664
664 1182
664 666
664 1897
664 2222
664 1011
665 2224
665 1372
665 1017
666 1012
667 1737
667 2225
667 2404
667 2743
668 1016
669 1575
669 2405
669 859
670 854
670 1569
670 1186
670 1187
671 672
671 2750
671 855
671 2406
671 1902
672 1018
672 1902
672 855
672 2750
673 1904
673 863
673 1378
673 1739
673 1576
674 2247
674 1207
674 2527
674 1188
674 876
674 1597
674 2228
675 2755
675 1905
675 857
675 1191
675 1380
675 1376
676 1907
676 1549
676 1574
676 1021
676 835
677 678
677 2067
677 1580
677 2760
677 1022
677 862
677 1911
677 1385
678 862
678 2067
678 1022
678 1911
678 1385
678 1580
678 2760
679 1193
679 1909
679 1742
679 1383
679 1387
679 1386
680 861
680 1382
680 1912
680 1388
680 2066
680 1741
681 1584
681 2235
681 1392
681 2768
681 2070
682 865
682 2069
682 1587
682 683
682 2071
683 1587
683 1194
683 865
683 2074
683 2236
683 2069
684 2239
684 871
684 867
684 1748
685 686
685 2769
686 2769
686 1591
686 687
687 1746
687 2078
687 1591
688 1594
688 689
688 2774
688 2241
688 1032
689 1594
689 873
689 2774
689 2535
689 1032
690 1032
690 1399
690 2241
690 1594
691 2775
691 1015
691 1901
691 2083
692 1034
692 1751
692 2084
693 1598
693 877
693 1209
693 1208
693 2782
694 1925
694 1035
695 1188
695 1207
695 876
695 2419
695 2420
695 2247
696 1022
696 1581
696 1038
696 2233
696 1928
697 2086
697 1927
697 1602
697 1754
698 1404
698 1924
698 1601
698 1039
698 1926
698 1037
698 2087
698 2788
698 2789
699 1756
699 1213
699 1759
699 2793
699 1042
699 2253
700 2088
700 1043
700 1213
700 2423
700 2424
700 1755
700 1756
701 1757
701 1930
701 1405
701 1042
701 1041
702 2427
703 881
703 2543
703 1761
703 1762
704 2256
704 884
705 1767
705 1764
705 885
705 884
705 882
705 1935
706 1959
706 1217
706 1766
707 1767
707 1411
707 1215
707 885
708 1765
708 2545
708 1768
708 2257
709 1044
709 2094
709 1769
710 1225
711 1223
711 1226
711 2262
712 1223
712 1225
713 1940
713 742
713 2551
713 888
713 1609
714 1608
715 1942
715 2552
715 1610
716 2265
716 889
716 891
717 2558
717 722
717 892
717 2100
717 1050
717 2436
717 1943
717 1616
718 2266
718 2267
718 1050
718 1234
718 1418
718 1230
718 1946
719 1234
719 1233
719 1944
719 2266
720 1055
720 2268
720 893
721 2438
721 1421
722 894
722 2558
722 2101
722 1943
722 1948
722 1616
723 1780
723 1953
723 1952
723 1954
723 2561
724 899
724 1617
724 1419
725 2562
725 1425
725 1057
725 1238
725 1056
725 1782
726 755
726 916
726 1784
726 2105
726 1806
727 2438
727 1783
728 751
728 2571
728 1424
728 2442
729 2276
729 2273
729 1057
729 1781
730 1620
730 1060
730 1061
730 2573
731 1958
731 1427
732 1244
732 2574
733 1428
733 734
734 2446
734 1062
734 1428
734 902
735 1625
735 1429
735 737
735 1961
737 1793
737 1065
737 1429
737 1245
738 2283
738 1068
738 1624
739 1249
739 1433
739 1432
739 1070
739 2577
740 1628
740 2453
740 1434
741 1430
741 2285
741 2113
742 1627
742 1940
742 888
742 1963
742 1433
742 1070
743 2452
743 1434
743 1250
744 2115
744 1630
744 1632
744 1047
744 1254
744 2578
745 907
745 1436
745 2584
745 1440
745 1967
746 1629
746 2581
746 2582
746 1439
746 1255
746 2115
747 912
747 1802
748 2122
748 2320
748 1261
748 1800
748 1974
748 1289
749 1975
749 1446
749 1974
749 1800
749 2460
749 1445
749 1973
749 1449
750 920
750 1976
750 919
750 1804
751 2571
751 920
751 1424
751 1976
752 2125
752 1451
752 772
752 2127
752 2602
753 2128
753 920
753 1644
754 2598
754 1800
754 1662
754 2122
754 1269
754 1270
754 2600
755 2272
755 2274
755 1618
755 2105
755 1806
755 1267
756 1453
756 1620
756 1060
757 2307
757 923
757 1809
757 2304
758 760
758 761
758 2309
759 2279
759 1063
759 1645
761 1275
761 2309
762 1820
763 2313
763 1817
763 2135
764 2316
764 934
764 2616
764 935
764 1654
765 937
765 766
765 2315
765 1987
765 1986
766 2319
766 2142
766 1986
766 1988
766 937
767 1099
767 1465
767 1287
767 1462
768 2321
768 1099
768 1465
768 1291
768 2147
769 2472
769 2153
769 2326
769 1293
769 1464
769 1994
769 1660
769 771
770 2325
770 1993
770 1472
770 1295
770 1470
770 2475
770 1663
771 2472
771 1660
771 1293
771 1825
771 775
771 1473
771 1994
771 2153
771 2326
771 1464
772 2156
772 1448
772 1451
772 1668
772 2125
773 1316
773 2328
773 1314
773 1100
773 2654
773 1851
773 1684
774 1294
774 2324
774 2327
774 1995
774 1667
774 1825
775 1294
775 1473
775 1825
775 2158
775 2159
775 2326
776 2625
776 2331
776 1669
777 1828
777 1478
778 1997
778 1474
778 1996
778 1830
778 1111
778 1476
779 2329
779 1109
779 2160
779 2624
779 1668
779 940
780 1090
780 2163
781 1833
781 1835
782 2337
783 1115
783 1302
784 1493
784 2479
785 2168
785 1838
785 1307
786 1678
786 1493
787 1495
787 1494
787 1678
788 1843
788 2481
788 1841
788 2006
788 1120
789 950
789 2340
789 1679
790 1124
790 1499
790 1845
790 792
790 2647
790 1682
790 2170
790 951
790 1685
790 1122
791 2139
791 2645
792 1845
792 1124
792 1122
792 1501
792 1685
792 1499
793 1509
793 1317
793 1852
793 2660
793 2488
793 2185
793 2184
793 1511
793 960
793 2013
794 1505
794 2349
795 953
795 2034
795 2343
795 957
795 1503
795 1848
795 1688
795 2659
796 963
796 1693
796 1508
797 2189
797 1694
797 798
797 1690
798 1690
798 2663
798 2491
799 1511
799 1509
799 2185
799 1130
799 2013
800 2350
800 2664
800 824
801 2493
801 2492
802 2353
802 1512
802 1318
802 1131
802 964
803 804
803 1133
803 2354
804 1133
805 2666
805 1695
805 2015
805 2494
805 2016
806 2358
806 1514
806 1136
806 1513
807 1515
807 967
807 2191
807 1320
808 1855
808 2361
808 1519
808 1696
809 1138
809 1326
809 2673
810 812
810 2021
811 2496
811 1141
811 2365
811 2677
812 2021
812 2022
813 814
813 1858
813 1857
814 1857
815 1326
815 1138
815 2676
816 1140
816 1697
816 986
817 1859
817 1521
817 1523
817 971
817 1328
817 1858
818 2024
818 2026
818 1718
818 2027
819 1866
819 1330
819 1865
819 2685
820 1705
820 2367
820 2031
821 1532
821 1333
821 1150
821 2375
821 1710
821 1709
821 1531
821 1533
822 2372
822 2374
822 2693
823 824
825 826
825 1341
825 982
825 2039
825 1340
826 2506
826 1340
826 982
827 850
827 1369
828 2039
828 1537
828 983
828 1341
828 1713
829 2379
829 1347
829 1344
829 985
829 1874
830 1346
831 1158
831 2201
831 1541
831 2509
831 2697
832 1716
832 851
833 2704
833 1347
833 1166
833 1165
833 2204
834 858
834 1740
834 1719
834 1550
834 1551
834 2387
835 1574
835 2713
835 1351
835 1555
835 1549
836 2049
836 1887
836 838
836 1552
836 2208
836 2209
837 1720
837 1891
837 1004
837 1005
837 2207
837 1362
837 1723
837 1722
838 1356
838 1170
838 1887
838 2209
838 995
838 1882
839 1176
839 1173
839 1172
839 2053
839 2394
839 2723
840 1006
840 1725
840 2392
840 1557
840 1174
840 1558
840 1364
840 1730
840 1888
840 2727
840 2516
841 1890
841 2397
841 1172
841 2724
841 2395
841 2726
841 1725
842 2052
842 2214
842 1724
842 1558
842 2517
842 1363
843 1174
843 1730
843 1561
843 2734
843 1006
844 2518
844 1560
844 1367
845 1731
845 2057
845 1894
845 2220
845 2219
845 2218
846 1563
846 2738
846 1564
846 2058
846 2737
847 1181
847 1565
847 2223
847 1734
847 1178
847 1735
848 1370
848 849
848 1896
849 1896
849 1370
850 1369
850 2062
851 1016
852 1901
852 2745
852 1373
852 2064
852 2747
852 1567
852 2746
852 1015
852 1900
853 1570
853 2749
854 1569
855 2750
855 1375
855 1571
856 1378
856 1904
856 1578
856 1577
856 2229
856 1579
856 1739
856 1376
857 1188
857 1380
857 2755
857 1376
857 1905
857 2247
858 1740
858 2048
858 2230
859 1020
859 2405
859 1575
859 2526
860 1379
860 2754
860 2753
860 1572
861 1382
861 1912
861 1387
861 1388
861 998
862 2760
862 2067
862 1388
862 1580
863 1908
863 1739
863 2758
863 1378
863 1576
863 1904
864 2528
864 1190
864 1189
864 1910
864 1024
864 1384
864 1389
865 2071
865 2069
865 1587
866 1024
866 1586
866 1582
866 1384
866 2072
866 1381
866 1604
866 1040
866 1913
867 2239
867 1195
867 1026
867 2767
868 2075
868 2073
868 1913
868 1584
868 1194
868 1744
868 2070
869 1749
869 2411
869 1589
869 2770
870 1917
870 1028
870 1027
870 2412
870 1588
871 2239
871 1590
871 1026
872 1199
872 1395
874 1400
874 2776
874 1034
874 1033
874 1923
874 1922
874 2083
875 1033
875 2244
876 1207
876 1188
876 2228
876 2420
876 2527
876 1597
877 2782
877 2783
877 2537
877 1598
877 1208
877 1209
878 1753
878 1603
878 1752
878 1210
878 1212
878 2787
878 1600
878 1599
879 2254
879 2255
879 1590
879 2794
879 2090
879 1408
879 2089
880 1934
881 2091
881 2543
881 1761
882 1764
882 885
882 2432
882 1767
883 2257
883 2544
883 1935
883 884
884 2258
884 1935
885 1767
885 1764
886 1770
886 1769
886 1044
886 2092
886 2093
886 1221
886 1220
887 1938
887 2548
887 1215
887 1219
888 1224
888 1433
888 1609
888 1963
888 1940
888 2550
889 2265
889 1611
889 1942
889 891
890 1052
890 891
890 1232
890 1611
891 1942
891 1611
892 1616
892 1776
892 1231
892 2100
892 2436
892 1943
892 1945
893 2268
893 2439
893 1947
893 1053
893 2103
893 2102
894 1778
894 2440
894 2441
894 2270
894 1949
894 1947
895 1236
895 1235
895 1777
895 2559
895 897
895 898
896 2104
896 915
896 1639
896 1779
896 2271
897 898
897 1053
897 1235
897 1778
897 2559
898 2438
898 2559
899 2107
899 1419
899 1055
899 1617
900 2276
900 1424
900 1425
900 1955
900 1057
900 2442
901 2572
902 2445
902 1062
902 1427
903 2447
903 1621
903 2575
903 1788
904 1456
904 1069
904 1066
905 1434
905 2451
905 1966
905 2113
906 1964
906 2449
907 1078
907 1436
908 1968
908 1071
908 1072
908 1248
908 910
908 2114
908 2583
908 2286
908 2287
908 2284
909 1249
909 1432
910 2287
910 1071
910 1249
910 2284
912 2291
913 1795
913 2556
913 2586
913 2119
913 1969
914 1799
914 2470
914 2123
914 2592
914 1447
915 1639
915 1779
915 1972
915 2456
916 1264
916 1797
916 1421
916 1806
917 1259
917 1265
917 1972
917 2297
917 2294
917 2456
917 2455
918 2599
918 2597
918 1805
918 2299
918 2124
918 1084
918 1642
918 1450
919 1977
919 1976
919 1082
919 1268
919 1804
920 2596
920 1976
921 1808
921 1807
921 922
921 2304
921 1271
922 1979
922 1643
922 1808
922 1271
922 1807
923 1809
923 2129
924 1648
924 1274
924 1454
924 1983
925 1811
925 2132
925 2130
925 943
925 2608
926 1066
926 1276
926 2310
926 2134
927 2134
927 1277
927 1278
927 1456
928 1089
929 930
929 931
929 1652
929 2136
930 1652
930 2464
930 932
930 2136
931 1459
931 932
931 1652
932 1652
932 1818
932 2612
932 1459
933 2136
933 2611
934 2616
934 1654
934 2316
934 935
934 1653
935 1654
935 2465
936 1282
936 2314
937 1987
937 1986
937 2315
938 1659
938 2322
938 1655
938 956
938 1288
938 2318
938 2143
938 1096
939 955
939 1100
939 1101
939 2149
939 2151
939 2152
940 2624
940 1475
940 2329
940 1109
941 2629
941 2627
941 1298
941 1829
942 2478
942 1672
943 2130
943 1651
944 1488
944 1834
944 1301
944 2336
944 1303
945 1675
945 1117
945 2165
946 2641
946 2004
947 1677
947 1494
948 1305
948 2366
948 1496
949 1676
949 2006
949 2644
949 1837
949 1841
949 1120
950 951
950 1679
950 2171
950 1308
951 1499
951 2170
951 1682
951 1122
951 2648
951 2647
952 2651
952 2009
952 2174
952 2178
952 2179
952 1847
953 957
953 1848
953 1503
953 2659
953 1688
953 2343
954 1124
954 1659
954 2342
954 1500
954 956
955 1313
955 2152
955 2151
955 2010
955 1467
956 1655
956 1124
956 1685
956 2143
956 1500
956 2322
956 2342
956 1659
957 2034
957 1688
957 1870
957 2659
957 2343
957 1848
957 1503
958 2662
958 1691
958 2657
958 1507
958 2486
959 1505
959 1129
959 2344
959 2348
959 1850
960 2660
960 2182
960 2184
960 1317
960 1315
960 1852
960 2488
961 2661
961 1692
961 962
962 2186
962 2187
962 2661
962 2662
962 1693
962 963
963 1691
963 2662
963 1693
963 2187
963 2186
964 2014
964 2353
964 2351
964 1131
964 2352
964 1512
965 2354
965 2666
966 1132
966 1319
966 2017
967 1320
967 1515
967 1514
967 1136
968 2671
968 1324
969 1142
969 2678
969 1144
969 2025
969 1701
970 1700
970 1145
970 1525
970 2498
970 2680
970 2500
971 2024
971 1521
971 1859
971 1523
972 2198
972 2690
972 1147
972 2028
972 1868
973 2196
973 1862
973 1863
973 1526
973 1330
973 974
973 2029
974 1703
974 2368
974 1526
974 2029
974 1861
974 1863
975 1705
975 2195
976 1529
976 2694
976 2036
976 1706
976 1707
977 2503
977 1149
977 1535
977 1536
978 2033
978 2035
978 1869
978 1870
978 2691
978 1152
978 1528
979 1339
980 1711
980 2370
981 1872
981 1318
982 1340
983 1537
983 1713
983 1342
984 2043
984 2380
985 2379
985 1715
985 1344
986 1349
986 2204
987 988
987 993
987 1355
987 1546
987 1547
987 1169
988 1355
988 993
988 991
988 2047
988 2382
988 1547
988 1546
989 1546
989 1718
989 1547
989 2382
989 2206
989 2384
990 1879
990 1717
990 992
990 1348
991 1354
991 1350
991 2383
991 1880
991 995
991 2047
992 2711
992 1879
992 1550
992 2387
992 1352
993 1169
993 1883
993 1355
994 1885
994 1884
994 1359
994 1722
994 1720
994 997
994 2717
994 2715
995 1356
995 1170
995 2047
995 2719
995 1882
995 1883
995 1880
995 1354
996 2388
996 2049
996 1886
996 1001
996 1556
996 2720
996 1552
997 1885
997 2210
997 2212
997 2514
997 1720
997 1359
997 2715
997 2717
998 2389
998 1382
998 1556
999 1554
999 1168
999 2716
999 1356
999 2050
1000 2718
1000 1553
1000 2720
1000 1358
1000 2054
1000 1001
1001 1553
1001 2720
1001 1886
1002 1003
1002 1156
1002 2390
1002 2032
1003 1891
1003 1156
1003 2390
1003 1004
1004 1723
1004 1005
1004 1362
1004 1891
1004 2207
1005 1723
1005 2207
1005 1891
1005 1362
1005 1722
1006 1174
1006 1730
1007 1893
1007 2055
1007 2393
1007 1363
1007 1360
1007 1712
1007 2728
1008 2399
1008 2216
1008 1365
1008 1559
1008 1724
1008 1893
1009 2221
1010 2060
1010 2521
1011 2402
1011 1897
1012 1371
1012 2081
1012 1736
1012 2082
1012 1899
1012 1031
1012 2742
1013 1737
1013 1567
1013 1183
1014 1568
1014 1374
1014 2063
1014 1185
1015 1901
1015 1900
1015 2747
1015 1183
1015 1567
1016 2748
1017 1901
1017 2224
1017 2064
1017 1372
1019 1571
1020 2405
1020 2526
1020 1575
1021 1574
1021 1549
1021 1907
1021 2714
1022 2232
1022 2231
1022 1911
1022 2763
1022 2234
1022 2233
1022 2529
1022 1385
1022 1581
1023 1389
1023 1745
1023 2074
1023 1193
1023 1909
1024 1194
1024 2766
1024 1586
1024 1384
1024 1910
1024 1582
1024 1745
1024 2072
1025 1391
1025 2076
1025 1914
1025 1583
1025 1743
1025 2765
1025 2071
1025 2410
1025 1390
1026 2767
1026 2239
1026 1195
1027 1588
1028 1917
1028 2412
1029 1915
1029 1917
1029 2238
1031 1595
1031 2081
1031 2082
1031 2242
1032 2774
1032 1594
1032 2241
1032 1399
1033 2244
1033 1922
1033 1400
1034 2243
1034 1401
1034 2536
1034 1923
1034 1922
1034 2084
1034 2776
1035 1596
1035 2245
1036 2249
1036 2248
1036 2780
1036 2085
1037 1926
1037 2087
1037 1404
1037 1924
1037 2789
1037 1039
1037 2788
1038 1928
1038 2785
1038 1212
1038 2784
1038 2233
1038 1210
1038 2086
1038 2408
1038 1581
1039 1924
1039 1601
1039 2788
1039 1926
1039 2789
1039 2781
1039 2087
1039 1404
1040 1604
1040 1752
1040 1599
1040 2088
1040 1214
1041 2252
1041 1042
1041 1757
1041 1930
1041 1405
1042 1405
1042 1757
1042 2252
1042 1930
1043 2252
1043 1757
1043 1755
1043 1930
1044 1770
1044 1221
1044 2093
1044 2092
1044 1769
1045 1771
1046 1413
1046 1223
1046 1939
1047 1417
1047 1630
1047 1254
1047 2578
1047 2435
1048 2263
1048 1774
1049 1417
1049 1774
1049 2553
1049 2435
1050 1943
1050 1230
1050 1948
1051 1775
1051 2554
1051 1613
1052 1613
1053 1237
1053 1617
1053 2103
1054 2557
1054 1614
1054 1615
1055 1617
1055 2107
1055 1419
1056 1782
1056 1057
1056 1238
1056 2562
1057 2443
1057 2273
1057 1781
1057 1782
1057 1425
1057 1238
1057 1239
1058 1061
1058 1786
1058 1956
1058 2567
1059 2568
1059 2444
1059 2109
1060 1453
1060 1620
1060 2306
1061 2573
1061 2567
1061 1786
1061 2444
1062 1428
1062 1427
1063 2279
1063 2575
1063 1645
1064 1623
1065 1965
1065 1430
1065 1435
1066 2134
1066 1791
1066 1276
1066 2310
1067 1431
1067 1623
1068 2283
1069 2112
1069 1246
1069 2448
1069 1814
1069 1456
1069 1625
1070 1963
1070 2577
1070 1433
1070 2453
1070 1627
1071 1628
1071 1249
1071 2284
1071 1250
1071 1248
1071 2114
1072 2585
1072 1248
1072 2114
1072 2312
1072 2286
1073 2116
1073 1439
1073 1253
1074 1257
1074 1635
1074 1634
1074 1438
1074 2580
1074 1254
1075 1796
1075 1794
1075 2587
1075 1443
1076 1971
1076 1444
1076 2117
1076 1636
1076 2290
1076 2118
1076 2588
1077 2292
1077 2119
1077 1443
1077 1441
1077 1796
1078 1444
1078 1442
1078 1436
1078 1637
1078 1656
1079 1638
1079 1420
1079 1259
1079 2293
1079 2295
1079 1236
1079 1972
1079 2121
1080 1262
1080 2126
1080 2595
1080 1081
1080 1083
1081 1083
1081 2126
1081 2457
1082 1268
1082 2124
1082 1804
1082 1977
1082 1642
1082 2300
1083 2454
1083 2126
1083 1262
1083 2457
1084 1450
1084 2124
1084 2127
1084 2299
1084 1805
1085 1086
1085 2303
1085 1807
1085 1271
1085 1981
1086 1807
1086 2305
1086 1981
1086 1644
1087 2461
1087 1980
1088 1273
1088 1479
1088 1982
1088 2333
1088 2308
1088 1272
1090 1457
1090 2163
1090 1816
1091 2613
1091 1459
1092 1281
1092 2138
1093 2643
1093 2137
1093 1987
1093 2315
1093 1282
1093 2167
1094 1657
1094 2618
1094 1285
1094 1462
1094 1461
1094 2144
1095 1096
1095 1286
1095 1989
1095 1658
1095 1288
1096 2622
1096 2145
1096 1288
1096 2318
1096 2143
1097 1286
1097 1988
1097 2139
1097 1121
1098 2140
1098 1657
1098 2145
1098 1288
1099 1465
1099 1291
1099 2321
1099 2147
1100 2484
1100 2328
1100 2149
1101 2146
1101 2473
1101 1103
1101 2149
1101 2151
1101 1292
1102 2621
1102 1469
1102 1824
1102 1661
1102 1992
1102 1990
1103 2146
1103 1292
1103 2323
1103 2153
1103 1991
1104 2623
1104 2157
1104 2156
1104 2474
1104 1472
1104 1470
1104 1664
1105 1978
1105 1663
1105 2475
1105 2325
1105 2459
1105 1270
1106 2155
1106 2154
1106 1107
1106 1666
1106 1665
1107 2155
1107 1108
1108 2630
1108 1111
1108 2486
1108 2155
1108 1507
1109 1110
1109 2329
1109 2624
1109 2160
1110 2157
1110 2156
1110 1826
1110 2160
1111 1996
1111 1830
1111 1692
1111 2630
1111 2628
1112 2604
1112 1671
1112 1481
1113 2335
1113 2634
1114 1485
1114 1832
1115 2356
1116 1985
1116 2165
1116 2164
1117 2613
1117 1675
1117 1820
1117 2639
1118 1119
1118 1683
1118 1681
1118 2172
1118 1839
1119 1839
1119 2167
1119 1681
1120 2481
1120 1841
1121 2008
1121 2646
1121 1988
1122 1682
1122 1685
1122 2647
1122 1499
1122 1845
1122 2170
1123 2177
1123 1684
1123 2484
1124 1500
1124 1499
1124 2342
1124 1655
1124 2322
1124 1659
1124 1685
1125 2175
1125 2183
1125 1310
1125 1687
1126 2341
1126 1680
1126 1846
1127 2011
1127 1703
1127 1704
1127 1861
1127 1502
1127 2485
1127 2368
1128 2487
1128 2346
1128 2653
1128 1297
1128 1471
1129 2655
1129 2345
1129 2346
1129 2489
1129 2658
1130 2013
1130 1509
1130 1317
1130 1852
1131 2353
1131 1512
1133 2016
1134 2191
1134 1158
1134 2495
1134 2697
1134 2201
1135 2362
1135 1321
1135 2670
1135 2018
1136 1514
1136 2018
1136 1320
1137 1518
1137 1516
1138 1326
1139 1326
1139 1520
1139 1699
1140 2023
1141 2365
1141 2496
1142 2025
1142 1700
1142 1701
1142 1144
1142 2678
1143 2682
1143 2499
1143 2026
1144 2678
1144 2498
1144 1498
1144 2025
1145 1329
1145 1525
1145 2499
1145 2500
1145 2680
1146 1867
1146 2687
1146 1527
1146 2028
1146 2194
1146 2030
1146 1148
1146 2686
1147 1721
1147 2690
1147 1868
1147 1531
1147 1532
1147 1533
1147 2211
1147 1333
1147 2721
1148 2194
1148 2030
1148 1527
1148 1526
1148 2686
1148 2687
1149 2503
1149 1154
1149 1535
1150 2694
1150 1710
1150 1709
1150 2375
1150 1333
1150 1533
1150 1529
1151 1708
1151 1335
1151 2373
1151 1153
1151 2374
1151 1155
1152 1869
1152 2691
1152 1154
1152 1528
1152 2035
1153 1708
1153 1726
1153 1530
1153 1871
1153 1712
1153 2504
1153 1155
1154 2184
1154 1528
1155 2504
1155 1530
1155 1871
1155 2371
1155 1708
1156 1531
1156 2032
1156 1710
1156 2390
1156 2696
1157 2505
1157 2037
1158 2191
1158 2697
1158 1538
1158 2201
1159 2699
1160 2202
1160 2041
1161 2701
1161 1541
1161 2509
1162 2381
1162 2709
1163 1877
1163 1876
1163 1543
1163 1717
1164 2510
1164 2203
1164 1856
1164 2381
1165 1542
1165 1875
1166 1343
1166 2704
1167 1351
1167 1350
1167 1881
1167 2046
1167 1551
1167 2712
1168 2515
1168 2716
1168 1334
1168 1554
1168 2031
1169 1883
1169 1355
1170 1555
1170 1882
1170 1351
1170 1354
1170 2719
1170 2386
1171 1727
1171 1889
1171 2532
1171 1175
1172 2213
1172 1725
1172 2053
1172 2723
1172 2724
1172 2726
1172 2391
1173 1176
1173 2215
1173 2394
1173 2052
1174 1364
1174 1730
1174 1558
1174 2516
1174 2727
1174 2391
1174 2392
1174 1888
1175 1585
1175 2532
1175 1727
1176 2052
1176 2394
1176 2215
1176 2396
1177 1733
1177 1566
1178 1565
1178 1734
1179 1180
1180 1898
1180 1896
1181 1565
1181 2223
1182 1897
1183 2747
1183 2227
1183 1900
1183 1567
1184 2744
1184 2225
1184 2401
1184 2522
1185 2084
1185 1374
1186 1569
1186 2707
1186 1187
1187 1569
1187 2707
1188 2228
1188 1905
1188 1376
1188 2247
1188 1207
1189 2528
1189 1190
1189 2232
1189 1910
1189 1389
1189 2762
1189 1384
1189 2761
1190 1582
1190 2761
1190 1381
1190 2762
1190 2529
1190 2528
1190 1384
1190 2232
1190 2072
1190 2231
1190 1910
1191 2234
1191 1380
1191 1911
1191 2068
1191 2764
1191 1385
1191 1580
1191 1581
1192 2237
1192 1918
1192 1391
1192 2531
1192 2077
1192 1393
1193 1909
1193 2532
1193 1727
1193 1742
1193 1383
1194 1586
1194 2236
1194 2766
1194 1587
1194 2074
1194 2073
1195 2250
1195 1758
1195 2239
1195 2540
1195 2767
1196 1748
1196 1747
1196 1916
1196 1393
1197 2534
1197 1396
1197 1395
1197 2240
1198 2413
1198 1396
1199 1395
1200 2080
1200 1201
1201 2771
1202 1920
1203 2773
1203 2242
1203 2224
1203 1372
1204 2777
1205 1206
1205 2418
1205 1403
1206 2417
1207 2247
1207 2419
1207 2420
1208 1209
1208 2783
1208 2782
1208 1598
1208 1925
1208 2537
1209 2783
1209 2782
1209 1598
1210 2408
1210 2785
1210 1753
1210 1752
1210 1928
1210 1212
1210 2086
1210 1603
1210 2784
1211 1600
1211 1406
1211 2791
1211 2792
1211 2422
1212 1603
1212 2408
1212 1928
1212 2784
1212 2787
1212 2785
1212 2086
1212 1753
1212 1752
1212 1599
1213 2253
1213 1756
1213 1755
1213 2424
1213 2793
1214 2424
1214 2088
1214 2790
1214 1406
1214 2423
1214 2422
1215 1411
1215 1217
1215 2259
1215 1938
1216 1763
1216 2430
1216 1937
1217 1938
1217 2259
1217 1766
1217 1219
1218 2258
1218 2091
1219 2548
1219 2549
1219 1938
1220 2093
1220 2092
1220 1222
1220 1221
1220 1941
1220 2261
1220 1770
1221 1770
1221 2092
1221 2093
1221 1769
1221 2261
1222 1941
1223 1226
1223 2262
1224 1609
1224 1939
1224 2550
1224 1413
1226 2262
1227 1414
1227 1416
1227 2095
1227 2096
1227 1772
1228 2097
1229 1232
1230 1946
1230 2267
1230 1418
1230 1234
1231 2436
1231 2555
1231 1945
1231 1776
1232 2437
1232 1611
1233 1234
1233 1945
1233 2100
1234 2267
1234 2266
1234 1946
1235 2440
1235 1236
1235 1777
1235 1778
1235 1950
1236 2560
1236 2293
1236 1950
1236 1638
1236 1421
1236 1420
1236 1777
1237 2103
1237 1419
1237 1617
1238 2273
1238 2443
1238 1781
1238 1954
1238 1782
1238 2562
1238 1239
1239 2443
1239 2273
1239 1781
1239 1782
1240 1423
1240 1951
1240 2564
1240 2563
1241 1785
1241 1243
1241 2569
1242 2108
1242 1957
1243 1785
1243 2570
1243 1980
1244 2111
1244 1790
1245 1793
1245 1965
1245 2576
1245 2281
1246 2448
1246 1429
1246 2112
1247 2282
1247 1625
1247 1961
1248 2114
1248 1250
1248 2284
1249 1628
1249 1432
1249 2284
1250 2114
1250 2452
1251 1964
1252 1255
1252 2581
1252 2288
1253 1440
1253 2584
1254 2578
1254 2115
1254 2580
1254 1630
1255 2288
1255 1629
1255 2581
1255 1439
1256 1258
1256 2289
1257 1635
1257 1636
1257 1634
1257 1438
1258 2289
1258 2120
1259 2121
1259 2295
1259 1263
1259 2456
1259 1972
1259 1638
1260 1266
1260 1801
1260 1803
1260 1802
1260 2591
1260 2594
1261 1640
1261 2593
1261 2298
1261 1974
1261 1973
1261 1289
1261 2320
1261 1447
1261 2123
1262 2126
1262 2454
1262 1797
1263 2294
1263 1798
1263 2296
1263 2589
1263 1265
1264 1421
1264 2293
1264 2560
1264 1797
1265 2455
1265 2590
1265 2296
1265 2294
1266 2594
1266 2591
1266 1803
1266 1802
1266 1799
1266 1801
1267 2272
1267 2105
1267 2595
1268 1804
1268 1642
1268 2124
1268 2300
1268 1977
1269 2458
1269 1641
1269 1449
1269 2600
1269 1446
1269 2598
1269 1800
1269 1270
1269 1978
1270 1662
1270 1800
1270 2458
1270 2598
1270 2459
1270 1641
1270 1449
1270 1978
1271 1807
1271 1808
1271 2461
1272 2129
1272 1982
1272 1479
1272 2308
1272 1273
1273 1982
1273 1998
1273 2308
1274 1983
1274 2606
1274 1454
1274 2605
1275 1455
1275 2131
1275 2605
1276 2134
1276 2310
1276 1791
1277 1815
1277 1649
1277 1278
1278 2609
1279 1822
1280 2467
1280 1281
1280 2138
1281 1460
1281 2138
1282 2137
1282 2315
1282 2465
1283 2617
1283 1284
1283 1821
1283 1822
1283 1819
1284 2467
1284 1822
1284 1821
1284 2617
1285 2618
1285 2144
1285 2317
1285 2469
1286 1658
1286 2619
1286 2139
1287 1462
1288 2145
1288 1989
1288 2318
1289 2320
1289 2123
1289 2471
1289 1974
1290 1469
1290 1661
1290 1468
1290 1467
1290 1659
1290 2622
1290 2150
1290 2148
1291 1990
1291 1465
1291 2147
1291 2321
1292 2146
1292 1991
1292 2153
1292 2323
1293 1464
1293 2472
1293 1662
1293 1660
1293 1994
1294 2324
1294 1825
1294 1995
1294 1667
1294 2158
1294 2159
1294 1473
1295 1472
1295 2475
1295 1470
1295 1663
1295 1993
1295 2325
1295 2623
1296 1827
1296 2327
1296 2154
1296 1666
1296 1665
1296 1664
1297 2653
1297 1827
1297 1667
1297 1471
1298 1829
1299 2631
1299 2632
1299 2334
1299 1999
1299 1670
1300 1810
1300 2162
1301 2336
1301 1834
1301 1303
1301 1488
1301 1489
1303 1488
1303 1834
1303 2668
1304 2192
1304 2005
1306 2169
1306 1677
1306 1678
1306 1494
1307 2168
1307 1838
1307 1676
1307 1497
1308 1840
1308 2480
1308 1842
1308 2171
1309 1844
1309 2173
1309 1680
1309 2650
1309 1498
1310 2175
1310 2179
1310 2652
1310 1687
1310 1312
1311 1502
1311 1846
1311 2180
1312 1502
1312 2652
1312 2485
1313 2152
1313 2009
1313 1686
1313 2010
1313 1467
1314 1851
1314 1316
1314 1689
1314 2654
1314 2653
1314 1684
1314 2328
1315 2182
1315 2184
1315 2488
1316 1851
1316 1684
1316 1689
1316 2654
1317 2488
1317 1852
1317 1509
1317 2013
1317 2182
1318 1872
1319 2355
1319 2667
1319 2017
1320 2018
1320 1514
1321 1854
1321 2018
1322 2019
1322 1517
1322 1323
1323 2005
1324 2671
1324 2672
1324 2192
1324 2019
1324 2005
1325 1699
1325 1520
1325 1496
1325 2022
1326 2673
1327 1521
1327 2679
1328 2681
1328 1521
1328 1522
1328 1523
1328 1859
1328 1858
1329 1865
1329 2500
1329 1702
1329 2501
1329 2685
1329 1525
1329 2369
1329 1866
1330 1526
1330 1865
1330 1866
1330 2685
1330 1863
1330 2029
1331 2502
1331 2028
1331 1334
1331 2689
1331 2688
1331 2194
1331 2198
1331 2367
1332 2176
1332 1844
1332 1862
1332 1504
1332 2196
1333 1709
1333 1531
1333 1533
1333 2375
1333 1532
1333 1868
1333 1867
1333 2694
1334 2515
1334 1884
1334 2198
1334 2688
1334 2031
1334 2689
1335 2693
1335 1708
1335 2374
1335 2695
1336 2034
1336 2692
1336 1870
1336 2035
1337 1711
1337 1534
1337 2038
1338 2200
1338 1339
1338 1712
1339 2200
1340 2506
1340 2039
1340 1341
1341 2506
1341 1537
1342 1539
1342 1537
1344 2379
1345 2523
1345 2226
1346 2703
1347 2379
1348 1717
1348 1879
1349 2204
1350 1351
1350 2383
1350 1545
1351 2386
1351 1354
1351 2713
1351 1555
1351 1881
1352 2711
1352 2205
1352 2513
1352 2710
1353 1698
1353 2708
1353 1524
1353 2027
1353 1718
1354 2386
1354 2713
1354 1880
1354 2719
1354 1555
1355 2683
1355 1860
1355 2382
1355 1547
1355 1546
1356 1887
1356 1882
1356 1883
1356 2716
1357 2051
1357 2756
1357 2530
1358 2054
1358 2718
1358 1723
1358 1553
1358 1361
1358 2725
1358 2722
1359 2715
1359 2717
1359 1885
1359 1884
1359 1720
1360 2396
1360 1363
1360 1893
1360 2055
1360 2728
1360 2393
1360 1726
1361 2725
1361 2722
1361 1553
1361 2054
1362 1722
1362 1721
1362 2211
1362 1891
1362 2207
1362 1532
1362 2721
1363 2517
1363 2055
1363 2393
1363 2396
1363 1726
1364 1725
1364 2391
1364 2724
1364 1888
1364 2052
1364 2516
1364 1558
1364 2727
1365 1559
1365 2216
1365 2733
1365 2732
1366 1560
1366 2731
1366 1367
1366 2217
1367 1560
1367 2518
1368 2218
1368 2219
1368 2220
1368 1894
1369 2740
1369 2062
1370 1896
1371 1736
1371 2081
1371 1899
1371 2082
1371 2742
1372 2224
1373 2746
1373 2745
1373 1567
1374 2227
1374 2063
1374 1568
1375 1571
1375 2065
1376 2228
1376 2229
1376 1905
1376 1380
1376 2755
1376 1579
1377 1906
1377 2407
1377 2751
1378 1739
1378 2229
1378 1904
1378 1908
1378 1577
1378 1576
1379 2754
1379 1572
1380 2755
1380 2068
1380 2764
1380 1905
1381 2072
1381 1753
1381 1752
1381 1384
1381 2762
1381 1604
1381 1582
1382 1741
1382 2066
1382 1388
1382 2409
1383 2532
1383 1727
1383 1386
1383 1742
1383 1889
1384 2762
1384 1910
1384 2072
1384 2528
1384 1582
1384 1586
1385 2763
1385 1911
1385 2068
1385 2234
1385 2233
1385 1581
1385 1580
1385 2764
1386 1742
1386 2757
1387 1909
1387 2757
1388 1912
1388 2067
1388 2066
1388 1741
1389 1909
1389 1745
1389 1910
1390 2392
1390 1557
1390 1914
1390 2397
1390 2533
1390 1890
1391 2076
1391 2071
1391 1914
1391 1583
1391 2531
1392 2768
1392 2075
1392 1584
1392 2070
1392 2253
1392 2235
1393 2237
1393 2077
1393 1918
1394 1732
1394 2739
1394 1919
1394 1592
1395 1593
1395 2534
1396 2240
1397 2079
1397 2415
1399 1595
1399 2241
1400 1922
1400 2083
1400 2776
1400 1923
1401 2778
1401 2536
1401 1751
1401 2776
1401 2243
1401 1922
1401 1923
1402 1596
1402 2779
1402 1750
1403 2779
1403 2418
1403 2246
1404 2087
1404 2789
1404 2788
1404 1601
1404 2421
1404 1929
1404 1926
1404 1924
1405 1930
1405 1757
1405 2252
1406 2790
1406 1600
1406 1599
1406 2791
1406 2422
1407 2090
1407 2795
1407 2796
1407 1408
1407 1409
1408 1590
1408 2795
1408 2089
1408 2255
1408 2254
1408 2090
1409 2251
1410 1934
1411 2259
1411 1767
1412 2547
1412 2260
1412 2431
1413 2550
1413 1939
1413 1609
1414 2264
1414 2095
1414 1416
1415 2434
1415 2097
1416 2096
1416 2095
1417 2435
1418 1795
1418 2267
1418 2586
1418 1946
1418 2556
1419 2107
1419 1617
1420 1638
1420 1777
1420 1950
1420 2295
1420 2121
1420 2293
1421 2293
1421 2560
1421 1638
1422 2442
1422 2106
1422 1976
1423 2563
1423 2564
1424 2571
1424 2442
1424 1425
1425 2442
1425 2276
1425 1955
1427 2445
1427 1958
1428 2446
1429 2112
1429 1625
1430 2449
1430 2285
1431 1623
1431 1960
1432 2577
1432 1628
1433 1627
1433 2577
1433 1940
1433 1963
1433 1962
1434 1966
1434 2451
1435 2450
1435 2113
1435 1965
1436 2614
1436 1440
1437 2579
1438 1630
1438 1631
1438 1633
1438 2580
1438 1635
1438 1636
1439 2582
1439 2581
1439 1629
1440 2584
1440 1967
1441 1796
1441 1443
1441 2289
1441 2291
1441 2292
1442 1656
1442 1444
1442 1637
1443 2292
1443 2587
1443 1796
1444 1971
1444 2290
1444 2117
1444 1637
1445 1446
1445 1975
1445 1640
1445 1973
1445 2460
1446 2598
1446 2460
1446 1973
1446 1800
1446 2122
1446 1449
1447 2123
1447 2593
1447 2298
1447 1974
1447 1640
1447 2320
1447 2592
1448 2599
1448 2125
1448 1450
1448 1472
1448 2127
1448 2299
1449 2122
1449 2460
1449 2598
1449 1800
1449 1641
1450 2597
1450 2299
1450 2599
1450 1805
1451 2127
1451 2602
1451 1668
1451 2125
1452 2601
1453 2306
1453 2307
1453 1620
1454 1648
1454 1983
1454 2606
1454 2133
1455 2131
1455 1646
1456 1813
1456 1814
1457 2311
1457 2610
1457 1816
1457 2163
1458 2312
1458 2313
1458 2135
1459 1652
1459 1818
1460 2585
1461 2144
1461 2141
1461 1463
1461 2619
1461 1657
1462 1657
1463 2620
1463 2619
1463 1658
1463 2142
1463 2141
1463 2144
1464 1660
1464 2153
1464 2472
1465 2321
1465 2147
1466 2471
1466 1990
1466 1823
1466 2470
1467 2150
1467 2152
1467 2473
1467 2148
1467 2010
1468 1661
1468 1824
1468 2622
1469 2146
1469 2621
1469 1992
1469 2473
1469 1661
1469 2148
1470 2475
1470 2623
1470 1472
1470 1993
1470 1663
1470 2325
1470 2474
1471 1827
1472 2623
1472 2474
1472 2325
1473 2159
1473 2158
1473 1825
1473 2326
1473 2153
1474 2626
1474 1996
1474 1476
1474 1830
1474 1997
1475 2624
1475 2625
1475 1669
1475 2331
1475 2330
1476 1996
1477 1998
1477 1478
1477 2332
1477 1480
1477 2161
1478 2476
1479 2161
1479 2308
1479 1982
1479 2333
1480 2000
1480 2161
1480 2332
1481 2604
1481 2633
1481 1482
1481 2162
1482 2162
1482 2477
1483 2633
1484 1673
1484 1489
1484 2001
1485 2478
1486 2337
1486 1490
1487 2338
1487 2636
1487 2637
1489 2637
1490 2166
1491 2166
1491 2642
1491 2004
1492 2642
1493 1674
1494 1678
1494 1677
1494 1495
1495 1677
1495 1678
1496 2022
1497 2172
1497 2644
1497 1676
1498 2650
1498 2173
1498 1844
1499 1845
1499 2647
1499 2648
1499 1682
1499 2170
1499 1685
1500 1659
1500 2342
1500 1685
1500 2322
1500 1655
1501 1685
1501 1845
1501 1846
1502 1703
1502 2180
1502 2485
1503 1688
1503 2343
1503 1848
1503 2659
1504 2176
1504 1862
1504 1844
1505 2349
1505 2012
1505 2344
1505 1849
1505 1850
1506 2181
1506 2182
1506 2348
1506 2347
1506 2658
1507 2486
1507 2655
1508 1693
1508 2188
1509 1511
1509 1852
1509 2013
1509 2185
1509 2488
1510 2664
1510 2350
1511 2505
1511 2013
1511 1536
1511 2185
1512 2352
1512 2351
1512 2014
1513 2190
1513 2358
1513 2669
1514 2018
1516 1518
1516 2360
1517 2019
1517 2362
1518 2495
1518 2701
1519 2361
1519 1696
1519 1855
1520 2022
1520 1699
1521 1858
1521 1523
1521 2679
1521 2681
1522 1524
1522 2681
1522 2677
1522 2496
1522 1859
1523 1859
1523 2679
1524 2708
1524 1698
1524 2677
1525 2680
1525 2500
1526 2029
1526 2686
1526 1863
1527 1706
1527 2197
1527 2687
1527 2686
1527 2684
1527 2030
1527 1864
1527 1707
1528 1869
1528 2691
1529 2199
1529 2036
1529 2372
1530 1708
1530 2370
1530 2371
1531 2696
1531 2721
1531 2375
1531 1533
1531 1532
1531 1710
1531 1709
1532 2211
1532 1533
1532 2721
1532 2696
1532 1721
1533 2694
1533 2375
1533 1710
1533 1709
1533 1868
1534 2038
1534 1711
1535 1536
1535 2503
1536 2185
1536 2503
1537 1713
1538 2191
1538 2697
1538 2201
1539 2698
1539 2377
1540 2378
1541 2701
1541 2509
1542 2204
1542 1544
1542 1875
1543 1877
1543 1876
1543 1717
1544 2045
1545 1547
1545 2710
1545 2384
1545 2383
1546 1547
1546 2683
1546 2382
1546 1860
1547 1860
1547 2382
1547 2384
1548 2513
1548 2711
1548 2709
1549 1555
1549 1574
1549 2713
1549 2714
1549 1907
1550 2387
1550 2048
1550 2511
1551 1881
1551 2512
1551 2046
1551 2712
1551 1719
1552 2208
1552 2210
1552 2388
1552 1886
1552 2720
1552 2049
1552 2050
1553 1723
1553 2054
1553 2725
1553 2718
1554 2031
1554 2716
1554 2515
1555 2386
1555 2719
1555 2713
1556 2051
1556 2389
1556 2049
1556 2388
1556 1886
1557 2392
1557 2727
1557 1730
1557 1888
1557 2533
1558 1888
1558 2214
1558 2391
1558 1724
1558 2516
1558 2052
1559 2216
1559 2399
1559 2733
1559 2732
1560 2518
1561 2238
1561 1562
1561 1730
1561 1915
1562 2238
1562 1915
1563 1564
1563 2058
1563 2737
1563 2738
1563 1729
1564 2736
1564 2737
1564 1729
1565 2223
1565 1734
1565 1735
1566 1895
1567 2746
1567 2747
1567 1900
1567 2745
1568 2063
1568 2227
1569 2749
1570 2406
1570 1903
1572 1738
1572 2753
1572 2754
1573 2065
1574 2714
1574 1907
1575 2405
1575 2526
1576 2758
1576 1904
1576 1739
1576 1908
1576 1577
1577 1739
1577 1904
1577 2753
1577 2229
1577 1579
1577 1578
1578 2753
1578 1739
1578 2407
1578 1906
1579 2229
1579 2228
1580 2068
1580 2067
1580 2760
1580 2234
1580 1911
1580 1908
1581 2763
1581 2233
1581 2234
1581 2538
1581 2068
1581 2764
1581 1911
1582 2072
1582 1913
1582 1586
1582 1604
1583 1585
1583 1743
1583 2071
1583 2076
1583 2765
1583 2410
1583 1914
1584 2235
1584 2070
1584 2075
1584 2768
1585 1743
1585 2765
1586 2766
1586 1913
1586 2072
1586 1910
1587 2071
1587 2236
1587 2074
1587 2069
1588 2412
1589 1749
1589 1746
1589 2411
1589 2089
1589 2794
1589 2770
1590 2255
1590 2254
1590 2795
1591 2078
1591 2769
1591 1916
1591 1747
1592 2739
1592 1919
1592 1732
1593 1919
1593 2534
1594 2774
1594 2241
1595 2242
1595 1921
1596 2245
1597 2527
1597 2420
1597 2249
1598 2782
1598 2783
1599 2787
1599 1752
1599 1753
1599 2790
1599 2791
1599 1600
1599 1603
1599 1604
1600 2792
1600 2791
1600 2790
1600 2422
1601 1929
1601 1926
1601 1924
1601 2087
1601 2788
1601 2781
1602 2421
1602 1927
1602 1929
1603 1754
1603 1928
1603 1752
1603 1753
1603 2086
1603 2785
1603 2784
1603 2787
1604 1752
1605 2428
1605 2429
1605 1932
1606 1765
1606 2544
1606 2257
1606 1766
1609 2550
1609 1940
1609 1939
1610 1942
1610 2552
1611 2552
1611 1942
1612 1944
1612 1613
1612 2099
1613 2099
1613 2554
1614 1616
1614 1615
1614 2101
1614 2557
1615 2557
1615 2269
1616 2436
1616 1943
1616 2558
1616 2101
1617 2107
1617 2103
1618 2272
1618 2274
1618 2105
1618 1784
1618 2564
1619 2565
1619 2566
1620 2306
1621 2277
1621 2447
1621 1788
1622 2111
1622 2110
1622 1790
1622 1789
1624 2283
1625 1961
1625 2112
1626 1771
1627 1963
1627 1940
1628 2453
1629 1630
1629 1633
1629 2115
1629 2581
1629 2582
1630 2580
1630 2578
1630 2115
1630 1633
1631 1967
1631 2117
1631 1636
1631 1633
1632 2578
1632 2115
1633 2582
1633 1636
1634 1635
1636 2290
1636 2117
1636 2588
1637 1971
1638 2295
1638 2293
1638 2121
1638 1972
1639 1779
1639 1972
1639 2456
1640 2593
1640 2296
1640 2298
1640 1973
1640 1974
1641 2458
1641 2598
1641 2460
1641 1978
1642 2124
1642 1977
1642 1805
1642 2300
1644 1981
1644 2128
1645 2310
1647 1813
1648 2133
1648 1815
1649 2311
1649 2133
1649 1815
1650 1816
1650 1984
1651 2610
1651 2463
1651 2462
1651 2130
1652 2464
1652 1818
1652 2612
1653 2615
1654 2616
1654 2316
1655 2645
1655 2318
1655 2322
1655 1659
1655 2143
1656 2468
1657 2144
1658 2139
1658 2619
1658 2620
1658 1989
1659 2322
1659 2143
1659 2342
1660 1994
1660 2153
1660 2326
1660 2472
1661 1992
1661 2148
1661 2150
1661 2621
1661 1824
1662 2598
1662 2122
1662 1800
1662 1994
1662 2600
1663 1994
1663 1993
1663 2475
1663 2325
1664 2474
1664 1665
1664 2157
1664 1826
1664 2154
1665 1666
1665 2154
1666 2155
1666 2154
1666 1827
1667 1827
1667 2159
1667 2324
1668 2160
1668 2602
1668 2156
1668 2329
1669 2330
1669 2625
1669 1828
1669 2331
1670 2631
1670 2334
1670 2632
1670 1999
1672 1831
1672 2162
1672 2477
1674 2339
1675 1820
1675 2639
1676 1837
1676 2644
1677 1678
1677 2169
1678 2169
1679 2340
1680 2341
1680 2650
1680 2482
1680 2173
1681 2340
1681 2008
1681 1839
1681 2646
1681 1683
1682 2170
1682 1845
1682 2647
1682 2648
1683 2172
1683 1839
1683 2340
1684 2484
1684 1851
1684 2328
1685 2647
1685 2342
1685 1845
1686 1847
1686 2179
1686 2177
1687 2175
1687 2177
1687 2179
1687 2178
1687 1847
1688 1870
1688 2343
1688 2659
1689 1851
1689 2656
1689 2654
1689 2653
1690 2491
1690 1694
1691 2187
1691 2186
1691 2181
1691 2662
1691 2347
1691 2657
1692 1996
1692 2661
1693 2187
1693 2186
1694 2014
1695 2015
1695 2494
1696 2361
1696 2193
1697 2364
1697 2020
1698 2677
1698 2708
1698 2203
1699 2673
1700 2498
1700 1701
1701 2025
1701 2678
1702 2500
1702 2501
1702 1866
1702 2685
1702 2369
1703 2368
1703 2485
1703 1861
1704 1861
1704 2011
1704 2485
1704 1848
1704 2343
1705 2367
1705 2195
1705 2031
1705 2502
1706 2036
1706 2197
1706 2684
1706 2034
1706 1707
1706 1864
1707 2197
1707 2036
1707 1864
1707 2684
1708 2371
1708 2370
1708 2374
1709 2696
1709 2694
1709 1710
1709 2375
1710 2032
1710 2696
1710 2695
1710 2375
1711 2038
1712 2728
1712 1871
1712 2504
1713 2039
1713 2376
1715 2702
1715 1873
1717 1879
1717 1877
1717 2511
1718 2206
1718 2027
1719 1740
1719 2512
1719 2385
1719 1881
1720 2212
1720 2715
1720 2717
1720 1722
1720 2514
1720 1884
1720 1885
1721 2211
1721 1722
1721 2721
1721 2690
1722 2212
1722 2207
1722 1723
1723 2207
1723 1891
1723 2718
1724 1893
1724 2399
1724 2517
1724 2214
1724 2052
1725 2397
1725 2395
1725 2392
1725 2727
1725 2726
1725 2516
1725 2724
1725 1890
1725 1888
1726 2055
1726 2393
1726 2504
1726 1871
1727 2532
1727 1889
1727 1742
1728 2735
1728 2217
1728 2056
1729 2736
1730 1888
1730 2727
1730 2392
1731 1894
1731 2219
1731 2218
1731 2220
1731 2057
1732 2737
1732 2738
1732 2739
1732 2400
1732 2058
1734 1735
1735 2223
1736 1899
1736 2742
1737 2404
1737 2743
1737 2524
1739 2407
1739 1904
1739 2758
1740 2752
1740 2230
1741 2759
1741 2066
1741 2409
1742 2757
1742 1889
1742 2532
1743 2076
1743 2765
1743 2410
1743 1890
1744 2793
1744 2075
1744 2073
1744 2539
1744 1913
1745 2074
1745 1910
1745 2766
1746 2794
1746 2078
1746 2411
1746 2254
1746 2255
1747 1916
1747 2078
1748 2239
1749 2411
1749 2770
1749 2426
1751 2778
1751 2417
1751 2084
1751 2243
1752 2408
1752 1753
1753 2784
1753 2408
1753 1928
1753 2785
1754 1927
1754 2086
1754 2792
1754 2787
1755 2423
1755 1757
1755 1756
1755 1930
1755 2252
1756 2793
1756 2539
1756 2088
1756 2424
1756 2423
1757 1930
1757 2252
1758 2540
1758 2796
1758 1759
1758 2250
1758 2251
1759 2251
1759 2250
1759 2253
1759 2540
1760 1761
1761 2543
1762 2542
1763 1937
1764 2256
1764 1767
1765 1768
1765 2257
1765 2545
1765 2544
1767 1935
1768 1936
1769 2093
1769 2092
1769 1770
1770 2092
1770 2093
1770 2261
1771 2551
1772 2095
1772 2096
1773 2433
1774 2553
1775 2554
1775 2435
1776 2436
1776 1945
1777 2270
1777 2104
1777 2440
1777 1950
1778 2439
1778 2440
1778 1947
1780 1954
1780 2561
1780 1952
1781 1782
1781 2273
1781 2443
1782 2562
1782 2273
1782 2443
1783 2438
1783 1951
1784 2272
1784 1806
1784 2105
1785 2302
1785 2569
1785 2571
1786 1956
1786 2567
1787 2447
1788 2277
1788 2447
1789 2279
1789 2110
1790 2110
1790 2111
1791 2134
1791 2310
1792 1793
1792 2576
1792 1960
1793 2576
1793 1960
1794 2587
1794 1970
1795 2586
1795 1970
1795 2119
1795 1969
1795 2556
1796 2587
1796 1970
1796 2292
1797 2454
1798 1975
1798 2589
1799 2592
1799 2591
1799 2590
1799 1801
1799 1803
1799 1802
1800 1974
1800 2122
1800 2600
1800 2598
1800 2460
1801 1803
1801 1802
1801 2590
1801 2592
1801 2591
1802 2591
1802 1803
1803 2594
1803 2592
1803 2591
1804 1976
1804 1977
1805 2599
1805 2124
1805 2299
1805 2300
1805 2597
1806 2272
1806 2105
1807 2303
1807 1981
1807 1979
1808 2304
1809 2307
1809 2603
1810 2607
1811 2132
1811 2608
1812 1814
1812 1813
1813 1814
1814 2448
1815 2133
1815 2311
1816 2311
1817 2467
1817 2135
1818 2612
1819 2638
1819 2617
1819 1821
1819 1822
1820 2639
1821 2617
1821 1822
1822 2617
1823 1990
1823 2470
1823 2471
1824 1992
1824 2622
1824 2621
1825 1995
1825 2158
1825 2159
1825 2326
1826 2160
1826 2157
1827 2324
1827 2154
1828 2330
1829 2627
1829 2629
1830 1997
1830 2628
1830 1996
1830 2626
1830 2630
1831 2335
1831 2635
1831 2477
1833 1835
1834 2336
1835 2338
1836 2339
1837 1841
1837 2006
1837 2644
1838 2169
1838 2168
1839 2172
1839 2340
1840 2171
1840 2007
1840 2649
1841 2006
1841 2481
1841 2483
1842 2171
1842 2482
1842 2480
1843 2007
1843 2025
1843 2483
1844 2173
1844 2650
1844 2176
1845 2170
1845 2647
1847 2009
1847 2651
1847 2652
1847 2178
1847 2179
1847 2174
1848 2011
1848 2343
1848 2659
1849 2183
1849 2344
1849 2012
1850 2012
1850 2656
1850 2344
1851 2653
1851 2654
1851 2328
1852 2660
1852 2488
1852 2185
1852 2184
1852 2013
1852 2182
1853 2014
1853 2665
1853 2189
1855 2361
1855 2508
1856 2023
1856 2203
1857 1858
1858 2681
1858 2679
1859 2024
1860 2382
1860 2683
1861 2029
1861 2368
1861 2011
1862 2176
1862 2196
1863 2196
1863 2029
1863 2368
1864 2684
1864 2034
1864 2197
1865 2369
1865 1866
1865 2501
1865 2685
1866 2196
1866 2369
1866 2685
1866 2501
1867 2694
1867 2687
1867 2030
1867 2028
1867 1868
1868 2690
1868 2694
1868 2211
1868 2028
1868 2375
1869 2033
1869 2035
1869 2691
1870 2692
1870 2035
1870 2033
1871 2728
1871 2504
1873 2702
1873 2043
1874 2364
1874 2020
1874 2379
1875 2705
1876 2705
1876 1877
1876 1878
1877 2511
1878 2705
1879 2511
1880 2719
1880 1882
1880 1883
1880 2047
1881 2712
1881 2512
1881 2385
1881 2046
1882 2719
1882 1887
1882 2209
1882 1883
1883 2716
1883 2047
1884 2690
1884 2515
1884 2715
1884 2717
1884 2198
1884 1885
1885 2717
1885 2715
1885 2514
1886 2049
1886 2720
1886 2388
1887 2209
1887 2208
1887 2050
1888 2724
1888 2395
1888 2391
1888 2392
1888 2516
1888 2727
1888 2397
1889 2054
1889 2725
1889 2532
1890 2410
1890 2395
1890 2397
1890 2726
1890 2727
1891 2207
1892 2729
1892 2519
1892 2398
1892 2730
1892 2218
1893 2214
1893 2517
1893 2399
1893 2055
1894 2220
1894 2218
1894 2219
1894 2057
1894 2519
1895 2079
1895 2521
1897 2222
1898 2061
1899 2742
1899 2082
1900 2745
1900 2747
1900 2746
1900 2064
1900 1901
1901 2775
1901 2064
1901 2224
1902 2406
1902 2750
1903 2748
1904 1908
1904 2229
1905 2755
1905 2247
1906 2407
1906 2751
1906 2753
1907 2751
1907 2407
1907 2714
1908 2758
1909 2757
1910 2072
1910 2762
1910 2528
1911 2068
1911 2764
1911 2234
1911 2760
1912 2067
1913 2073
1913 2072
1913 2075
1913 2539
1914 2076
1914 2765
1914 2071
1914 2531
1915 2238
1916 2078
1917 2238
1917 2412
1918 2077
1918 2533
1918 2237
1921 2416
1922 2776
1922 2536
1922 1923
1923 2776
1923 2536
1924 2419
1924 2781
1924 2087
1924 2789
1924 2788
1924 1926
1925 2248
1925 2783
1925 2537
1926 2788
1926 2781
1926 2087
1926 2789
1927 2086
1927 2421
1927 1929
1927 2786
1928 2408
1928 2086
1928 2787
1928 2784
1928 2785
1928 2786
1928 2233
1929 2789
1929 2421
1929 2087
1930 2252
1931 2541
1931 2427
1931 2089
1932 2429
1933 1937
1935 2544
1938 2259
1938 2549
1939 2550
1940 1963
1940 2550
1942 2552
1942 2265
1943 2436
1943 2100
1943 2558
1944 2099
1944 2437
1945 2100
1945 2555
1945 2436
1946 2266
1946 2267
1947 2102
1947 2269
1947 2439
1948 1949
1948 2558
1948 2441
1948 2270
1948 2271
1949 2271
1949 1950
1949 2270
1949 2441
1949 2104
1950 2440
1950 2270
1950 2104
1951 2563
1952 2561
1952 1953
1952 1954
1953 2561
1954 2561
1954 2562
1955 2442
1956 2567
1957 2565
1957 2566
1957 2108
1958 2445
1959 2280
1959 2278
1960 2576
1961 2282
1963 2551
1964 2449
1966 2451
1966 2113
1967 2290
1967 2584
1967 2117
1968 2287
1968 2583
1968 2116
1969 2586
1969 2119
1969 2556
1970 2586
1970 2587
1971 2118
1971 2588
1971 2117
1972 2456
1972 2295
1972 2121
1973 2460
1973 1975
1973 1974
1973 2298
1974 2320
1974 2298
1974 2122
1974 2593
1975 2460
1975 2454
1975 2589
1977 2124
1977 2300
1978 2598
1978 2458
1978 2459
1979 2601
1979 1981
1979 2303
1980 2302
1980 2570
1980 2301
1981 2303
1981 2305
1982 2308
1982 2129
1983 2605
1983 2606
1985 2638
1985 2640
1986 2315
1986 1987
1986 2319
1987 2643
1987 2315
1988 2319
1988 2620
1989 2318
1990 2621
1990 1992
1990 2321
1991 2323
1991 2153
1991 2146
1992 2621
1993 2325
1993 2475
1994 2326
1994 2472
1995 2326
1995 2327
1995 2159
1996 1997
1997 2628
1997 2626
1998 2308
1999 2631
1999 2632
1999 2334
2000 2334
2000 2332
2000 2632
2000 2631
2002 2003
2004 2166
2004 2642
2004 2641
2005 2192
2006 2481
2008 2646
2008 2340
2009 2651
2009 2174
2009 2178
2010 2152
2010 2150
2011 2343
2011 2485
2012 2344
2012 2656
2012 2183
2013 2185
2013 2488
2014 2352
2014 2351
2015 2016
2015 2494
2015 2666
2016 2666
2016 2494
2017 2355
2017 2667
2018 2362
2018 2670
2019 2672
2019 2674
2019 2192
2020 2364
2022 2675
2024 2026
2024 2682
2025 2678
2026 2682
2027 2708
2028 2198
2028 2030
2028 2688
2028 2194
2029 2368
2030 2684
2030 2686
2030 2687
2030 2194
2030 2197
2031 2367
2031 2689
2031 2515
2032 2373
2032 2696
2032 2695
2032 2390
2033 2349
2033 2035
2034 2659
2034 2692
2035 2691
2035 2692
2036 2694
2040 2740
2040 2700
2040 2403
2041 2700
2041 2202
2042 2376
2042 2698
2043 2380
2044 2702
2045 2510
2045 2381
2046 2712
2047 2383
2048 2387
2048 2230
2048 2511
2049 2720
2049 2388
2049 2208
2049 2209
2050 2209
2050 2208
2050 2210
2051 2530
2051 2756
2052 2215
2052 2214
2052 2394
2052 2391
2052 2517
2053 2213
2053 2394
2053 2722
2053 2723
2054 2722
2054 2725
2055 2517
2055 2728
2055 2393
2055 2396
2056 2734
2056 2217
2057 2218
2057 2219
2057 2519
2058 2737
2058 2738
2058 2400
2060 2521
2060 2415
2061 2062
2063 2227
2064 2224
2064 2746
2064 2745
2066 2759
2066 2067
2066 2409
2067 2759
2067 2760
2068 2234
2068 2233
2068 2764
2069 2076
2069 2071
2070 2235
2070 2768
2070 2075
2071 2076
2071 2531
2073 2236
2073 2075
2074 2766
2074 2236
2075 2768
2075 2793
2075 2539
2076 2410
2076 2765
2076 2531
2077 2531
2077 2237
2079 2080
2081 2082
2081 2242
2081 2742
2082 2742
2082 2242
2083 2775
2084 2536
2085 2780
2086 2784
2086 2785
2086 2786
2086 2787
2087 2788
2087 2789
2087 2781
2088 2424
2088 2423
2088 2539
2089 2794
2089 2411
2089 2255
2089 2254
2090 2795
2090 2254
2091 2543
2092 2261
2092 2093
2093 2261
2094 2547
2094 2548
2095 2096
2097 2434
2098 2434
2101 2558
2101 2269
2102 2269
2102 2439
2103 2268
2104 2270
2104 2271
2104 2440
2104 2441
2105 2272
2105 2274
2106 2274
2106 2442
2108 2565
2109 2568
2110 2111
2112 2448
2113 2451
2113 2285
2114 2284
2114 2286
2115 2580
2115 2578
2116 2583
2117 2290
2118 2588
2119 2556
2119 2586
2121 2456
2121 2293
2121 2295
2122 2598
2122 2600
2123 2471
2123 2470
2123 2593
2123 2320
2124 2300
2125 2602
2125 2127
2125 2599
2125 2299
2126 2454
2126 2457
2127 2299
2127 2602
2128 2596
2130 2608
2130 2462
2130 2132
2132 2608
2133 2463
2134 2310
2135 2312
2135 2313
2136 2464
2136 2611
2138 2467
2140 2145
2141 2142
2141 2144
2141 2469
2141 2619
2141 2620
2142 2469
2142 2319
2142 2620
2143 2322
2143 2318
2143 2645
2144 2618
2146 2323
2146 2151
2146 2149
2146 2473
2147 2321
2148 2150
2148 2473
2149 2151
2149 2484
2150 2473
2150 2152
2151 2152
2151 2473
2152 2473
2153 2158
2153 2326
2153 2323
2153 2472
2156 2157
2156 2160
2157 2474
2157 2623
2157 2160
2158 2326
2158 2159
2159 2326
2159 2324
2161 2332
2161 2333
2162 2477
2164 2613
2164 2165
2165 2479
2166 2641
2167 2643
2170 2480
2170 2647
2170 2648
2171 2480
2173 2650
2173 2482
2174 2651
2174 2652
2174 2180
2174 2178
2174 2179
2175 2179
2176 2196
2177 2179
2178 2651
2178 2652
2178 2179
2179 2651
2180 2652
2181 2658
2181 2657
2181 2347
2181 2187
2182 2184
2182 2488
2182 2660
2184 2488
2184 2660
2186 2187
2186 2661
2186 2662
2187 2662
2187 2657
2188 2490
2188 2663
2190 2358
2190 2669
2191 2697
2191 2201
2192 2671
2192 2672
2194 2502
2194 2686
2194 2688
2196 2685
2196 2369
2197 2687
2197 2684
2197 2686
2198 2688
2198 2689
2198 2515
2199 2372
2199 2693
2199 2374
2201 2495
2201 2697
2202 2377
2203 2381
2205 2513
2205 2711
2205 2710
2206 2384
2207 2212
2208 2210
2208 2209
2208 2388
2210 2720
2210 2514
2211 2721
2211 2690
2212 2514
2212 2718
2213 2726
2213 2723
2214 2399
2214 2517
2215 2396
2215 2394
2216 2733
2216 2399
2216 2732
2217 2733
2217 2732
2218 2519
2218 2729
2218 2219
2218 2220
2219 2220
2222 2402
2225 2524
2225 2404
2225 2744
2226 2743
2226 2523
2228 2247
2228 2527
2231 2232
2231 2762
2231 2528
2231 2763
2231 2529
2231 2408
2231 2761
2232 2408
2232 2763
2232 2762
2232 2529
2232 2528
2232 2761
2233 2763
2233 2764
2233 2408
2233 2234
2233 2529
2234 2764
2234 2763
2235 2768
2235 2767
2236 2766
2237 2239
2239 2767
2240 2534
2241 2774
2242 2773
2243 2536
2243 2776
2243 2778
2247 2420
2247 2755
2247 2419
2248 2249
2248 2537
2249 2420
2250 2540
2250 2253
2250 2251
2251 2540
2251 2796
2253 2793
2253 2768
2254 2255
2254 2795
2254 2794
2255 2411
2255 2794
2257 2545
2257 2544
2260 2432
2260 2546
2260 2547
2263 2264
2266 2267
2269 2439
2269 2557
2270 2271
2270 2440
2270 2441
2271 2441
2272 2274
2273 2276
2273 2562
2273 2443
2275 2566
2277 2447
2279 2575
2284 2287
2285 2449
2286 2583
2286 2585
2286 2287
2287 2583
2288 2581
2289 2292
2289 2291
2293 2560
2293 2295
2294 2455
2294 2297
2295 2456
2296 2592
2296 2589
2296 2590
2296 2298
2297 2455
2298 2593
2299 2599
2299 2597
2301 2302
2301 2305
2302 2569
2302 2571
2303 2601
2307 2603
2312 2585
2312 2313
2314 2465
2315 2643
2316 2616
2317 2618
2318 2645
2318 2322
2319 2620
2320 2593
2320 2470
2320 2471
2322 2342
2324 2327
2325 2475
2325 2459
2326 2472
2328 2484
2329 2624
2330 2625
2330 2331
2331 2625
2334 2631
2334 2632
2334 2476
2335 2634
2335 2635
2336 2338
2341 2482
2343 2659
2344 2656
2345 2487
2345 2346
2345 2489
2345 2655
2346 2487
2346 2655
2347 2489
2347 2348
2347 2657
2347 2658
2348 2658
2348 2489
2350 2664
2351 2352
2353 2664
2355 2667
2356 2359
2356 2668
2357 2359
2358 2669
2360 2674
2360 2363
2362 2670
2363 2674
2365 2496
2367 2502
2367 2689
2367 2688
2369 2685
2369 2501
2370 2371
2372 2693
2373 2695
2374 2693
2375 2694
2376 2698
2377 2699
2378 2507
2381 2709
2381 2510
2382 2683
2383 2710
2383 2384
2384 2710
2385 2714
2385 2512
2385 2751
2386 2719
2386 2713
2388 2720
2389 2757
2391 2516
2391 2724
2392 2397
2392 2516
2392 2727
2393 2728
2393 2504
2393 2396
2394 2723
2395 2410
2395 2724
2395 2397
2395 2726
2395 2727
2396 2517
2397 2726
2397 2727
2397 2516
2397 2724
2398 2519
2398 2729
2398 2730
2400 2737
2400 2739
2400 2738
2401 2744
2401 2522
2402 2741
2403 2741
2403 2700
2403 2522
2404 2744
2404 2743
2404 2524
2405 2526
2406 2525
2407 2751
2408 2763
2408 2762
2408 2784
2408 2529
2409 2756
2409 2759
2410 2765
2411 2770
2411 2794
2412 2735
2414 2415
2414 2772
2416 2773
2416 2777
2417 2778
2417 2418
2419 2420
2419 2781
2420 2527
2421 2789
2422 2790
2422 2791
2422 2792
2423 2424
2424 2539
2425 2427
2425 2426
2426 2427
2427 2541
2428 2797
2430 2545
2432 2546
2436 2558
2438 2559
2440 2441
2444 2568
2444 2567
2448 2449
2453 2577
2458 2459
2458 2598
2459 2475
2460 2598
2462 2463
2462 2610
2463 2610
2464 2612
2466 2614
2468 2615
2468 2469
2470 2471
2470 2593
2474 2623
2476 2629
2478 2635
2480 2482
2481 2483
2487 2653
2487 2655
2488 2660
2489 2655
2489 2658
2491 2663
2492 2493
2494 2666
2495 2509
2495 2701
2496 2681
2496 2677
2498 2678
2498 2680
2498 2500
2499 2683
2500 2680
2500 2501
2501 2685
2502 2688
2502 2689
2504 2728
2508 2701
2509 2701
2512 2714
2512 2751
2513 2710
2513 2711
2514 2720
2515 2689
2516 2727
2516 2724
2520 2736
2522 2741
2523 2743
2524 2743
2524 2744
2528 2762
2528 2761
2528 2529
2529 2761
2529 2763
2529 2762
2530 2756
2535 2772
2535 2774
2536 2776
2537 2783
2538 2786
2538 2764
2539 2793
2540 2796
2548 2549
2556 2586
2563 2564
2565 2566
2569 2571
2578 2580
2581 2582
2590 2592
2590 2591
2591 2592
2597 2599
2598 2600
2619 2620
2626 2628
2627 2629
2628 2630
2631 2632
2636 2637
2638 2640
2645 2647
2647 2648
2651 2652
2653 2654
2654 2656
2657 2662
2661 2662
2671 2672
2684 2687
2684 2686
2686 2687
2688 2689
2690 2721
2696 2721
2706 2707
2713 2714
2714 2751
2715 2717
2722 2725
2723 2724
2723 2726
2724 2726
2724 2727
2729 2730
2731 2732
2732 2733
2733 2734
2737 2738
2745 2747
2745 2746
2746 2747
2753 2754
2758 2759
2761 2763
2761 2762
2767 2768
2781 2788
2782 2783
2784 2785
2784 2787
2785 2786
2785 2787
2787 2791
2787 2792
2788 2789
2790 2791
2791 2792
2795 2796
