0 1535
0 666
0 1186
0 689
1 1005
1 2
2 824
2 1342
2 1005
2 1187
3 1345
3 4
4 1189
4 1689
4 1013
5 496
5 1346
5 667
6 332
6 333
6 1713
6 698
6 1694
6 1348
7 1347
7 1189
7 501
7 314
7 1013
7 1874
8 1190
8 2217
8 499
8 1012
8 1510
8 1511
9 672
9 1193
9 16
9 673
9 1349
9 1875
10 1014
10 11
10 827
10 17
10 507
10 504
11 827
11 1194
12 502
13 1015
13 670
13 503
13 316
13 1352
13 1351
13 508
14 2222
15 24
15 1876
15 674
15 1517
16 1514
16 672
17 504
17 1014
17 1355
17 319
17 507
17 20
17 2385
17 827
18 2389
18 683
18 681
18 1519
19 1016
19 1018
19 676
19 675
19 1521
20 1353
20 319
20 1355
20 1194
20 507
21 678
21 1696
21 2062
21 1880
21 1018
21 1016
21 23
21 22
21 320
22 1696
22 511
22 1880
22 2062
22 320
22 1200
22 2224
23 678
23 1017
23 1018
23 2062
23 317
23 320
23 1522
23 1696
23 2390
24 674
24 677
24 1517
24 1518
24 1697
25 29
25 861
25 343
25 318
25 1196
25 834
26 1697
26 679
26 706
26 677
27 2225
27 1357
27 1356
27 1359
27 1360
27 684
27 829
27 34
27 1362
27 1199
28 35
28 1529
28 1363
28 682
28 512
28 1361
28 832
29 2392
29 322
29 33
29 1701
29 318
29 834
29 1526
29 1530
29 1524
29 2226
30 680
30 69
30 1527
30 32
31 1531
31 1019
31 1358
32 1525
32 1358
32 1702
32 1019
32 1531
32 2064
32 513
33 858
33 1526
33 1720
33 322
33 834
33 833
33 346
34 1199
34 323
34 831
34 2225
34 1359
34 1356
35 1197
35 830
35 832
35 321
35 682
35 1700
35 2391
35 512
35 1363
35 1529
35 1698
36 1532
36 2230
37 1198
37 1704
37 1528
37 327
37 1202
37 1020
38 1707
38 688
38 39
38 837
39 1707
39 1703
39 1881
40 329
40 2069
40 836
40 517
41 328
41 1042
42 1710
42 2235
42 2236
42 1024
43 690
43 2073
43 1886
44 825
44 2072
45 692
46 694
46 843
46 520
47 521
47 1390
48 693
48 49
48 362
49 362
49 2074
49 694
49 693
50 1540
50 55
50 334
50 2243
51 692
51 1538
51 1539
51 844
51 1030
51 336
52 1030
52 1894
52 336
52 2077
52 335
52 54
52 697
52 1893
53 702
53 700
53 1371
54 1894
54 335
54 1893
55 1540
55 526
55 1891
55 1032
56 337
56 338
56 1032
57 338
57 2246
57 1900
57 846
57 1540
57 334
57 701
58 1033
58 856
58 1376
59 702
59 848
59 1896
59 1715
59 1227
59 851
59 339
60 340
60 525
60 2404
60 524
60 61
60 1898
61 2247
61 525
61 524
61 704
61 1225
61 1898
61 847
61 1897
62 68
62 703
62 704
62 1230
62 1058
62 1897
62 1903
62 2082
62 856
62 853
63 65
63 64
63 707
64 707
64 65
64 1904
65 1904
65 2085
65 528
65 854
66 67
66 1034
66 1542
66 709
67 2085
67 1375
67 341
67 345
67 1717
67 2086
67 1034
68 703
68 344
68 1903
68 1543
68 1376
68 853
68 856
68 2082
69 1527
69 1040
69 1720
69 1380
69 712
69 2090
69 346
69 680
69 858
70 2248
70 861
70 711
70 72
70 705
70 343
70 1378
71 1211
71 1906
71 1038
71 859
71 78
72 1210
72 1378
72 705
72 711
72 1544
72 353
73 349
73 531
73 1724
73 530
73 352
73 535
73 1212
73 1545
73 1908
74 1213
74 2408
74 75
74 1722
74 852
74 1718
74 534
75 1041
75 1722
75 534
76 2409
76 1724
76 84
76 1549
76 538
76 350
76 1728
76 1729
77 892
77 2429
77 350
77 560
77 1039
78 1906
78 2087
78 1907
78 714
78 859
78 1044
79 1043
79 1216
79 1215
79 80
79 536
80 1215
80 1216
80 2092
80 539
80 2093
80 540
80 1547
80 536
81 541
81 1910
81 2259
81 1045
81 356
81 540
82 542
82 1217
82 538
82 1045
82 715
82 1549
82 83
83 1727
83 542
83 1549
83 1217
83 862
83 538
84 538
84 1234
84 1727
84 1728
84 126
84 350
84 566
85 713
85 1533
85 1043
85 325
85 1364
86 540
86 2412
86 354
86 355
86 1910
86 1552
86 356
87 1203
87 716
87 864
87 2574
87 1555
88 868
89 543
89 716
89 90
90 866
90 543
91 869
92 717
92 359
92 1914
93 1557
93 1048
94 544
94 2099
95 1559
95 548
95 1558
95 1924
96 2444
96 740
96 882
96 105
96 104
96 1559
97 1925
97 1922
97 1560
97 1222
97 363
97 364
97 875
97 98
98 364
98 1053
98 2265
98 548
98 549
98 1560
98 2263
98 1925
98 1926
98 875
98 1056
99 1223
99 2582
99 1766
100 2424
100 848
100 1054
100 339
100 1056
100 1055
100 1715
100 851
100 1227
100 1565
101 719
101 1927
101 366
101 2420
101 1563
101 1225
101 704
101 106
102 720
102 877
102 367
103 550
103 1228
103 367
103 1226
103 1564
103 1566
103 721
103 722
103 723
103 1057
103 2423
104 1559
104 105
104 1739
104 107
104 882
105 882
105 1739
105 107
105 389
106 719
106 1928
106 1927
106 366
106 1225
107 882
107 1739
108 1396
108 1060
108 1059
108 2268
108 556
108 554
108 884
109 1061
109 1741
109 551
109 879
109 110
109 1394
109 1231
109 114
109 557
110 557
110 1394
110 551
110 1231
111 2585
111 1397
111 112
111 889
111 557
111 1931
111 1743
111 886
112 557
112 116
112 552
112 886
112 1397
112 1743
112 889
112 1931
113 2422
113 365
113 391
113 747
113 154
113 1085
114 1061
114 1741
114 1394
114 1231
114 880
114 879
114 366
115 890
115 725
115 726
115 368
115 370
115 1744
115 1068
115 2269
115 1932
115 122
115 888
116 2425
116 552
116 1397
116 370
116 886
116 885
117 119
117 120
117 1748
117 1232
117 727
117 1063
117 730
117 1749
118 728
118 1571
118 891
118 121
118 1064
119 724
119 727
119 730
119 1232
119 1749
119 2270
119 372
120 558
120 1748
120 1232
120 1572
120 727
120 372
120 730
120 728
121 1938
121 1751
121 1750
121 1065
121 2107
121 729
121 2428
121 891
121 1062
121 1398
122 1939
122 890
122 373
122 1233
122 1399
122 1068
123 1067
123 559
123 1941
123 1094
123 751
123 159
123 395
124 561
124 2589
124 896
124 1940
124 1935
124 1747
124 1936
125 1072
125 733
125 1069
125 1237
125 1214
125 1382
126 1234
126 566
126 376
126 562
126 1752
126 2115
127 129
127 1235
127 1238
127 1574
127 377
127 1070
128 2113
128 897
128 1238
128 564
128 567
128 565
128 1754
128 732
129 1071
129 1238
129 1235
129 1758
129 1070
129 2112
130 1760
130 570
130 378
130 898
131 382
131 736
132 572
132 1580
132 1579
132 1241
133 901
133 384
133 571
134 1245
134 1075
134 1584
134 900
134 1248
135 900
135 1245
135 1076
135 1250
136 385
136 905
136 876
136 1252
137 1077
137 1585
138 1257
138 1415
138 1587
138 904
139 140
139 742
139 1411
139 1254
139 2122
139 581
140 741
140 1411
140 2121
140 583
140 582
141 741
141 1586
141 761
141 177
141 902
142 150
142 388
142 907
142 1591
142 585
143 585
143 388
143 2279
143 907
143 2123
143 144
143 145
143 1255
143 1256
144 1256
144 1255
144 388
144 145
144 1957
144 2279
145 1255
145 1256
145 2279
145 388
146 1956
146 1588
146 1770
146 390
146 1079
146 1081
146 743
147 586
147 148
147 1079
147 1081
147 744
147 1770
147 1417
147 1589
147 1771
148 586
148 2301
149 1108
149 416
149 1958
149 1080
149 584
150 1413
150 1418
150 2124
150 389
150 390
150 585
151 584
151 1590
151 2445
151 2446
151 1080
151 746
152 1953
152 1769
152 931
152 1417
152 386
152 178
152 1412
152 903
153 908
153 391
153 747
153 889
153 1743
154 391
154 1085
154 1414
154 365
154 747
155 1259
155 1083
155 745
156 157
156 392
156 910
157 1262
157 911
157 161
157 2609
157 2128
158 909
158 908
158 1776
158 910
158 1774
158 1082
158 1773
158 1087
159 1961
159 2285
159 1263
159 1265
159 914
159 395
159 751
159 1267
159 1094
160 1597
160 1421
160 399
160 912
160 1090
160 1092
160 163
161 2286
161 1091
161 749
161 398
161 393
161 911
161 592
162 1089
162 2287
162 1093
162 750
162 2453
162 163
162 912
163 1089
163 2450
163 912
163 2287
163 2134
163 750
163 1093
164 592
164 427
164 612
164 1615
164 593
164 1091
164 1113
165 1095
165 1096
165 401
165 1269
165 752
166 2612
166 1269
166 403
166 917
166 1965
167 1095
167 1964
167 1268
167 402
167 2457
168 1970
168 596
168 595
168 1427
169 756
169 595
169 594
170 2294
170 755
170 920
170 1972
171 2463
171 1430
171 172
171 757
171 1273
171 758
172 757
172 1430
172 922
173 1275
173 924
173 2295
173 174
173 1100
174 2001
174 924
174 2295
174 1100
175 2148
175 597
175 1251
175 1945
175 1946
175 1279
176 1122
176 1278
177 1767
177 1102
177 185
177 1606
177 741
178 180
178 931
178 1954
178 417
178 1412
178 1280
178 386
179 180
179 1433
179 181
180 1433
180 415
180 931
180 1280
181 2149
181 1102
181 412
181 930
181 185
181 2626
182 2470
182 1101
182 600
182 1105
182 1431
183 948
183 630
183 1434
183 2151
184 221
184 947
184 1126
184 1432
185 1102
185 1978
185 414
185 930
185 1606
186 1432
186 2300
186 600
186 1104
186 1103
186 760
186 1105
187 1609
187 586
187 768
187 1284
187 2152
187 1608
188 1283
188 1282
188 932
188 1789
188 767
189 1437
189 1107
189 2302
189 932
190 2011
190 1631
190 191
190 766
190 421
191 418
191 192
191 1787
191 1982
191 766
191 605
192 418
192 1787
192 605
193 419
193 1986
193 417
193 768
193 415
193 931
193 1438
193 1439
193 1109
194 1610
194 1084
194 393
194 1442
194 1790
194 1419
194 1593
195 1086
195 394
195 608
195 1088
195 1420
195 610
195 2305
195 1987
195 589
195 1258
196 2306
196 1792
196 1443
197 1093
197 201
197 1617
197 938
198 200
198 1992
198 1613
198 1115
199 772
199 428
199 1793
200 1446
200 2157
200 1115
200 429
200 1992
201 1617
201 1618
201 938
201 1795
202 1967
202 2482
202 1451
202 1288
202 943
202 942
203 1290
203 1292
203 2484
203 1118
203 942
203 207
204 1995
204 1447
204 1293
205 1120
205 1621
205 614
205 2159
205 2480
205 1449
205 1117
206 1622
206 430
206 2481
206 1117
206 787
206 789
207 942
207 1618
207 1996
207 1288
207 1292
208 211
208 621
209 773
209 2000
209 247
210 1272
210 435
211 621
211 2488
211 435
211 1294
212 216
212 624
212 1295
212 1455
213 1296
213 1625
213 1802
213 438
214 216
214 2162
214 1803
215 220
215 1123
215 1124
215 1125
216 627
216 1805
216 1298
217 440
217 1807
217 2322
218 1299
218 1804
218 2164
218 2163
218 775
218 2318
219 1806
219 1626
219 439
220 1125
220 1124
220 1123
221 1432
221 1126
221 947
222 628
222 223
222 1458
223 2004
223 1808
223 1457
223 1458
224 2005
224 1127
224 628
225 2167
225 1129
225 226
225 952
226 442
226 632
226 2003
226 1129
226 644
227 1304
227 781
227 782
227 2010
228 1131
228 1317
229 785
229 1134
229 2325
229 449
230 784
230 2323
230 1306
230 232
230 231
230 1464
230 634
230 2644
231 2500
231 232
231 634
231 1464
231 784
231 2323
231 1306
232 953
232 1637
232 634
232 1306
232 784
233 234
233 449
233 1137
233 1134
234 1137
234 1305
235 1139
235 786
235 1818
235 451
235 956
235 2328
235 2172
236 1640
236 1141
236 450
236 959
236 2014
236 1467
237 635
237 1641
237 1640
237 786
238 956
238 1138
238 1816
239 1141
239 1824
239 636
239 638
239 1471
239 960
239 788
240 788
240 242
240 1822
240 1823
240 638
240 1473
240 637
240 1145
240 1143
241 1645
241 452
241 1644
241 2016
241 243
242 454
242 1143
242 1145
242 1146
242 2332
242 1645
243 640
243 1644
244 245
244 961
244 620
245 961
245 793
246 1643
246 1646
246 791
246 640
247 1624
247 2019
247 773
247 1475
248 250
248 457
248 963
248 1829
248 1828
249 964
249 1649
249 251
249 250
249 1147
250 251
250 1147
250 1649
250 964
250 2654
251 1649
251 1147
252 1653
252 946
253 1313
253 968
254 1150
254 971
254 776
254 2513
254 441
254 461
255 256
255 1657
256 1154
256 2181
256 258
256 795
257 462
257 2180
258 1154
258 795
258 1316
259 1480
259 794
259 1479
259 1483
260 971
260 1315
260 1153
260 1316
260 2516
260 795
260 1154
261 646
261 1834
261 1836
261 1835
261 445
261 1317
262 465
262 263
262 645
262 646
262 973
262 2186
263 646
263 1836
263 2341
264 265
264 1498
264 2026
264 647
264 1661
264 1659
265 1498
265 649
265 1487
265 2026
266 1321
266 271
266 2344
266 1840
266 974
267 467
267 1158
267 975
267 1463
268 810
268 1666
268 269
268 270
268 2171
268 1163
268 469
269 1666
269 270
269 469
269 1163
269 2524
269 1164
270 1665
270 1666
270 469
270 2354
270 2189
270 1163
270 1164
270 804
271 1489
271 975
271 1486
271 273
271 2190
272 1165
272 274
272 806
272 804
272 470
272 471
272 1665
272 2030
273 1324
273 2190
273 1489
273 1667
273 275
273 2349
274 979
274 806
274 471
274 1665
274 804
274 805
274 1165
274 1161
275 1667
275 1663
275 2526
275 1162
276 803
276 1484
276 650
276 648
276 1323
277 1669
277 813
277 2032
277 1326
277 1325
278 805
278 978
278 979
278 1161
278 1325
278 2031
279 1844
279 980
279 2351
279 2350
279 473
279 999
279 1181
280 652
280 1846
280 474
280 475
280 2358
281 1330
281 285
281 981
282 286
282 1849
282 2355
282 1848
282 811
283 809
283 653
283 2037
283 2036
283 651
283 1502
284 2529
284 2374
284 1669
284 1502
284 2036
284 1671
284 812
284 813
285 475
285 981
285 1330
286 2355
286 811
286 808
286 2193
286 1848
287 1851
287 1476
287 1672
287 814
287 962
288 479
289 1477
289 2024
289 1654
289 290
289 1492
290 291
290 1169
290 1492
291 1856
291 2364
291 816
291 2198
292 1335
292 483
292 294
292 1336
293 1492
293 1675
293 2534
294 2363
294 988
294 657
294 1334
294 1336
295 993
295 989
295 1857
295 2047
295 482
295 2201
295 301
295 300
295 1493
295 298
296 297
296 1678
296 1495
296 481
297 659
297 1171
297 1678
297 481
297 1495
298 1493
298 299
298 817
298 2047
298 482
298 2204
298 466
298 1496
299 2047
299 2204
299 2202
299 466
299 817
299 1496
300 993
300 2047
300 1493
300 301
300 2201
300 990
301 2201
301 990
301 993
301 2047
302 1497
302 1679
302 992
302 662
302 2675
302 2050
302 2049
303 663
303 820
303 2525
303 648
303 2541
303 490
303 807
304 1182
304 1339
304 1000
304 2211
304 1681
304 1499
305 1501
305 1682
305 1178
306 1867
306 1502
306 1003
306 1001
306 307
307 1001
307 2211
307 822
307 1867
307 1003
308 2375
308 664
308 1183
309 1504
309 2212
310 492
310 1504
310 2543
310 1870
311 312
311 1871
311 2378
311 1185
313 1687
313 1688
313 1508
313 2055
313 2056
313 495
313 1872
314 1874
314 1693
315 1011
315 1691
315 2059
315 1515
315 1513
316 506
316 2061
316 508
316 1351
316 2384
316 1352
316 1015
316 670
316 503
317 1354
317 1877
317 320
317 1522
317 678
317 1017
318 834
318 1701
318 861
318 343
318 1196
318 2392
318 2227
319 1355
319 507
319 2385
320 1696
320 1522
320 2390
320 1880
320 678
320 2062
321 1698
321 1525
321 1197
321 1700
322 680
322 2065
322 346
322 833
322 1526
323 1366
323 2558
323 1201
323 1359
323 515
323 2066
324 687
324 1021
324 1881
324 2232
325 1533
325 1022
325 1364
326 1367
327 1198
327 1528
327 1020
327 835
327 1202
327 1882
328 1042
328 2396
328 2398
328 687
329 836
329 517
329 518
330 1536
330 1370
330 522
331 1027
331 1369
332 1348
332 698
332 1694
333 1207
333 1714
333 1713
333 1695
333 698
334 845
334 1029
334 2243
334 1540
334 2402
334 1371
335 2077
335 1893
335 336
335 1894
335 1030
335 697
336 1538
336 1030
336 844
336 697
336 1539
337 527
337 850
337 849
337 2079
337 2078
338 850
338 1900
338 846
338 701
338 2246
339 848
339 851
339 1565
339 1715
339 1227
339 702
339 2424
340 849
340 850
340 846
340 847
340 524
340 1899
341 855
341 2081
341 1375
341 1374
341 1717
341 1034
341 345
341 1035
341 1901
342 1718
342 710
342 857
342 708
342 1213
342 855
342 1036
342 852
343 861
343 1196
343 2227
343 2248
344 1374
344 1543
344 1901
344 528
345 1035
345 1034
345 2086
345 2250
345 2081
345 1542
345 1901
345 1717
345 855
345 1375
345 710
346 858
346 1040
346 1527
346 711
346 1721
346 1720
346 2090
346 1380
347 1212
347 2088
347 712
347 2089
347 1377
347 1037
347 1719
347 352
347 351
348 532
348 533
348 860
348 534
348 1723
348 1725
348 1041
348 2411
349 1039
349 860
349 1212
349 352
349 1908
349 1379
349 1545
349 531
349 530
349 535
349 2091
350 2409
350 1728
350 1379
350 1039
351 2088
351 2089
351 352
351 1719
351 712
351 1212
351 1377
352 535
352 2407
352 530
352 2089
352 1545
352 1212
352 1377
352 859
352 2091
353 1544
353 1909
353 1037
353 1546
354 1214
354 2095
354 356
354 357
354 1553
354 1383
354 1552
355 866
355 1547
355 539
356 1553
356 715
356 2095
356 2413
356 357
356 1910
356 540
357 862
357 2414
357 715
357 1553
357 1383
357 2413
357 1382
358 360
358 1389
358 2262
358 1220
358 871
358 2098
359 869
359 1914
359 1386
360 519
360 870
360 1913
361 1556
361 736
362 2100
362 545
363 1054
363 700
363 1222
363 1920
364 548
364 875
364 1049
364 2263
364 1922
364 1560
364 1222
364 1925
365 1955
365 1085
365 2422
365 1737
366 1563
366 2267
366 719
366 880
367 720
367 723
367 1736
367 722
367 1228
367 1564
367 2423
368 1932
368 1592
368 726
368 1744
368 588
368 1068
368 890
368 2430
368 370
368 2269
369 1745
369 1740
369 554
369 887
369 1567
369 1059
369 1930
369 529
369 708
370 1592
370 2125
370 726
370 1744
370 552
370 2269
371 559
371 1067
371 1066
371 2108
371 1398
371 731
372 724
372 725
372 1570
372 730
372 2270
372 1399
372 1232
373 1400
373 890
373 1068
373 1233
373 1939
374 377
374 1942
374 1574
374 563
374 562
375 1752
375 1753
375 1071
375 1402
375 2275
375 1758
375 1757
375 566
375 2111
376 1237
376 562
376 2115
376 1072
376 1217
376 542
376 1727
376 2110
376 862
376 566
377 1070
377 1402
377 2434
377 1574
378 898
378 570
378 1073
379 570
379 1576
379 1761
379 899
380 2118
380 570
380 404
380 919
381 1764
381 1581
381 382
382 1764
382 736
383 573
383 1582
384 2438
384 901
384 1392
385 1252
385 905
385 1410
386 931
386 1280
386 1954
386 903
386 1953
386 1412
387 1257
387 1947
387 1416
387 2278
387 580
388 1957
388 907
388 1591
388 1414
388 1255
388 2123
389 1413
389 882
389 2124
389 1415
390 585
390 1418
390 1588
390 1413
391 1085
391 747
391 1087
391 2284
392 910
392 1776
392 1082
393 1593
393 1419
393 749
393 2128
393 1084
393 1772
394 1611
394 1088
394 1420
394 746
394 2631
394 1590
394 1110
395 1263
395 914
395 1094
395 751
395 893
395 1422
395 559
395 1267
395 2285
395 1067
396 1777
396 1421
396 1423
396 399
396 1090
396 1264
397 1596
397 1962
397 1598
397 1597
397 402
398 911
398 2286
398 1091
398 592
398 2132
398 1264
398 1262
399 1777
399 1264
399 2133
399 593
399 1421
399 1090
399 1092
400 753
400 897
400 1599
400 732
400 1601
400 1780
400 2616
401 1096
401 1095
401 1778
401 1426
401 2617
401 1269
402 1596
402 1962
402 1268
402 2139
403 1966
403 917
403 2613
403 2614
403 1271
404 754
404 919
405 1781
405 1270
405 1974
405 1973
405 596
405 407
405 406
406 1781
406 735
406 407
407 1974
407 1781
407 596
407 1973
408 1276
408 2467
408 409
408 1604
409 1604
409 922
409 1276
410 1785
410 1977
410 925
410 411
411 1785
411 2298
411 1977
412 602
412 1786
412 2149
412 760
412 930
412 1103
413 1979
413 1435
413 1433
413 763
413 415
413 762
414 761
414 1978
415 762
415 1433
415 1435
415 1438
416 1958
416 1080
416 584
416 1983
416 1108
417 1769
417 1280
417 931
417 1109
417 1417
417 768
417 1439
418 766
418 1437
418 605
418 1982
418 1787
418 2474
418 932
419 768
419 1986
419 1109
419 1439
419 1438
420 1788
420 1789
420 606
420 1283
420 765
420 2686
420 767
421 1631
422 1610
422 2476
422 1442
422 771
422 1114
422 1790
423 609
423 2170
424 1106
424 1792
424 1990
424 607
424 1112
425 769
425 1287
425 1286
425 1443
426 1112
426 1611
426 607
426 608
426 1106
426 1989
427 1615
427 612
427 1114
427 1113
428 1793
428 771
428 772
429 1616
429 2157
429 2309
429 1115
429 1794
429 1446
430 1308
430 2312
430 617
430 1450
430 2160
430 1622
431 1619
431 2158
431 1448
431 941
431 1452
431 2634
431 1116
431 436
432 1118
432 1291
432 2311
433 2310
433 1997
433 941
433 616
433 1620
433 1452
433 1290
433 1289
434 1623
434 944
434 1120
434 789
435 1972
435 2142
435 621
436 1619
436 2634
436 1448
436 1116
436 1797
437 1798
438 1802
438 1297
438 1296
438 1625
439 1806
440 2322
440 2002
440 2165
441 1301
441 1300
441 631
441 629
441 776
441 2166
441 1130
441 443
441 1150
442 1129
442 2641
442 952
442 644
442 2003
443 1300
443 1311
443 776
443 631
443 1150
443 2166
444 1812
444 633
445 949
445 1834
445 646
445 633
446 1465
446 2326
446 1133
446 936
446 935
446 1285
447 953
447 2168
448 2501
448 1634
448 1135
448 2324
448 1813
449 785
449 1637
449 2325
449 1134
449 2646
450 1820
450 635
450 2171
450 1467
450 2014
451 1139
451 2504
451 1819
451 1817
451 2172
452 2016
452 1145
452 453
452 1469
452 1644
453 1469
453 2016
453 1473
453 1142
453 1821
453 637
454 1327
454 1328
454 2359
454 1166
454 1143
455 1826
455 792
456 2018
456 1647
456 1825
456 1310
457 1651
457 963
457 1829
457 1828
458 1297
458 1652
459 1832
459 2336
460 2179
460 1155
460 2338
460 1479
460 1656
460 644
461 2513
461 1130
461 1150
461 1152
461 971
462 1833
462 2515
462 643
462 1314
463 796
463 1156
463 645
463 1319
463 2342
463 1318
463 1658
463 973
464 2183
464 2184
464 1660
464 647
464 1659
464 2521
465 645
465 1482
465 2340
465 1155
465 1837
465 2186
466 817
466 1496
466 1662
466 2204
467 1158
467 1486
467 975
468 1157
468 974
468 799
468 976
468 1841
468 1485
469 2189
469 804
469 471
469 1163
469 1164
469 2354
469 2353
469 1665
469 1666
470 1488
470 1324
470 806
470 471
471 806
471 804
471 2189
471 1665
471 1165
472 1664
472 1663
472 1845
472 2191
473 2350
473 2352
473 2351
473 980
473 1181
473 1325
473 2191
474 808
474 811
474 1846
474 1490
474 2667
475 2358
475 811
475 652
476 808
476 1490
476 1673
476 1670
476 983
477 1491
477 2194
477 983
478 2669
478 985
478 986
479 815
479 1854
480 1857
480 2045
480 1171
480 482
480 659
480 1677
481 2044
481 1495
482 2536
482 817
482 1857
482 1171
482 1493
482 659
482 1496
482 1677
483 1335
484 1172
484 2048
484 1860
484 2366
485 1173
485 1661
485 2203
485 1174
485 486
486 1174
486 1662
486 1173
486 2187
487 2205
487 1861
487 1176
487 1157
488 663
488 1862
488 998
488 1682
488 1178
488 1175
488 2207
488 2208
489 1180
489 1500
489 2373
489 1865
489 1179
490 1177
490 663
490 1866
490 2677
490 491
490 1680
490 2372
491 1680
491 1866
491 1177
491 999
492 2054
492 2053
492 2543
492 2376
493 1885
493 1006
493 666
494 1345
494 1689
494 1508
495 1508
495 2056
495 669
495 1687
495 668
496 667
496 1010
496 1346
497 1346
497 1027
497 2240
497 2216
498 500
498 1514
498 1509
499 1190
499 1012
499 1693
499 1692
500 1514
500 1509
500 1510
500 2217
500 2219
501 2548
501 1189
501 1013
501 1191
501 2218
501 1347
502 673
503 1015
503 2223
503 1352
503 508
503 1351
503 1516
504 1014
504 2221
504 507
504 827
505 1350
505 672
505 673
505 1192
506 2061
506 1511
506 1510
506 1349
506 670
507 1355
507 827
507 2385
507 1014
508 526
508 1015
508 1351
508 1352
508 2223
508 1516
509 1878
509 828
509 676
510 2552
510 1196
510 1195
510 1522
510 1520
511 2063
511 1200
511 832
511 683
512 682
512 832
512 2063
512 1363
512 2395
512 1529
512 2391
513 1702
513 1525
513 1531
513 2064
513 1019
513 1358
514 837
514 2556
514 1705
515 1201
515 2066
515 1366
516 1021
516 2397
516 2068
516 686
516 685
516 687
516 1706
517 1534
517 836
517 518
518 1203
518 2234
518 1534
519 2071
519 1219
519 870
519 1913
519 841
520 2683
520 1028
521 843
521 2241
521 1390
522 1536
522 671
522 1370
522 523
522 2075
522 1691
522 1208
523 696
523 1208
523 1370
523 1537
523 844
524 2247
524 1898
524 704
524 1225
524 847
524 525
524 2404
525 2247
525 1898
525 1928
525 2584
525 2404
525 704
525 1225
526 2223
526 1891
526 1373
526 1352
526 2564
526 1516
527 2078
527 849
527 2079
527 2080
527 1033
528 2566
528 1901
528 1374
528 1543
528 1375
528 2085
529 1740
529 1745
529 554
529 708
529 1930
529 2252
529 2083
530 1377
530 531
530 1545
530 535
530 2407
530 1908
530 2089
530 1212
530 2091
531 1908
531 1724
531 535
531 1545
532 2254
532 1723
532 534
532 533
533 2254
533 1573
533 534
533 1723
534 1723
534 1722
534 2254
534 1041
534 1213
535 2087
535 1724
535 1212
535 859
535 1545
536 539
536 1216
536 1215
536 2092
536 1042
536 2093
537 1381
537 1724
537 863
537 2257
537 714
538 1729
538 1728
538 1727
538 2572
538 542
538 1549
538 1217
539 866
539 1547
539 2092
540 1216
540 1910
540 2259
540 2569
540 2093
541 2570
541 1045
541 1381
541 1548
541 1551
541 2259
542 862
542 2414
542 1237
542 715
542 1727
542 1549
542 1217
543 1730
544 901
544 1386
544 1734
545 1391
545 1919
545 2578
546 2101
546 2100
547 1921
547 1052
547 1050
547 1561
548 875
548 1049
548 1926
548 1053
549 1056
549 1738
549 1053
549 1560
549 2265
550 879
550 1228
550 2421
550 1737
550 881
550 1057
550 722
550 721
550 1566
551 2105
551 2271
551 1741
551 1394
551 1231
551 1396
551 556
552 1960
552 1261
552 2125
552 889
552 1397
552 908
553 2084
553 2587
553 2405
553 1058
553 1746
553 1541
553 1569
553 1929
553 555
553 883
553 1229
553 1230
554 1740
554 1745
554 2268
554 1930
554 1059
554 1567
554 883
554 556
555 1929
555 2587
555 883
555 556
555 1229
555 1230
555 2105
555 1746
555 1569
556 1746
556 2268
556 1060
556 1229
556 2586
556 2271
556 2105
557 889
557 1931
557 886
557 1743
557 1231
557 1742
558 1939
558 1399
558 2106
558 1233
558 1065
559 1067
559 731
559 2590
559 893
559 1066
560 2111
560 2429
560 1062
560 566
560 1234
560 1571
560 1937
560 892
560 1750
561 2433
561 896
561 2589
561 1935
561 1940
561 1747
562 1752
562 2110
562 566
562 1574
562 2115
563 1069
563 894
563 733
563 1942
563 1759
564 2113
564 1238
564 1759
564 1754
564 565
564 567
564 897
565 897
565 1754
565 2113
565 2114
565 2109
565 567
566 1234
566 1752
566 1937
566 2115
566 2111
567 1754
567 1759
567 2113
568 1943
569 1763
569 1576
569 899
569 895
570 2118
570 898
570 1761
571 1944
571 901
572 1240
572 1241
572 1407
572 1579
573 1242
573 1408
574 575
574 2600
574 1247
574 577
575 1244
575 1765
575 1392
576 578
576 577
576 2277
576 739
576 1246
577 2277
578 739
578 1584
578 1077
578 1075
579 1949
579 1253
579 902
579 1952
579 1075
579 1249
580 1947
580 2278
580 1257
580 581
581 1947
581 2122
581 903
581 1409
581 583
582 1586
582 906
582 1411
582 2121
582 2604
583 903
583 2121
583 2122
583 741
583 1409
583 2440
584 2446
584 2445
584 1958
584 1080
584 1590
585 1588
585 1413
585 907
585 2123
585 1418
586 2630
586 2301
586 1589
586 1608
586 768
587 1594
587 745
587 2283
587 2282
587 910
587 1260
587 1775
588 748
588 2127
588 1592
588 726
588 1266
589 1258
589 1260
589 1088
589 1959
589 1420
589 610
589 2305
589 2131
589 1086
590 1265
590 915
590 913
590 2452
590 1094
591 1267
591 1422
591 2449
591 914
591 1266
591 1263
591 1400
591 1595
592 1091
592 749
592 2286
592 593
593 2133
593 1264
593 1091
593 1092
594 2458
594 920
595 1428
595 1970
596 1971
596 1970
596 1973
596 1974
597 1945
597 1946
597 928
597 1279
597 1251
597 2148
598 2468
599 2299
599 1605
599 929
599 1976
600 2300
600 1786
600 1432
600 1104
600 1103
600 1105
600 760
601 2151
601 1980
601 1434
601 1103
601 1104
602 760
602 1786
602 1105
602 930
603 763
603 1103
603 1980
603 1436
604 1281
604 764
604 1107
604 777
605 766
605 1787
605 1982
606 767
606 1283
606 1985
606 1984
607 1286
607 1612
607 1112
607 1990
608 610
608 1612
608 1611
608 1987
608 1112
609 2170
609 1444
609 934
609 1133
610 1987
610 1420
610 1258
610 1086
610 1088
610 2131
610 2305
611 1111
611 2633
611 770
611 772
611 1988
611 1441
612 1790
612 1114
612 1084
612 1963
613 1289
613 2486
613 943
613 2483
614 2480
614 1621
614 616
614 615
614 1120
614 1117
614 1449
614 1993
614 2159
615 1993
615 1449
615 1447
615 1796
615 1120
615 616
615 1621
615 1995
616 1447
616 1290
616 1620
616 1449
616 2310
617 1450
617 2160
617 2477
617 2312
617 1308
618 1999
618 1800
618 2314
619 2489
619 2487
621 1294
621 2488
622 623
622 945
622 1454
622 626
622 625
623 626
623 945
624 2638
624 1805
625 1454
625 1455
625 945
626 1625
626 945
626 2161
627 1805
627 1298
628 1458
628 1127
628 774
629 1459
629 1300
629 1301
629 1128
629 631
630 948
630 1302
630 2494
630 1627
631 776
631 1301
631 1300
631 2166
631 1459
631 1807
632 1129
632 2005
632 1152
632 2003
632 2339
633 1629
633 949
633 2497
633 1812
634 1464
634 1306
634 2500
634 784
634 953
634 2323
634 1637
635 1820
635 1468
635 1641
636 1817
636 2510
636 1824
636 1471
636 638
636 790
636 960
636 1141
637 1469
637 2650
637 1473
637 638
637 1823
637 1145
637 1822
638 2510
638 1824
638 1823
638 960
638 1471
638 2688
638 788
639 1474
639 793
639 1648
639 641
640 642
640 1643
641 1474
641 792
641 1648
642 2652
643 2515
643 1314
644 2003
645 2342
645 1318
645 973
645 1837
646 1836
646 2341
646 1834
647 802
647 1160
647 1659
647 2026
647 1660
647 2184
648 1484
648 803
648 2192
648 820
648 807
648 650
648 2658
649 1861
649 2348
649 1487
650 2192
650 807
651 1502
651 653
651 2036
651 2037
651 809
652 811
652 1846
652 2665
653 1683
653 809
653 2530
653 654
653 2037
654 809
654 823
654 1849
654 1850
654 1683
654 2530
655 1853
655 1332
655 656
655 985
655 2531
656 2040
656 2531
656 1331
656 1332
656 1853
657 2363
657 1334
658 2043
658 1858
658 1678
658 1337
659 989
659 1171
659 1677
659 2045
659 1857
660 1174
660 818
661 1860
661 1859
661 2048
661 2673
662 2367
662 1679
662 2049
662 994
663 1175
663 820
663 2372
663 1178
663 1862
663 2207
664 1004
664 1183
665 2544
666 1186
666 1535
667 2215
667 2546
667 1346
667 1010
668 669
668 1345
668 1687
669 1687
669 1345
670 1015
670 1873
670 1352
670 1511
670 2061
671 1691
672 1192
672 673
673 1875
673 1193
673 1192
674 1876
674 1518
674 1517
675 1519
675 1521
675 1016
676 1354
676 1878
676 2549
676 1521
676 828
677 1697
677 1518
677 679
677 2388
678 1522
678 1696
678 2062
678 1018
678 1017
678 1354
678 1877
678 2390
679 1879
679 1697
679 706
680 2065
680 858
680 1527
681 1361
681 683
681 2393
681 1699
682 1361
682 832
682 2391
682 830
682 1529
682 1363
682 1698
683 1699
683 1519
684 1198
684 1528
684 1362
684 1357
684 1356
684 1202
684 2394
684 829
685 1022
685 1706
685 2397
685 2557
685 686
686 1706
686 1021
686 2397
686 2067
687 1021
687 2398
689 1024
689 1535
689 1708
689 838
690 2073
690 1205
690 1886
691 1886
691 2236
691 1205
692 842
692 1888
692 1026
692 1538
693 1028
694 2074
694 843
694 1028
695 1051
695 2076
695 2580
696 2244
696 1208
696 1537
696 1714
697 2077
697 1894
697 1893
697 1539
697 1030
698 1372
698 1694
698 1713
699 1890
699 700
699 1892
700 851
700 1892
700 1920
700 1054
700 702
701 1900
701 2246
701 846
701 1896
702 1896
702 848
702 1715
702 1371
702 851
702 1054
703 1543
703 1376
703 1897
703 853
703 2082
703 856
703 1903
704 1225
704 2247
704 1897
704 1898
704 847
705 1544
705 2248
705 1378
705 1210
705 711
706 1902
706 1697
706 2251
706 1895
706 1031
707 2565
708 2083
708 1905
708 2252
708 1036
708 1930
708 1745
708 857
708 1568
708 2567
708 2104
709 1034
709 1210
709 1542
710 1542
710 2083
710 2081
710 2249
710 2250
710 2567
710 855
710 1035
710 1036
710 852
711 861
711 1721
711 1544
711 2248
711 1909
711 1378
712 1719
712 858
712 1040
712 1380
712 2088
712 2090
712 2256
712 1546
713 2571
713 1551
714 1907
714 859
714 1044
714 863
714 1381
715 1217
715 862
715 1382
715 1045
715 2414
715 2413
716 2575
716 864
716 865
716 1555
716 2574
717 1732
717 1556
717 1388
718 2103
718 1051
718 1393
718 1923
718 874
718 1921
719 1563
719 1927
719 2267
719 722
720 1736
720 877
720 878
721 1057
721 723
721 1564
721 1226
721 1737
722 1228
722 1057
722 1566
723 1564
723 2423
723 1735
723 1226
723 1057
724 1399
724 1232
724 2270
724 725
724 730
724 1570
725 1399
725 1570
725 888
725 1934
726 1744
726 1592
726 1932
726 2430
726 890
726 1068
726 2269
727 2431
727 2588
727 1572
727 1573
727 730
727 1748
727 1063
727 1749
727 1232
728 1064
728 1065
728 1748
728 1572
728 1573
729 1757
729 1062
729 2428
729 1938
729 1753
729 1751
729 1750
729 891
730 1399
730 1749
730 1232
730 1570
730 2270
731 1398
731 1067
731 2106
731 1066
731 1065
731 2107
732 2276
732 897
732 2113
732 1601
732 1401
732 1238
733 1942
733 2432
733 894
733 1069
734 1578
734 1577
734 2592
734 1404
734 1406
734 1760
735 899
735 1576
735 2116
735 1756
735 1236
736 1764
737 1240
737 2435
737 1243
737 1273
738 739
738 1768
738 1583
738 2601
738 1766
738 1246
739 1246
739 1768
739 1077
740 2444
740 904
740 1587
741 2440
741 1102
741 1767
741 1606
742 1411
742 1254
743 1079
743 1770
743 1081
743 2280
743 1588
743 1771
743 1956
744 1589
744 1417
744 1770
744 1081
745 1775
745 1083
745 1959
745 2283
746 1959
746 1259
746 1590
746 2130
747 1085
747 2284
747 1743
748 2127
748 1262
748 1266
748 2608
749 1084
749 2128
749 1963
749 1772
750 2287
750 2134
750 2450
750 1089
750 912
750 1093
750 937
751 914
751 2285
751 2449
751 893
751 1422
751 1941
751 1094
751 1267
751 1263
751 1961
752 918
752 1969
752 1600
752 1424
752 2456
752 2289
752 1269
752 1096
752 1095
753 1426
753 1780
753 1401
753 1425
753 2616
753 1601
753 1599
753 2136
753 1964
754 1097
754 1428
754 1603
754 919
755 2293
755 2460
756 1098
756 2458
756 1428
757 1429
757 1273
757 758
757 2463
757 1430
758 2144
758 1429
758 2463
759 2296
759 2469
759 925
759 927
760 2627
760 1105
760 1104
760 1103
760 1786
760 2300
761 2441
761 1978
762 1433
762 1435
762 763
762 1979
763 1435
763 1436
763 1979
763 1981
763 1433
764 1981
764 1436
764 2471
764 1281
765 1983
765 1607
765 1788
765 1106
766 1982
766 2629
766 1985
767 1282
767 1789
767 1283
768 1284
768 1608
768 2630
768 931
768 1769
768 1109
768 1417
768 1439
768 2301
769 1286
769 1287
769 1440
769 1791
769 933
770 936
770 2633
770 1285
770 935
770 1441
770 934
771 1114
772 1441
772 2307
773 2000
773 961
773 2019
774 2640
774 1810
774 1809
774 2493
775 1299
775 2320
775 1804
775 947
776 2166
776 1150
776 1300
777 1302
778 780
778 2008
778 1633
778 1461
779 2496
779 1303
779 1632
780 951
780 1630
780 2008
780 1633
780 1462
780 1461
780 1460
781 1630
781 950
781 1460
781 951
781 1304
781 1633
781 782
782 1633
782 1630
782 1304
782 2009
782 1132
782 1460
783 2010
783 1811
784 2323
784 2644
784 1306
784 2500
784 2502
784 953
784 1464
785 2325
785 1134
785 1637
785 1814
786 1640
786 2174
786 1139
786 1818
786 2506
787 958
787 2176
787 789
787 960
788 1471
788 1470
788 1824
788 2509
788 1146
788 1141
788 959
788 2688
789 958
789 2481
789 944
789 1623
790 1817
790 1308
790 960
791 1142
791 1643
791 1646
791 1821
791 2651
792 2017
793 1475
793 961
793 2019
794 1480
794 1483
794 969
794 1314
795 1154
795 971
795 1657
795 1316
796 973
796 1318
796 2185
796 1156
796 797
796 1658
796 2342
796 1839
796 1319
797 1319
797 2185
797 1658
797 1661
797 1839
797 1156
797 1318
798 2188
798 1843
798 799
798 2345
798 2522
798 977
799 1157
799 2188
799 977
799 976
799 1485
800 2027
800 2523
800 2347
800 2522
800 1322
800 1320
801 2346
801 2028
801 974
801 1320
802 1843
802 1660
802 1160
802 2345
802 2184
803 1841
803 1484
803 1323
804 1164
804 1165
804 1163
804 1161
804 2354
804 2189
804 1666
804 1665
805 1161
805 979
805 1165
805 2660
805 1664
805 2031
806 2030
806 1665
806 1324
806 1165
806 1664
807 2525
807 2192
807 1844
808 1670
808 2193
808 811
808 2665
808 1490
808 1846
809 2530
809 2037
809 1683
809 823
809 1340
810 2356
810 1166
810 982
810 2038
810 1642
811 2665
811 1848
811 1846
812 1668
812 2036
812 2663
812 2357
813 1671
813 2529
813 2032
813 1669
813 2034
814 1476
814 2360
814 962
814 1851
815 2362
815 1674
815 2197
816 2041
816 1676
816 1169
817 1493
817 2204
817 2536
817 1496
818 992
818 2537
818 991
818 2203
818 2674
818 1498
819 998
819 2539
819 2538
819 2206
820 2658
820 2541
820 1484
820 996
820 1175
821 2210
821 999
821 1681
821 1000
821 2369
821 1499
821 2371
821 1182
821 1181
821 1500
822 1339
822 1003
822 1867
822 2370
823 1850
823 1683
823 2680
823 2679
823 1340
824 1342
824 1187
825 2058
825 1188
825 1009
825 1008
825 1690
826 1686
826 2057
826 1008
827 1014
827 2387
827 1194
828 1878
829 1357
829 1356
829 1360
829 830
829 1362
829 2394
830 1356
830 1698
830 2554
830 1362
830 1363
831 2228
831 1360
831 2225
831 1199
831 1523
832 1361
832 1529
832 1363
832 2395
832 2063
833 2065
833 834
833 1524
833 1526
833 1197
833 2226
834 1524
834 1526
834 2392
834 861
834 2226
834 2553
834 2227
834 1701
834 1530
835 1366
835 1202
835 1201
835 1532
835 2229
835 2560
835 1882
836 2069
837 2556
837 1703
837 1705
838 1205
838 1535
838 1708
838 1024
839 2070
839 1887
839 840
839 1025
840 1887
840 2400
840 2562
841 2238
841 1219
841 1709
842 2242
842 1538
842 1539
842 1026
842 1889
842 1888
843 2074
844 1370
844 2563
844 1030
845 2245
845 2243
845 2402
845 1890
845 1029
846 1900
846 1899
846 2246
846 850
847 1898
847 1033
848 851
848 1565
848 1227
848 1715
848 2424
848 1896
849 850
849 2079
849 1899
850 2079
850 1899
851 2424
851 1054
851 1920
851 1565
851 1715
852 1036
852 1718
852 1542
852 1213
852 2408
853 1376
853 856
853 1230
853 1903
853 1058
853 1543
853 2082
853 1541
854 1904
854 2251
854 1902
855 1717
855 1034
855 1035
855 2249
855 2250
855 2081
855 1542
856 1903
856 1376
856 1543
856 2082
857 2104
857 1568
857 1726
857 1905
857 1213
857 2406
857 1036
858 2090
858 1527
858 1040
858 1380
858 1721
858 1720
858 2256
859 1906
859 1907
859 1211
859 2087
859 1038
859 1044
860 1041
860 2411
860 2410
860 2091
860 1212
860 1379
860 1723
860 1725
860 2407
861 2248
861 1378
861 2392
861 2227
861 2553
862 2414
862 1217
862 1072
862 1382
862 1237
862 1727
863 1548
863 1551
863 2257
863 1381
863 1724
864 865
864 2574
864 2097
864 1555
865 2261
865 867
865 2415
865 1384
866 1547
867 2415
867 1384
867 1554
867 1731
867 2096
867 2261
868 1403
868 2416
868 1550
869 1386
869 1387
870 1913
870 1219
870 2071
871 1388
871 1389
871 2576
871 1220
871 2098
871 2262
871 1732
872 1919
872 1393
873 1221
873 1915
873 1917
873 1047
873 1387
874 1052
874 1393
874 1923
874 1921
874 2103
875 1922
875 1925
875 1049
875 1560
875 1222
875 2263
876 2602
876 2264
876 1951
876 1224
877 2266
877 1738
877 878
877 1736
878 1736
878 1055
878 1738
879 1231
879 1737
879 2421
879 1394
879 1566
879 881
879 880
880 1061
880 1394
880 1563
880 1566
880 1741
881 1737
881 1394
881 2421
882 2444
882 1559
882 1739
883 1740
883 1541
883 1746
883 1229
883 1716
883 2587
883 2405
883 1569
883 2084
884 1060
884 2268
884 2426
884 1396
884 1395
884 1567
884 1933
884 887
884 1059
885 886
885 1934
885 2427
885 888
885 2425
885 1397
885 1396
885 1395
886 1397
886 1931
886 2427
886 2585
886 889
887 2426
887 1933
887 1059
887 1930
887 1567
887 2270
888 1570
888 2425
888 1395
888 890
888 1932
888 1934
889 1397
889 1931
889 2585
889 1743
890 2269
890 1744
890 1233
890 1932
890 1068
891 2428
891 1938
891 1062
891 1750
891 892
891 1751
891 1571
892 2429
892 1750
892 1062
892 1571
892 1937
893 1400
893 1067
893 1422
893 2285
893 1263
894 1759
894 2273
895 2273
895 1763
896 1747
896 1401
896 1425
896 2685
896 1940
896 2433
897 2276
897 2114
897 2113
897 1754
898 1073
899 1576
900 1245
900 2437
900 1248
901 1734
902 1949
902 1952
902 1253
902 1078
902 1586
902 1249
903 1953
903 1954
903 1412
903 1409
904 1948
904 1254
904 2278
904 1587
905 2603
905 1252
906 1411
906 2604
906 1949
906 1586
906 1078
907 1255
907 1591
907 2123
907 1957
908 1960
908 1261
908 909
908 1773
908 1774
908 1087
909 2283
909 2282
909 910
909 1776
909 1775
909 1083
909 1087
909 1774
909 1773
910 1082
910 1776
910 2282
911 2609
911 2455
911 2132
911 1262
912 2287
912 2450
912 2134
912 1597
912 1089
912 1093
912 2453
913 2454
913 1090
913 1265
913 2452
914 2285
914 1422
914 1267
914 1263
914 1595
914 2449
914 1961
915 1094
915 1747
915 1265
915 1936
915 2451
915 1941
916 917
916 1968
917 1969
917 2613
917 1968
917 2612
917 1269
918 943
918 1424
918 2137
918 1451
918 1600
918 1967
919 2143
919 1427
920 2140
920 2294
920 2142
921 2141
921 2140
921 1272
921 1602
921 1782
922 1604
922 1274
923 1975
923 1295
923 1276
923 1275
924 1099
924 2621
924 2464
924 1275
925 1277
925 2469
925 2466
926 2147
926 1783
927 2296
928 2148
928 1279
928 1431
929 1605
929 1976
929 2146
929 2298
930 1786
930 2626
930 1102
930 2149
931 1109
931 1439
931 1417
931 1280
931 1769
932 1282
932 2474
932 1437
932 1107
932 1787
933 934
933 1440
933 1111
933 1287
933 1988
933 1444
934 1111
934 1285
934 935
934 1440
934 1988
934 1441
934 1444
935 1285
935 936
935 1133
935 1441
936 1285
936 2326
936 1133
937 1615
937 2135
937 2632
937 1113
938 1795
938 1617
938 1618
938 1996
939 1115
939 1291
939 1445
939 2155
939 2478
939 2477
939 2154
940 1991
940 1446
940 1614
940 2307
940 2308
940 2156
941 1289
941 1620
941 1619
941 1452
941 1448
941 2158
941 1997
942 1288
942 2484
942 1292
942 1996
942 1618
943 1451
943 2137
943 2482
943 2483
943 1288
943 1967
944 1623
944 1120
945 1454
946 2319
947 1457
947 1126
947 1432
948 1627
948 1302
948 2494
949 2495
949 1629
950 1460
950 1629
950 951
951 1630
951 1460
951 1462
952 2641
952 1129
952 2167
953 1637
953 2168
954 1816
954 2508
954 1639
955 2324
955 1815
955 957
956 1138
956 1139
956 2013
956 2328
956 2505
957 1307
957 2175
957 1636
958 2015
958 2176
959 2014
959 1146
959 2648
959 1470
959 1642
959 1467
959 1824
959 1141
960 1817
960 2510
960 2176
960 1823
960 1471
961 1475
961 2019
962 1847
962 2020
962 1672
962 1851
963 1829
963 1651
963 1828
964 1649
964 1147
964 2654
965 2334
965 1655
965 1311
966 1151
966 1478
966 2337
967 1830
967 2178
967 1149
967 1831
968 2023
968 1312
969 1833
969 1314
969 1483
969 1480
970 1151
970 2025
970 2181
970 2182
971 2513
971 1316
971 1315
971 1153
971 1152
971 1154
972 1838
972 2655
972 2520
972 2029
973 1156
973 1318
973 1839
973 1658
973 1837
973 2342
974 1321
974 1840
974 1841
974 2344
974 2657
975 2689
975 1486
975 2190
975 1636
975 2656
976 1157
976 1485
977 2188
977 2522
977 2345
977 1843
978 1325
978 2034
978 2031
978 2032
978 979
978 1161
979 1161
979 1165
979 2660
979 1665
979 2031
980 2210
980 1844
980 1181
980 2350
980 2351
980 2191
980 2352
981 2035
981 1330
981 2528
981 1668
982 2356
982 1166
982 2038
982 1328
982 2664
983 2361
983 1491
983 2039
984 1332
984 2040
985 1853
985 1332
986 2375
986 2532
986 2669
987 2195
987 2196
987 1332
988 1336
988 2533
988 2363
989 1171
989 2201
989 1493
989 2365
989 990
989 1857
990 993
990 2365
990 2201
991 2537
991 1497
991 1498
991 2674
991 992
992 1679
992 2537
992 2675
992 2049
992 1497
993 2201
993 2047
994 1864
994 995
994 2367
994 2368
994 1679
995 2368
995 1864
996 2539
996 2658
996 1484
996 1842
996 2538
997 2206
997 1338
997 2051
998 2208
998 1862
998 2206
998 1338
998 1175
999 2369
999 1680
999 1500
999 2210
999 1499
999 1181
999 1177
1000 1499
1000 1500
1000 2369
1000 2371
1000 1182
1000 1339
1000 1681
1001 1867
1001 1003
1001 1869
1001 2678
1002 1869
1002 2542
1002 1868
1002 1341
1002 2678
1003 2211
1003 1867
1003 1869
1004 2544
1004 1183
1005 1871
1005 1344
1006 1884
1006 1885
1007 1344
1007 1505
1007 2545
1008 1188
1008 2058
1008 1690
1008 1009
1009 1686
1009 2058
1009 1369
1010 2059
1010 2215
1010 1011
1010 2383
1010 1515
1011 2059
1011 1513
1011 1515
1012 1692
1012 2217
1012 1510
1012 1511
1012 1190
1013 1689
1013 1189
1013 1347
1014 2221
1014 1355
1014 2385
1015 2384
1015 1351
1015 1352
1016 1018
1016 2062
1016 2551
1016 1519
1016 1521
1016 1880
1017 1522
1017 1018
1017 1877
1017 1354
1018 2062
1018 1877
1018 1521
1019 2399
1019 1702
1019 1358
1019 1531
1020 1704
1020 1528
1020 1198
1021 2068
1021 1706
1022 1364
1022 1533
1022 2067
1022 2399
1022 1706
1022 2397
1023 2237
1024 1205
1024 2235
1024 2236
1024 1708
1025 2070
1025 1204
1025 2561
1026 1368
1026 1889
1026 1888
1026 2239
1026 2242
1027 2240
1027 1536
1027 2401
1028 2683
1028 1712
1028 2074
1029 2243
1029 1540
1029 1890
1029 2402
1029 1371
1030 1539
1030 1894
1030 1538
1030 2077
1031 1895
1031 1902
1032 1540
1033 2080
1034 1542
1034 1375
1034 2086
1034 1717
1034 2250
1034 2085
1035 2249
1035 2250
1035 1374
1035 1901
1035 1716
1035 2081
1036 1718
1036 2408
1036 1568
1036 2083
1036 2406
1036 1213
1036 2252
1036 1905
1036 2249
1036 1726
1036 2567
1037 1719
1037 1041
1037 2088
1037 2253
1037 1546
1038 2255
1038 1211
1038 1906
1038 2568
1038 1531
1039 2410
1039 1908
1039 1379
1039 1725
1040 1721
1040 2090
1040 1720
1040 1546
1040 2088
1040 1380
1040 2256
1040 1527
1041 1725
1041 1723
1041 2411
1041 1722
1041 2253
1042 2684
1042 2260
1043 2067
1043 1533
1044 2258
1044 1907
1044 2087
1045 1548
1045 1381
1045 2259
1045 1551
1045 2570
1046 1554
1046 1385
1046 1731
1046 2573
1046 1912
1047 1915
1047 1917
1047 1918
1047 1733
1047 1221
1050 1561
1051 2103
1051 2102
1051 2580
1052 1923
1052 1921
1052 1393
1052 1561
1053 2583
1053 2263
1053 1926
1053 2265
1053 2266
1054 1056
1054 2424
1054 1715
1054 1565
1054 1920
1055 1738
1055 1227
1055 1565
1056 2263
1056 2265
1056 1920
1056 1560
1056 1925
1056 1565
1057 1226
1057 1228
1057 2423
1057 2421
1057 1737
1057 1566
1057 1564
1058 1541
1058 2405
1058 1929
1058 2420
1058 1569
1058 1230
1058 2082
1059 1745
1059 1933
1059 1740
1059 2268
1059 2426
1059 1930
1059 1567
1059 1060
1060 1396
1060 1395
1060 2426
1060 1933
1060 2586
1060 2271
1060 2268
1061 2105
1061 1231
1061 1741
1061 1394
1062 1751
1062 1937
1062 1938
1062 1750
1062 2428
1063 2254
1063 1573
1063 2431
1063 2588
1063 1748
1063 1749
1064 1573
1064 1572
1064 1571
1064 2431
1064 1748
1065 2107
1065 1751
1065 1572
1065 1398
1065 2106
1065 1066
1066 2107
1066 1067
1066 2590
1066 2106
1066 1398
1068 1939
1068 1932
1068 1400
1068 2430
1068 2611
1068 1233
1069 1237
1069 1072
1069 1942
1069 2274
1070 1402
1070 1235
1070 1758
1070 1238
1070 1574
1070 1071
1070 2112
1071 2275
1071 1753
1071 2112
1071 1235
1071 1402
1071 1757
1071 1758
1072 1237
1072 2274
1072 1942
1072 2110
1073 2594
1073 1577
1074 1430
1074 2598
1074 2120
1074 1273
1075 1253
1075 1249
1075 1584
1076 1250
1076 2599
1077 1768
1077 1585
1078 1949
1078 1253
1078 1586
1078 1952
1078 2604
1079 1770
1079 1771
1079 1589
1079 2605
1079 1956
1079 1081
1079 2280
1080 2445
1080 1590
1080 1958
1080 2446
1081 1589
1081 1956
1081 1770
1081 2443
1081 2280
1081 1771
1082 2608
1082 1773
1082 1776
1082 2126
1083 2283
1083 1087
1083 1775
1083 2129
1084 1772
1084 1963
1084 1419
1084 1593
1085 2284
1085 1414
1086 1260
1086 2131
1086 1420
1086 2607
1087 2129
1087 1774
1087 2284
1088 1420
1088 2305
1088 1258
1088 1611
1088 2631
1088 1110
1089 1093
1089 2453
1089 2287
1089 2450
1089 1597
1089 2134
1090 1092
1090 2133
1090 1421
1090 1423
1090 1777
1090 1264
1091 2286
1091 1264
1091 2133
1092 2133
1092 1421
1092 1777
1092 1264
1093 2450
1093 2134
1093 2287
1093 2453
1094 1265
1094 2285
1094 1941
1094 2452
1095 1964
1095 1268
1095 1096
1095 2456
1095 2289
1095 2617
1095 2618
1096 1269
1096 2618
1096 2617
1096 2456
1096 1969
1097 1603
1097 1239
1097 1762
1098 1782
1099 1275
1099 2465
1099 2621
1099 2464
1100 2295
1100 2001
1101 1431
1101 1784
1102 2626
1102 1606
1103 1980
1103 1786
1103 1104
1103 1105
1103 2627
1104 1432
1104 2300
1104 1786
1104 1105
1104 2627
1104 1980
1105 2470
1105 1786
1105 2300
1105 2627
1106 1989
1106 1788
1106 1607
1107 2302
1107 1437
1108 1958
1108 1983
1108 2472
1109 1986
1109 1439
1109 2630
1109 1284
1109 1769
1109 1608
1110 1590
1110 2475
1110 1611
1111 2304
1111 1988
1111 1440
1111 1441
1112 1612
1112 1990
1112 1989
1113 2135
1113 1615
1113 2632
1114 2476
1114 1790
1114 1610
1115 1445
1115 1446
1115 1613
1115 2478
1115 1992
1115 2155
1115 2157
1116 1619
1116 2634
1116 1797
1116 1448
1117 2480
1117 2481
1117 1621
1117 1622
1117 2635
1117 2159
1118 2480
1118 2311
1119 1994
1119 2485
1119 2636
1119 1144
1120 2635
1120 1621
1120 2159
1120 1449
1120 1623
1120 1796
1120 1993
1121 1800
1121 1272
1121 2141
1122 2491
1122 2321
1122 1278
1123 2491
1123 1125
1123 1124
1124 2491
1124 1125
1125 2002
1125 2163
1126 1457
1126 2150
1127 1128
1127 2005
1127 1628
1128 1300
1128 1130
1128 1628
1128 1301
1129 2003
1129 2641
1129 2167
1130 2513
1130 1628
1130 1300
1131 1835
1131 2498
1131 1317
1131 2520
1132 1303
1132 1630
1132 2007
1132 1632
1132 2496
1132 2009
1133 2012
1133 2326
1133 1465
1133 1285
1134 2325
1134 1814
1134 2643
1134 2647
1135 1634
1135 2324
1135 1465
1135 2501
1135 2012
1135 1813
1136 1463
1136 2499
1136 1307
1137 1159
1138 2156
1138 1614
1138 2505
1138 2308
1138 2327
1139 2172
1139 2328
1139 1818
1140 1641
1140 1468
1140 2173
1140 2507
1141 2648
1141 1824
1141 1819
1141 1640
1141 1817
1141 1471
1141 2331
1141 2014
1141 1467
1142 1821
1142 2651
1142 2015
1143 2332
1143 1145
1143 1822
1143 1645
1144 2485
1144 1623
1144 1994
1145 1469
1145 2016
1145 2650
1145 2332
1145 1473
1145 1822
1145 1823
1146 1166
1146 2332
1146 1642
1146 1470
1146 2509
1147 2654
1147 1649
1148 2336
1148 1832
1148 1313
1149 2178
1149 2687
1149 1830
1150 1657
1150 2518
1150 2166
1150 2513
1151 2182
1151 1494
1152 2339
1152 1153
1153 2516
1153 1154
1153 2179
1153 1316
1153 1315
1154 1315
1154 1316
1155 1837
1155 1482
1155 1656
1155 2343
1155 2338
1156 1839
1156 2185
1156 1318
1156 2342
1156 1658
1156 1319
1157 1485
1158 2169
1158 2028
1158 1635
1159 1322
1159 2659
1159 2523
1160 2348
1160 2184
1160 2345
1160 1660
1160 1843
1161 1165
1161 1164
1161 2031
1161 1665
1161 2660
1162 1845
1162 1667
1162 1663
1162 2526
1163 1164
1163 2524
1163 2354
1163 2189
1163 1666
1164 2524
1164 1665
1164 2189
1164 1666
1164 2354
1165 1665
1165 1664
1165 2189
1165 2030
1166 2661
1166 2356
1166 1642
1166 2359
1166 2038
1166 1327
1166 1328
1167 1852
1167 1850
1167 2527
1167 1503
1167 2670
1167 1685
1168 1674
1168 1856
1168 2198
1169 2041
1169 2533
1170 1678
1170 2535
1170 1858
1170 2690
1171 1493
1171 1677
1171 2045
1171 1857
1172 2366
1173 2187
1173 1662
1173 2203
1173 1661
1173 1174
1174 1661
1174 2203
1175 2372
1175 1178
1175 2208
1175 2207
1175 1862
1176 2205
1176 1861
1177 1680
1177 2677
1177 1844
1177 1866
1177 2372
1178 1501
1178 1866
1178 1682
1178 1862
1178 2372
1178 2207
1179 1865
1179 2373
1179 1500
1179 1180
1180 1500
1180 1501
1180 2373
1180 1865
1181 1499
1181 2350
1181 2369
1181 2351
1181 2371
1181 2210
1181 1326
1182 1326
1182 2369
1182 2371
1182 1499
1182 1681
1182 2211
1183 1184
1185 2378
1185 1871
1186 2380
1186 1535
1186 1187
1187 1342
1188 1690
1189 1347
1189 2548
1189 2218
1190 2217
1190 1693
1190 1509
1191 2548
1191 2218
1192 1350
1192 2386
1193 2061
1193 1875
1193 1349
1194 1353
1194 2387
1195 1196
1195 2552
1195 1879
1195 1522
1195 1520
1196 2552
1197 2682
1197 1698
1197 2391
1197 2065
1197 1525
1197 1700
1198 1202
1198 1704
1198 1528
1198 2394
1199 1362
1199 1360
1199 1523
1199 2228
1199 2225
1199 1359
1199 1356
1199 2554
1200 2063
1200 1701
1200 2224
1200 1524
1200 1880
1200 1530
1201 1366
1201 2066
1201 2229
1201 2558
1202 1528
1202 1357
1202 2394
1202 1882
1202 2229
1203 2234
1203 2233
1203 1534
1203 1555
1204 2561
1204 1710
1205 2236
1206 2401
1206 1712
1206 1711
1207 2244
1207 1714
1207 1695
1207 1691
1207 1208
1208 1370
1208 2244
1208 1714
1208 1691
1209 2403
1209 2222
1210 1378
1210 1544
1210 2248
1211 2568
1211 1906
1211 2087
1211 2255
1212 1545
1212 2091
1212 1377
1212 2089
1212 1719
1212 2407
1213 1905
1213 2408
1213 1726
1213 2406
1214 2094
1214 2095
1214 1553
1214 1382
1214 1575
1214 1383
1215 2092
1215 2093
1215 1216
1216 2569
1216 1910
1216 2093
1216 2092
1216 1547
1217 1237
1217 2414
1217 1727
1217 1549
1218 2593
1218 1404
1218 1406
1218 1912
1219 2417
1219 1389
1220 1732
1220 2262
1220 2098
1220 1389
1221 2579
1221 1918
1221 1917
1222 2102
1222 1560
1222 1922
1222 1925
1223 2418
1223 2582
1223 1557
1224 2419
1224 1950
1224 1558
1224 2442
1224 2264
1224 2581
1224 1410
1224 1924
1225 1897
1225 2584
1225 2247
1225 1927
1225 2404
1225 1928
1226 1735
1226 2423
1226 1564
1227 1565
1227 1928
1227 2424
1227 1715
1228 1566
1228 2423
1228 2421
1229 1569
1229 2587
1229 1929
1229 1230
1229 1746
1229 2105
1230 2082
1230 2420
1230 1541
1230 1569
1230 1929
1230 2587
1230 2405
1231 1394
1231 1741
1232 2270
1232 1749
1232 1570
1232 1399
1233 1939
1233 2590
1233 2272
1233 1399
1234 1937
1234 2115
1234 2111
1234 1752
1235 2112
1235 1402
1235 1753
1235 1758
1235 1935
1236 2116
1236 1756
1236 1755
1236 2288
1236 2109
1236 2114
1237 1382
1237 2110
1237 2274
1238 2113
1238 2276
1239 1762
1239 2595
1240 1241
1240 1579
1241 1579
1241 2596
1241 2597
1241 1407
1243 2435
1243 2144
1244 1765
1244 1246
1245 2437
1245 1584
1245 1248
1246 1583
1246 1768
1247 2600
1247 1408
1248 1584
1248 2439
1248 2437
1249 1253
1249 1952
1249 1949
1250 2599
1251 2147
1251 2148
1251 1279
1251 2439
1251 1945
1251 1946
1252 2603
1253 1952
1253 1586
1253 1949
1254 1587
1254 2278
1254 1411
1254 1947
1254 1948
1255 2123
1255 1256
1255 1957
1255 1591
1255 2279
1256 2279
1256 1259
1257 2281
1257 2278
1257 1415
1257 1416
1257 1947
1258 1260
1258 2305
1258 2131
1258 1420
1258 1959
1259 2448
1259 2130
1260 2131
1260 2447
1260 1594
1260 1775
1261 2125
1261 2126
1261 1773
1261 1960
1262 2609
1262 2455
1262 2610
1263 2449
1263 1400
1263 1961
1263 2285
1263 1267
1263 1422
1263 1595
1264 1777
1264 2133
1264 2132
1264 1423
1264 1421
1265 2451
1265 2452
1265 1941
1266 2455
1266 2127
1266 2608
1266 1595
1267 1422
1267 1961
1267 2285
1267 2449
1267 2452
1267 1595
1268 2139
1268 1424
1268 2456
1268 2289
1268 2618
1268 1596
1268 1962
1269 1968
1269 1969
1269 2612
1269 1600
1270 2138
1270 1779
1271 2614
1271 2460
1271 1966
1272 2141
1272 2140
1273 2463
1273 1430
1274 2145
1274 1277
1274 2462
1275 1975
1275 2464
1275 1276
1276 1604
1277 2466
1277 2462
1278 2623
1278 2624
1279 1431
1279 1945
1279 2148
1280 1954
1280 1769
1280 1412
1281 1981
1281 1436
1281 2471
1282 1283
1282 2152
1282 2303
1282 1789
1283 2303
1283 2686
1283 1789
1283 1609
1284 2152
1284 2303
1284 1609
1284 2301
1284 1608
1284 2630
1285 1444
1285 1441
1286 1612
1286 1287
1287 1791
1287 1440
1287 1612
1288 1451
1288 1967
1288 1795
1288 2482
1288 1618
1288 2137
1289 1290
1289 1452
1289 1620
1289 1997
1289 2483
1289 2486
1290 2484
1290 2486
1290 2310
1290 1449
1290 1620
1290 1997
1291 2311
1291 2312
1291 2477
1291 2478
1291 1445
1291 2154
1292 2484
1292 1618
1292 1996
1293 2636
1293 1995
1293 2487
1293 1797
1293 1447
1294 1797
1295 1975
1295 1455
1296 1802
1296 1297
1296 1625
1297 1802
1298 2321
1298 1805
1299 2164
1299 2320
1299 1804
1299 1808
1300 2166
1300 1628
1300 1301
1301 1628
1301 1459
1302 1627
1303 1632
1303 2496
1303 2009
1304 2010
1304 2009
1305 2169
1305 1638
1305 1635
1305 2645
1305 2499
1306 1637
1306 2500
1306 1464
1306 2644
1306 2323
1307 2503
1307 1463
1307 2656
1307 1636
1308 2160
1308 1450
1309 1647
1310 1826
1310 1825
1310 2018
1310 2021
1310 2512
1311 2166
1311 1655
1311 2334
1311 1807
1312 2023
1312 1830
1312 2335
1313 2336
1313 1832
1314 1480
1314 2515
1315 1316
1315 2179
1315 2516
1316 2516
1317 2498
1317 2520
1317 1835
1318 1658
1318 1319
1318 1839
1318 2342
1318 2185
1319 1658
1319 2342
1319 2185
1319 1839
1320 2522
1320 2188
1320 2028
1320 2347
1320 2346
1321 2657
1321 1840
1321 1841
1321 1323
1321 2344
1322 2027
1322 2522
1322 2523
1322 2029
1322 2347
1323 1484
1323 1840
1323 1841
1324 1489
1324 2349
1324 2030
1324 1664
1325 2351
1325 2352
1325 1326
1325 2032
1326 2032
1326 2352
1326 2351
1327 2356
1327 1328
1327 2038
1327 2661
1327 2359
1328 2664
1328 2661
1328 2359
1328 2356
1328 2038
1329 1472
1329 2330
1329 1847
1330 2528
1330 2035
1331 1333
1332 2040
1332 2531
1332 1853
1333 2360
1334 2671
1334 1335
1334 1336
1334 2672
1334 2363
1335 1336
1335 2671
1336 2363
1337 1858
1337 2365
1337 2690
1337 1678
1337 2043
1338 2540
1338 2676
1338 1863
1338 2208
1339 2370
1339 2209
1339 1681
1340 1683
1340 2680
1341 2052
1341 2542
1341 2678
1341 1869
1341 1868
1342 2214
1342 1507
1342 2377
1343 1690
1344 1505
1346 1686
1346 2216
1347 2548
1347 2547
1347 1874
1348 1694
1348 2220
1348 1873
1349 1511
1349 1510
1349 2061
1349 2384
1350 2221
1350 2386
1350 2060
1351 1352
1351 2384
1351 2223
1351 1516
1352 1891
1352 2220
1352 2223
1352 1873
1352 2564
1353 2550
1353 2387
1354 1877
1355 2385
1356 2225
1356 1362
1356 2554
1356 1360
1356 1359
1356 1357
1357 2225
1357 2394
1357 1359
1357 1528
1357 1362
1358 1531
1358 2568
1358 1525
1358 2064
1358 1702
1359 2225
1359 2558
1359 1360
1360 1523
1360 2228
1360 2225
1360 2554
1360 1362
1361 1363
1361 1529
1361 2393
1361 1699
1362 2394
1362 2554
1362 2225
1362 1698
1363 1529
1363 2391
1363 2395
1363 2393
1363 2063
1363 1698
1364 1533
1364 2399
1364 2258
1365 2231
1365 1705
1366 2560
1366 2558
1366 2066
1366 2229
1367 2230
1367 2555
1368 1889
1368 2239
1369 2058
1369 2240
1369 1686
1370 1536
1371 2402
1372 2245
1372 1713
1373 2222
1373 2223
1373 1516
1374 1543
1374 1901
1375 2085
1375 2086
1375 1717
1375 1901
1376 1903
1376 2566
1376 1543
1377 2407
1377 1545
1377 2088
1377 2089
1377 1719
1377 2091
1378 2248
1378 1909
1378 1544
1379 2410
1379 1725
1379 1908
1380 2256
1380 1720
1380 1721
1380 1527
1380 2088
1380 2090
1380 1546
1381 2570
1381 2571
1381 1551
1381 1548
1382 1553
1382 2414
1382 2413
1382 1383
1383 1575
1383 2413
1383 1553
1383 1552
1383 2094
1383 2095
1383 1550
1384 1731
1384 1554
1384 2261
1384 2415
1385 1554
1385 1912
1385 2573
1386 1387
1386 1734
1388 1916
1388 1732
1388 1556
1388 2098
1389 2417
1389 2262
1390 2100
1391 1919
1391 2578
1392 1765
1393 1923
1394 1741
1395 2426
1395 2425
1395 2427
1395 1933
1395 1934
1395 1396
1396 2427
1396 2271
1397 1743
1397 2427
1397 2585
1397 1931
1398 2428
1398 2107
1398 1751
1398 2106
1399 1939
1399 1570
1399 2272
1400 2611
1400 1422
1400 1595
1400 2430
1401 1601
1401 2136
1401 2433
1401 1425
1401 2615
1401 2276
1401 2685
1402 2275
1402 2112
1402 1574
1402 1757
1402 1758
1402 1753
1402 1752
1403 2416
1403 1550
1403 2117
1403 1405
1404 1577
1404 2593
1404 1406
1405 2117
1406 2594
1406 2593
1406 1577
1407 2120
1407 2119
1407 2597
1407 2596
1408 2438
1409 2122
1409 1954
1410 2442
1410 2419
1410 1950
1410 1948
1411 2122
1411 2121
1411 2603
1412 1953
1412 1954
1412 1417
1412 1769
1413 2124
1413 1418
1414 1955
1414 1957
1415 1416
1415 2281
1416 2443
1416 2281
1417 1769
1417 1439
1417 1589
1417 2606
1417 1953
1418 1588
1418 2124
1419 1593
1419 1772
1419 2607
1419 1610
1420 2131
1420 1987
1420 2631
1420 2305
1421 1777
1421 2133
1422 1595
1422 2285
1422 2449
1422 1961
1423 2132
1423 1777
1423 2133
1423 2455
1424 2137
1424 2289
1424 2139
1425 2433
1425 2290
1425 1601
1425 2615
1425 2136
1425 2685
1426 1599
1426 2291
1426 2292
1426 1778
1426 1964
1426 1780
1426 2616
1426 2617
1427 2143
1427 2459
1427 1974
1428 1603
1429 2465
1430 2463
1431 2470
1431 1784
1432 2150
1432 2300
1433 2628
1433 1435
1433 1979
1434 2151
1435 1979
1436 1981
1436 2471
1437 2302
1437 1787
1438 1986
1438 2473
1439 1986
1439 1769
1439 2630
1439 1608
1440 1988
1441 1988
1441 2633
1442 1791
1442 1790
1442 2476
1442 1610
1443 2306
1443 1792
1444 1988
1445 2154
1445 2311
1445 2155
1445 2478
1445 2477
1446 1616
1446 2157
1446 1991
1446 2156
1446 1992
1447 2636
1447 1796
1447 1993
1447 1995
1448 2158
1448 2634
1448 1797
1448 1619
1449 1993
1449 2159
1449 2310
1449 1621
1450 2160
1450 1622
1450 2312
1451 1618
1451 2137
1451 2482
1451 1967
1452 2158
1452 1997
1452 1965
1452 1620
1452 2486
1453 1999
1453 1998
1454 2316
1454 2317
1454 1801
1454 2001
1454 1455
1455 2317
1456 2319
1456 1626
1456 2492
1456 2002
1457 2006
1457 2004
1457 2639
1458 2642
1458 2639
1458 2006
1458 2004
1459 1807
1459 2318
1459 2166
1460 1633
1460 1630
1460 1461
1460 1462
1461 1462
1461 2008
1461 2007
1461 1633
1461 1630
1462 2008
1463 1636
1463 2656
1463 2503
1464 2644
1464 2500
1464 2323
1465 1639
1465 2012
1465 1813
1465 2326
1465 2501
1465 2508
1465 1634
1466 2499
1466 1638
1467 1820
1467 2648
1467 2014
1467 1470
1467 2171
1468 2507
1468 1641
1469 1822
1469 2650
1469 2016
1469 1473
1469 1823
1470 2509
1470 1824
1470 1642
1470 2648
1471 2331
1471 1824
1471 1819
1471 2688
1471 1817
1471 2648
1471 2510
1472 2329
1472 2330
1472 1645
1472 1847
1473 2650
1473 1822
1473 1823
1473 2016
1474 1648
1474 1825
1475 2019
1475 2177
1476 2653
1476 2360
1476 1851
1477 1492
1477 1654
1477 2024
1478 2042
1478 2337
1479 1480
1479 2179
1479 1656
1479 2338
1480 1483
1481 2044
1481 2182
1481 2180
1481 2517
1482 2343
1482 2340
1482 2186
1484 1842
1484 2658
1486 2656
1486 2190
1486 1489
1486 2033
1486 1636
1486 2689
1487 2348
1487 1861
1487 1497
1488 2349
1488 2033
1489 2349
1489 2190
1489 2526
1489 1667
1490 2667
1490 2666
1490 1846
1490 1672
1490 1670
1491 2361
1491 1673
1492 1654
1492 2024
1493 2201
1493 1857
1493 2536
1493 2047
1494 2182
1495 2045
1495 2044
1495 2200
1496 2536
1496 2204
1496 1662
1497 2675
1497 2537
1498 2203
1498 1661
1499 2210
1499 2369
1499 1681
1499 2371
1499 1500
1500 1865
1500 2373
1500 1680
1500 1681
1501 1682
1502 2036
1502 1671
1502 2663
1502 2374
1502 2037
1503 2668
1503 1685
1503 1850
1503 2679
1503 2527
1504 2212
1504 2213
1504 1684
1504 1870
1505 1507
1505 2545
1506 2381
1506 2378
1506 2379
1507 2214
1507 2377
1508 2382
1508 2056
1508 2057
1508 1872
1508 1687
1510 1511
1510 2219
1510 2217
1510 2061
1511 2061
1511 1873
1511 2217
1512 1692
1513 2059
1513 1515
1513 1691
1514 2219
1515 2383
1515 2059
1515 2215
1516 2222
1516 2223
1517 1895
1517 1876
1517 1518
1518 1876
1518 1697
1518 2388
1519 2389
1519 2551
1520 1879
1520 2552
1520 2565
1521 2549
1522 2390
1522 1877
1522 2062
1522 1696
1523 2554
1523 2225
1523 2228
1524 1701
1524 1530
1524 1526
1524 2226
1525 1702
1525 1700
1525 2064
1526 1701
1526 2065
1526 2392
1526 1530
1526 2226
1527 2255
1527 2065
1527 2090
1527 1720
1528 1704
1528 1882
1528 2394
1529 2395
1529 2063
1529 2391
1530 1880
1530 1696
1530 2226
1530 2224
1530 1701
1530 2392
1531 1702
1531 2064
1531 2255
1531 2568
1532 1882
1532 2557
1533 2067
1533 2399
1534 2234
1535 1708
1535 1710
1536 2216
1536 2075
1537 2244
1537 1714
1537 1894
1538 1888
1538 1539
1539 1888
1540 2243
1540 2402
1541 1569
1541 2082
1541 1929
1541 2084
1541 1746
1541 2587
1541 1716
1541 2405
1542 1718
1542 1717
1542 2086
1542 2250
1543 2082
1543 1903
1543 2566
1544 1909
1545 2407
1545 2089
1545 1908
1545 2091
1545 1724
1546 1719
1546 1909
1546 1721
1546 2088
1546 2090
1546 2253
1546 2256
1547 2092
1547 2569
1548 2570
1548 1551
1548 2259
1549 1729
1549 1727
1549 2572
1549 1728
1550 2094
1550 1552
1550 1911
1551 2570
1551 2571
1552 2094
1552 1911
1552 2095
1552 2412
1552 1553
1553 2412
1553 2413
1553 1910
1553 2095
1553 2414
1554 2573
1554 1731
1554 2261
1555 2097
1555 2574
1555 2575
1556 1916
1558 2581
1558 1950
1558 1924
1558 2419
1558 1559
1560 1922
1560 1920
1560 2263
1560 1925
1560 2265
1561 1921
1562 2580
1562 2242
1563 2267
1563 2420
1563 1927
1564 2423
1564 1735
1565 1920
1565 1715
1565 2424
1566 2267
1566 2421
1567 2268
1567 1930
1567 1933
1567 2426
1568 2104
1568 1726
1568 1930
1568 2252
1568 1905
1568 2083
1569 1929
1569 2587
1569 1746
1569 2105
1569 2405
1570 2272
1570 1934
1571 2429
1571 1750
1572 1573
1572 2431
1572 1749
1572 1748
1573 2254
1573 2431
1573 1749
1573 1748
1574 2434
1575 2094
1575 2432
1577 1760
1577 1578
1577 2594
1577 2592
1577 2593
1578 1943
1578 2592
1578 1760
1579 1580
1580 2596
1582 2436
1582 2120
1583 2582
1583 2601
1583 1766
1583 1768
1584 2437
1585 1768
1586 2604
1586 1949
1586 1952
1587 1948
1587 2281
1587 2278
1588 2123
1589 1770
1589 2606
1589 1771
1589 1769
1590 2446
1590 1958
1590 2130
1591 2123
1591 1957
1592 2125
1592 1744
1592 2611
1592 2430
1592 2269
1593 1772
1593 1963
1593 1790
1593 1610
1594 2607
1594 2447
1594 2131
1595 2611
1595 2449
1596 1598
1596 1597
1596 1962
1596 2454
1597 2134
1597 2287
1597 1598
1597 2450
1598 2454
1598 1962
1599 1778
1599 1779
1599 1780
1599 2616
1599 2291
1599 2292
1600 2612
1600 1969
1600 2619
1600 2137
1601 1780
1601 2136
1601 2276
1601 2616
1602 2141
1602 1782
1602 2461
1603 1762
1604 2467
1605 1976
1605 2299
1605 2297
1606 1767
1606 2626
1606 2441
1606 1978
1607 2472
1607 2475
1607 1788
1607 1989
1607 1983
1608 2630
1608 2303
1608 2301
1608 1609
1608 2152
1609 2630
1609 2152
1609 2303
1609 2301
1610 1790
1610 2476
1611 2305
1611 2475
1611 1989
1611 1987
1611 2631
1612 1990
1612 1987
1613 2479
1613 1617
1613 1992
1614 2156
1614 1991
1614 2308
1615 2135
1615 2632
1616 1794
1616 2327
1616 2157
1616 2156
1616 2155
1616 2309
1617 1795
1617 2479
1618 1996
1618 1795
1619 1620
1619 2634
1619 1797
1620 1997
1620 2310
1621 1993
1621 2635
1621 2159
1621 2480
1622 2635
1622 2312
1622 2481
1622 2160
1623 2485
1623 2015
1624 2315
1624 2511
1624 1994
1624 1799
1625 2161
1626 1806
1626 2319
1626 2002
1626 2492
1627 1810
1627 2493
1627 2494
1628 2005
1629 1812
1629 2497
1630 1633
1630 2009
1631 2011
1632 2496
1632 2011
1632 2009
1633 2007
1634 1813
1634 2501
1634 2508
1634 2324
1634 2012
1635 2645
1635 2499
1635 2169
1636 2175
1636 2503
1636 2033
1636 2656
1637 2646
1637 2500
1638 2645
1638 2499
1639 2508
1639 1816
1639 2326
1640 2649
1640 2174
1640 2172
1640 2014
1640 1819
1640 1818
1640 2506
1641 2507
1641 2649
1642 2356
1642 2509
1643 2651
1643 1646
1644 2330
1644 2329
1644 2016
1645 2332
1645 2330
1645 2016
1646 2511
1648 2652
1650 2022
1650 1827
1652 1827
1653 2023
1653 1831
1654 2024
1655 2519
1655 2334
1656 2338
1656 2179
1657 2518
1657 2519
1658 1839
1658 2342
1658 2185
1659 2521
1659 2185
1659 2184
1659 2026
1659 1660
1660 2348
1660 2345
1660 2184
1660 2026
1661 2203
1661 2185
1661 2026
1662 2187
1663 2526
1663 1667
1663 1845
1663 1664
1664 2030
1665 1666
1665 2660
1665 2354
1665 2189
1666 2171
1666 2353
1666 2354
1666 2524
1666 2189
1667 1840
1667 2526
1668 2357
1668 2034
1669 1671
1669 2529
1669 2034
1669 2032
1670 2666
1670 2193
1670 1846
1670 1672
1670 1673
1671 2374
1671 2529
1671 2663
1671 2036
1672 1673
1672 1851
1672 2666
1673 2361
1674 2362
1674 1855
1674 2198
1674 2197
1675 2042
1675 2534
1676 2041
1677 1833
1677 2045
1677 1857
1678 2535
1678 2043
1678 1858
1678 2690
1679 2049
1679 2050
1679 2675
1679 2367
1680 2373
1680 1866
1680 2210
1681 2371
1681 2369
1682 1862
1682 2207
1682 2208
1683 2530
1683 1849
1683 2680
1683 2037
1684 1870
1684 2213
1684 2681
1685 1850
1685 2679
1685 2527
1686 2240
1687 2056
1687 1872
1687 1688
1688 2381
1688 2056
1688 2055
1692 1693
1693 2547
1694 1713
1694 2220
1695 1713
1695 1714
1695 2244
1696 2224
1696 2390
1696 2062
1696 1880
1697 2388
1698 2391
1698 1700
1699 2393
1700 2391
1700 2682
1701 2392
1701 2226
1701 2224
1702 2064
1702 2568
1703 1707
1703 2556
1703 2559
1703 1881
1704 2557
1705 2231
1705 2556
1706 2068
1706 2397
1706 2067
1707 1881
1708 2380
1709 2238
1709 1887
1710 2235
1711 2401
1711 1712
1711 2563
1712 2401
1713 1714
1714 2244
1715 2424
1715 1896
1716 2081
1716 2405
1716 1740
1716 2084
1716 1745
1717 2085
1717 2086
1717 2250
1717 1901
1718 2406
1718 2408
1718 1722
1719 2256
1719 2407
1719 2088
1719 2253
1719 2089
1720 1721
1720 2065
1720 2553
1720 2090
1720 2256
1721 2256
1721 2553
1721 1909
1721 2090
1722 2408
1723 2254
1723 2410
1723 2411
1723 1725
1724 2409
1724 2257
1724 1908
1724 2572
1724 1729
1725 2410
1725 2411
1726 2406
1726 2254
1726 2408
1726 2588
1726 1905
1726 2104
1727 2572
1727 1728
1727 1729
1727 2115
1728 2572
1728 1729
1728 2409
1729 2409
1729 2257
1729 2572
1730 2260
1730 2069
1731 2573
1731 2096
1731 2415
1731 2261
1732 2262
1732 1916
1732 2098
1732 2576
1733 1915
1733 1913
1733 2577
1737 1955
1737 2421
1737 2422
1738 2265
1739 2266
1740 2268
1740 2084
1740 1746
1740 1745
1741 2105
1742 2585
1742 1743
1743 1931
1743 2585
1744 2611
1744 2269
1744 2430
1744 1932
1744 2125
1745 2081
1745 2083
1745 2252
1745 2084
1745 1930
1746 1929
1746 2405
1746 2084
1746 2587
1746 2586
1746 2105
1747 2685
1747 2615
1747 2433
1747 1936
1747 1940
1747 2589
1747 2451
1748 2431
1748 1749
1749 2270
1749 2588
1749 2431
1750 1937
1750 1938
1750 2428
1750 1751
1751 2107
1751 2428
1751 1938
1752 2115
1752 1757
1752 2111
1752 2275
1752 1937
1753 1935
1753 2112
1753 2275
1753 1757
1753 1758
1754 2114
1754 2113
1754 2273
1754 2109
1754 1759
1755 2116
1755 1756
1755 2109
1755 2288
1755 2114
1756 2288
1756 2109
1756 2114
1756 2116
1757 2111
1757 1937
1757 2275
1757 1758
1758 2112
1758 2275
1758 1935
1759 2273
1759 2434
1760 2592
1760 1943
1762 2595
1765 2600
1766 1768
1766 2601
1766 1951
1766 2602
1766 2582
1767 2121
1767 2440
1767 2441
1768 2601
1769 2606
1770 2605
1770 2443
1770 1771
1770 1956
1770 2280
1771 2280
1771 2605
1771 1956
1772 1963
1772 2128
1773 1776
1773 1774
1773 2126
1773 1960
1774 1776
1774 2129
1774 2282
1774 1960
1775 1959
1775 2282
1775 2283
1776 2126
1776 2608
1777 2133
1778 2292
1778 2291
1778 1968
1778 2617
1778 1964
1779 1780
1779 2292
1779 2138
1779 2288
1780 2616
1780 2292
1780 2291
1781 1974
1781 1973
1781 2288
1783 2296
1783 2147
1784 2298
1785 1977
1786 2627
1786 1980
1786 2149
1786 2300
1787 2629
1787 1982
1787 2474
1788 1983
1788 2472
1788 2475
1788 2686
1789 2686
1789 2303
1789 2629
1790 1963
1790 2476
1791 2304
1792 1990
1792 2306
1794 2477
1794 2309
1794 2155
1794 2157
1795 1996
1796 2636
1796 1995
1796 1994
1796 1993
1797 2634
1798 2000
1799 1994
1799 2487
1799 2315
1799 2511
1800 2314
1801 2316
1801 2317
1801 2001
1802 2162
1803 2162
1804 2320
1804 2318
1804 2164
1804 2163
1805 2638
1805 2321
1806 2319
1807 2322
1807 2166
1808 2004
1808 2642
1809 1810
1809 2640
1810 2640
1810 2493
1811 1814
1811 2325
1811 2643
1811 2010
1811 2647
1812 2497
1813 2501
1813 2324
1813 2012
1814 2643
1814 2647
1814 2325
1815 2173
1817 2510
1817 2331
1817 2504
1817 1819
1818 2506
1818 2328
1818 2013
1818 2172
1818 2174
1819 2648
1819 2331
1819 2172
1819 1824
1819 2014
1819 2506
1820 2171
1820 2014
1820 2649
1821 2651
1821 2015
1822 2016
1822 1823
1822 2650
1822 2332
1823 2688
1823 2510
1823 2650
1824 2648
1824 2331
1824 2688
1825 2018
1825 1826
1826 2018
1827 2022
1828 1829
1829 2022
1830 2178
1830 2687
1832 2336
1834 2341
1834 1836
1835 2520
1835 2498
1835 1836
1835 2655
1836 2655
1836 2183
1836 2341
1837 2338
1837 2342
1838 2029
1838 2655
1839 2342
1839 2185
1840 1841
1840 2344
1840 2657
1841 2344
1841 2657
1842 2658
1842 2539
1842 2538
1843 2522
1843 2345
1844 2350
1845 2191
1845 2192
1846 2193
1846 2667
1846 2665
1847 2329
1847 2330
1847 2020
1848 1849
1848 2662
1848 2355
1848 2530
1849 1850
1849 2662
1849 2530
1849 2668
1849 2355
1850 2668
1850 2527
1850 2679
1851 2020
1852 2532
1852 2670
1852 2194
1853 2531
1855 2362
1856 2364
1856 2198
1857 2536
1857 2365
1857 2201
1858 2043
1858 2690
1859 2673
1859 2048
1859 1860
1860 2366
1860 2048
1860 2673
1861 2205
1861 2348
1862 2372
1862 2208
1862 2207
1862 2677
1863 2676
1863 2540
1863 2208
1864 2367
1864 2368
1865 2209
1865 2373
1866 2677
1866 2372
1867 1869
1867 2211
1868 1869
1868 2052
1868 2542
1868 2678
1869 2052
1869 2542
1869 2678
1870 2681
1870 2213
1871 2378
1872 2382
1872 2055
1872 2056
1872 2057
1873 2220
1874 2548
1874 2218
1874 2547
1877 2062
1878 2549
1879 2565
1880 2224
1880 2551
1880 2062
1881 2559
1881 2556
1881 2232
1882 2557
1882 2229
1883 2233
1884 2561
1884 1885
1884 2070
1886 2073
1887 2562
1887 2238
1888 2242
1888 1889
1888 2239
1889 2242
1889 2239
1890 2402
1891 2220
1891 2564
1893 2077
1893 1894
1894 2077
1895 2251
1895 1902
1896 2246
1896 1900
1897 2082
1897 2247
1897 2420
1898 2404
1898 2247
1899 1900
1900 2246
1901 2081
1902 1904
1902 2251
1903 2566
1903 2082
1904 2251
1904 2085
1905 2252
1905 2083
1905 2406
1905 2567
1905 2104
1906 2568
1906 2087
1906 1907
1906 2255
1907 2258
1907 2087
1908 2091
1908 2409
1909 2090
1909 2256
1910 2412
1910 2413
1910 2093
1910 2092
1910 2569
1910 2259
1911 2412
1911 2095
1911 2094
1912 2573
1913 2071
1913 2577
1915 1917
1915 1918
1916 2576
1917 2579
1917 1918
1918 2579
1919 2578
1921 1923
1921 2103
1922 2102
1922 2263
1922 1925
1923 2103
1924 2581
1924 2419
1925 2263
1925 2265
1926 2583
1926 2265
1926 2263
1927 1928
1927 2267
1927 2584
1927 2247
1928 2584
1929 2405
1929 2587
1929 2420
1929 2082
1930 2104
1930 2252
1930 1933
1930 2268
1930 2083
1931 2585
1931 2427
1932 2269
1932 2425
1933 2268
1933 2426
1934 2425
1934 2426
1935 2589
1935 2591
1935 2112
1935 2108
1935 1940
1936 2108
1936 1940
1936 1941
1936 2589
1936 2591
1937 2275
1937 2111
1937 2429
1937 2115
1938 2428
1938 2107
1939 2590
1939 2106
1939 2272
1940 2433
1940 2112
1940 2589
1940 2591
1940 2108
1941 2285
1941 2591
1942 2274
1943 2592
1945 2147
1945 2439
1945 1946
1945 2148
1946 2148
1946 2439
1947 2278
1947 2122
1948 1950
1948 2419
1949 1952
1949 2604
1950 2264
1950 2581
1950 2442
1950 2419
1951 2582
1951 2601
1951 2602
1952 2604
1953 1954
1955 2422
1956 2280
1956 2605
1957 2123
1957 2279
1958 2445
1958 2446
1959 2283
1959 2130
1961 2452
1961 2285
1961 2449
1962 2454
1964 2290
1964 2617
1964 2618
1964 2457
1965 2158
1965 2619
1965 2612
1966 2614
1966 2613
1966 2460
1967 2137
1967 2482
1968 1969
1969 2612
1970 1971
1971 1973
1971 1974
1971 2620
1972 2460
1972 2142
1972 2313
1972 2294
1973 2620
1973 1974
1974 2620
1974 2459
1975 2295
1976 2297
1976 2299
1977 2469
1978 2441
1980 2627
1981 2471
1982 2629
1982 1985
1982 2474
1983 2686
1983 2475
1983 2472
1984 1985
1984 2153
1985 2153
1985 2629
1987 2305
1987 2631
1988 2633
1988 2304
1989 1990
1989 2475
1991 2308
1991 2307
1991 2156
1992 2155
1992 2157
1993 2159
1993 2635
1993 1995
1994 2315
1994 1995
1994 2511
1994 2636
1994 2485
1995 2636
1996 2311
1996 2484
1997 2310
1997 2486
1998 2490
1998 1999
1999 2314
2001 2317
2001 2295
2001 2316
2002 2492
2002 2165
2003 2339
2003 2641
2004 2639
2004 2642
2006 2494
2006 2642
2006 2639
2009 2496
2009 2010
2012 2326
2012 2501
2013 2174
2013 2328
2014 2331
2014 2649
2014 2648
2017 2653
2018 2021
2018 2512
2020 2329
2021 2512
2021 2333
2025 2517
2025 2181
2025 2182
2026 2348
2026 2184
2027 2523
2027 2029
2027 2522
2028 2346
2028 2347
2029 2522
2029 2523
2030 2349
2031 2035
2031 2660
2032 2034
2033 2175
2034 2357
2035 2528
2036 2663
2036 2374
2036 2529
2036 2037
2037 2374
2037 2663
2038 2664
2038 2661
2038 2356
2038 2359
2039 2355
2039 2361
2040 2531
2041 2199
2042 2534
2042 2337
2043 2690
2044 2045
2044 2180
2046 2202
2046 2366
2047 2202
2047 2536
2047 2204
2047 2201
2048 2673
2049 2367
2049 2050
2049 2675
2049 2673
2050 2367
2050 2675
2051 2206
2051 2368
2052 2678
2052 2542
2053 2543
2053 2054
2054 2376
2054 2543
2055 2056
2055 2381
2056 2381
2057 2382
2057 2546
2058 2072
2060 2386
2060 2221
2061 2384
2062 2390
2062 2551
2062 2224
2063 2395
2064 2568
2064 2682
2064 2255
2065 2682
2066 2558
2066 2229
2067 2397
2068 2232
2069 2396
2070 2561
2075 2216
2076 2580
2078 2080
2078 2079
2079 2080
2081 2083
2081 2249
2081 2250
2082 2405
2083 2567
2083 2249
2083 2252
2084 2405
2084 2587
2085 2086
2086 2250
2088 2089
2088 2256
2088 2253
2089 2091
2089 2407
2090 2256
2091 2407
2092 2093
2092 2569
2093 2569
2093 2259
2094 2095
2095 2412
2095 2413
2096 2261
2098 2262
2100 2578
2100 2101
2101 2579
2103 2580
2104 2588
2104 2252
2105 2586
2105 2271
2107 2108
2107 2428
2108 2591
2108 2589
2109 2273
2109 2116
2109 2114
2110 2115
2110 2274
2111 2275
2111 2115
2112 2589
2113 2114
2113 2276
2114 2116
2116 2288
2119 2596
2119 2120
2119 2436
2120 2598
2120 2597
2120 2436
2121 2604
2121 2122
2123 2279
2125 2126
2125 2269
2126 2608
2126 2127
2127 2608
2128 2610
2128 2609
2129 2448
2129 2283
2129 2284
2130 2446
2131 2305
2131 2607
2132 2455
2134 2453
2134 2287
2134 2450
2135 2632
2136 2290
2136 2433
2136 2615
2137 2482
2138 2292
2139 2289
2140 2141
2140 2458
2141 2461
2142 2294
2143 2459
2144 2435
2145 2625
2145 2462
2146 2300
2147 2148
2148 2439
2149 2626
2151 2494
2152 2630
2152 2303
2154 2311
2154 2478
2154 2477
2154 2155
2155 2477
2155 2478
2155 2157
2155 2309
2156 2327
2156 2308
2156 2157
2157 2309
2159 2480
2159 2635
2160 2312
2163 2164
2163 2165
2163 2318
2164 2318
2165 2318
2165 2322
2166 2518
2167 2641
2169 2645
2169 2499
2172 2328
2172 2504
2172 2506
2173 2507
2173 2175
2174 2506
2174 2328
2176 2510
2178 2687
2179 2338
2179 2516
2180 2517
2181 2514
2182 2517
2183 2341
2183 2521
2183 2655
2184 2348
2184 2521
2186 2340
2188 2522
2188 2346
2189 2353
2189 2354
2190 2349
2190 2689
2191 2350
2191 2352
2192 2525
2193 2665
2193 2355
2194 2532
2194 2670
2195 2196
2197 2362
2198 2364
2199 2533
2200 2671
2200 2535
2201 2365
2202 2204
2204 2536
2206 2538
2206 2539
2207 2208
2207 2372
2208 2540
2208 2676
2209 2370
2210 2369
2210 2371
2210 2350
2210 2351
2213 2681
2214 2377
2215 2383
2217 2219
2218 2548
2218 2547
2221 2386
2223 2564
2224 2551
2225 2554
2225 2228
2226 2392
2227 2392
2227 2553
2227 2248
2228 2554
2229 2560
2229 2558
2230 2560
2230 2555
2232 2559
2233 2234
2235 2236
2235 2400
2236 2400
2237 2562
2237 2400
2239 2242
2243 2245
2243 2402
2247 2584
2247 2404
2248 2553
2249 2567
2249 2250
2249 2252
2250 2567
2252 2567
2253 2411
2254 2588
2254 2431
2255 2568
2258 2571
2259 2570
2259 2413
2260 2684
2260 2396
2261 2415
2262 2576
2263 2583
2263 2265
2264 2442
2264 2581
2265 2583
2266 2583
2268 2586
2268 2426
2269 2430
2269 2425
2270 2588
2271 2586
2277 2600
2278 2281
2280 2605
2282 2283
2285 2449
2287 2450
2287 2453
2289 2618
2289 2456
2290 2451
2290 2457
2290 2615
2291 2292
2291 2616
2291 2617
2292 2616
2294 2460
2295 2317
2296 2469
2296 2599
2297 2623
2300 2470
2300 2627
2301 2630
2301 2606
2302 2473
2304 2476
2305 2631
2306 2502
2307 2633
2308 2327
2309 2477
2311 2478
2312 2477
2314 2637
2315 2636
2315 2487
2315 2511
2316 2317
2318 2322
2319 2492
2321 2491
2321 2624
2323 2644
2323 2502
2323 2500
2324 2501
2324 2508
2325 2647
2325 2643
2325 2646
2326 2508
2327 2505
2328 2506
2328 2505
2329 2330
2331 2648
2331 2688
2332 2509
2333 2512
2339 2513
2340 2343
2344 2657
2344 2689
2345 2348
2346 2347
2346 2522
2347 2523
2349 2526
2350 2352
2350 2351
2351 2352
2351 2369
2353 2354
2354 2524
2355 2662
2356 2359
2356 2661
2356 2664
2358 2667
2358 2664
2358 2661
2359 2664
2359 2661
2360 2653
2363 2533
2367 2368
2367 2675
2369 2371
2372 2525
2372 2541
2372 2677
2374 2663
2374 2529
2375 2669
2375 2376
2376 2543
2378 2379
2379 2381
2382 2546
2388 2550
2391 2395
2392 2553
2396 2398
2397 2557
2398 2684
2400 2562
2404 2584
2405 2587
2406 2408
2406 2567
2409 2572
2410 2411
2413 2414
2418 2582
2419 2581
2419 2442
2425 2427
2430 2611
2431 2588
2433 2615
2433 2685
2440 2628
2442 2581
2445 2446
2447 2610
2451 2615
2452 2454
2456 2617
2456 2618
2457 2618
2460 2614
2462 2625
2464 2465
2464 2621
2465 2621
2466 2469
2467 2622
2467 2468
2468 2622
2472 2686
2472 2475
2474 2629
2477 2478
2479 2632
2480 2481
2480 2635
2481 2635
2482 2483
2483 2619
2483 2486
2487 2489
2488 2637
2493 2640
2495 2498
2498 2520
2499 2645
2500 2502
2500 2644
2501 2508
2502 2644
2503 2656
2510 2650
2510 2688
2513 2518
2518 2519
2522 2523
2523 2659
2524 2528
2525 2658
2525 2541
2525 2677
2527 2679
2527 2668
2529 2663
2530 2662
2532 2669
2535 2690
2537 2675
2537 2674
2538 2539
2540 2676
2541 2658
2541 2677
2542 2678
2547 2548
2552 2565
2556 2559
2570 2571
2574 2575
2582 2602
2582 2601
2589 2591
2596 2597
2597 2598
2599 2625
2601 2602
2606 2630
2609 2610
2612 2619
2613 2614
2615 2685
2617 2618
2626 2628
2639 2642
2643 2647
2650 2688
2656 2689
2661 2664
2665 2667
2668 2679
2671 2672
2679 2680
