0 1053
0 1591
0 1054
1 347
1 898
1 1937
2 1939
2 1057
2 1425
2 349
2 1239
3 1597
4 705
4 1949
4 702
4 1942
4 876
5 1428
5 1773
5 1427
5 542
5 1944
5 1060
5 2504
6 1058
6 1059
6 1240
6 1598
6 8
7 8
7 1059
7 515
7 2319
7 1771
8 515
8 1771
8 1059
8 1598
9 2320
9 1063
9 704
9 1062
9 11
9 1243
10 717
10 1243
10 880
10 1951
11 40
11 704
11 2320
11 2344
11 1243
11 1062
11 718
11 904
12 1065
12 1777
13 2140
13 1244
13 1431
13 356
13 1065
13 14
13 2141
14 1431
14 1432
14 1244
14 356
15 878
15 355
15 2136
15 1066
16 1433
16 708
16 1245
17 1246
17 2326
17 707
17 1950
18 2327
18 881
18 1248
19 521
19 884
19 883
19 1605
19 2508
19 1603
19 1779
19 1069
20 1952
20 1250
21 528
21 556
21 554
21 557
21 2332
22 1610
22 23
22 2514
23 1256
23 1610
23 529
23 711
23 2152
23 1441
24 29
24 30
24 896
24 368
24 1078
25 895
25 712
25 532
25 531
25 1961
25 893
25 1960
25 1442
26 366
26 27
26 2335
26 1963
26 1080
27 1077
27 28
27 894
27 367
27 366
27 2335
27 1613
28 533
28 1077
28 894
28 1081
28 1613
28 366
28 367
29 30
29 368
29 713
29 896
29 1078
29 1079
30 1079
31 373
31 32
32 1444
32 1258
33 1612
33 370
33 1614
33 1080
33 1445
33 1459
33 1257
33 897
34 1788
34 35
34 2517
34 1085
34 1088
34 728
35 2517
35 1809
35 1788
35 728
35 1088
35 1085
36 37
36 1967
36 539
36 537
36 538
36 39
37 38
37 1615
37 1086
37 537
38 1615
38 86
38 87
38 537
38 1811
38 1086
39 1967
39 539
39 1616
39 1263
40 1265
40 718
40 46
40 904
40 2344
41 376
41 1090
41 2348
41 2163
41 1799
41 1449
41 1974
41 1266
42 1265
42 715
42 904
42 46
42 1089
42 1447
42 1091
42 43
43 1091
43 903
43 2343
43 715
43 1975
43 544
44 1264
44 2346
44 905
45 379
45 88
45 1289
45 571
45 1448
45 1814
46 718
46 1447
46 904
46 1265
46 1091
47 545
47 2351
47 1977
47 909
47 908
47 49
48 1796
48 2352
48 911
48 54
49 575
49 1977
49 907
49 1292
49 50
50 88
50 1292
50 720
50 907
50 1797
50 1289
50 2187
51 1092
51 1619
51 1978
51 381
52 908
52 909
52 906
52 1267
52 1093
52 1449
53 382
53 1980
53 1793
53 1269
54 911
54 1293
54 1796
55 1270
55 1271
55 723
55 1601
55 1781
55 361
56 2168
56 724
56 1450
57 1621
57 1805
57 549
57 721
57 2522
57 58
57 1274
58 1274
58 1981
58 59
58 548
58 549
59 548
60 1272
60 1981
60 2164
61 383
61 393
61 547
61 2165
62 1623
62 1453
63 1452
63 64
63 550
63 560
64 65
64 2353
64 1452
64 550
64 66
65 1452
65 1649
65 2539
65 2353
65 1301
65 66
66 1301
66 1649
67 914
67 68
67 560
67 558
67 2171
67 1095
68 558
68 1278
68 2169
68 914
69 556
69 364
70 916
70 919
70 71
70 1997
70 1282
71 1628
72 916
72 2172
73 1079
73 1098
73 1099
73 2157
74 1807
74 2354
74 1097
74 1098
74 917
74 75
75 1281
75 2529
75 1990
75 727
75 917
76 2355
76 562
76 1630
76 1098
77 727
77 384
77 1992
77 562
77 1994
77 2174
77 2356
77 78
77 2530
78 2356
78 384
78 920
78 1994
79 116
79 80
79 1994
79 1457
79 918
79 945
79 2527
79 756
80 1629
80 754
80 1995
80 1996
80 918
80 110
80 2528
81 1636
81 1459
81 1614
81 385
82 387
82 1631
82 1633
82 2175
82 83
82 921
82 386
82 1810
83 1631
83 387
83 2175
83 386
83 1633
84 121
84 2002
84 947
84 2178
84 1637
84 924
84 1635
85 2360
85 2359
85 565
85 1285
85 1102
85 1101
86 733
86 1086
86 927
86 375
87 1639
87 1811
87 1286
87 1460
87 566
87 1105
88 571
88 2187
88 1289
88 1797
89 2179
89 928
89 2004
90 1642
90 737
90 2007
90 2010
90 1294
90 390
91 2185
91 595
91 590
91 1645
91 389
91 1815
91 416
92 1448
92 929
92 905
92 571
92 1812
92 1291
92 1814
93 739
93 2536
93 1647
93 1111
94 2364
94 1112
94 417
94 1464
95 1113
95 2188
95 1465
95 102
95 1302
96 777
96 1297
96 2016
96 1296
96 578
96 143
97 102
97 1466
97 745
97 742
97 2017
97 98
98 745
98 935
98 2192
98 2017
98 742
99 2191
99 579
99 746
99 1299
100 2213
100 959
100 1300
100 745
100 578
100 2368
100 742
101 742
101 959
101 1819
101 424
101 744
102 1302
102 1113
103 1469
103 938
103 1822
103 1471
103 106
103 1303
103 397
103 396
104 397
104 1822
104 396
104 107
104 1820
105 747
105 751
105 750
105 1652
105 399
105 107
106 1303
106 749
106 397
106 938
107 747
107 2020
107 779
107 751
107 1652
108 726
108 398
108 400
108 1651
109 2540
109 1472
109 580
110 754
110 755
110 1658
111 117
111 1124
111 948
111 408
111 753
111 1481
112 1119
112 1308
112 1120
112 1660
112 2025
112 2024
112 2541
113 2021
113 939
113 1476
113 114
113 401
114 1476
114 939
115 1309
115 2025
115 2373
115 1825
115 1476
116 756
116 2527
116 918
116 757
116 1656
116 1828
116 945
116 1477
116 1457
117 1123
117 1311
117 2545
117 1481
117 409
117 122
117 2199
117 949
117 948
117 119
117 118
117 1124
118 1663
118 949
118 1311
118 1478
118 2545
118 1123
118 409
118 1126
118 119
119 1124
119 1123
119 949
119 948
119 1663
119 409
119 1311
119 1478
120 2201
120 129
121 945
121 2375
121 947
121 761
121 1477
121 1635
121 1637
121 1656
121 924
122 1475
122 948
122 761
122 1311
122 2376
122 2199
122 409
122 758
122 1123
123 2182
123 124
123 570
123 569
124 570
124 590
124 412
125 1314
125 411
125 591
125 1484
125 2548
125 589
126 412
126 1483
126 2203
126 2030
126 953
126 1127
127 1483
127 951
127 762
127 1315
127 766
127 593
127 2029
127 1127
127 2032
128 177
128 969
128 764
128 765
128 2409
128 1485
129 594
129 764
129 766
129 2202
129 2201
129 1315
130 598
130 414
130 2034
130 767
130 769
131 596
131 600
131 132
132 598
132 134
132 600
132 2035
132 133
132 2380
133 2549
133 2380
133 134
133 954
133 1318
134 596
134 2380
135 2038
135 2382
135 1319
135 413
135 772
136 390
136 137
136 2206
136 1646
136 1667
136 1668
137 772
137 1667
137 2037
137 2206
137 390
138 1490
138 139
138 140
138 418
138 603
138 1834
138 1832
139 418
139 1835
139 1834
139 1832
139 140
139 1490
140 1832
140 1490
140 1836
140 1834
141 771
141 601
142 771
142 956
142 957
143 777
143 1837
144 422
144 958
144 1131
144 1132
144 2040
145 2385
145 421
145 1492
145 1672
145 1322
145 604
146 1843
146 2390
147 2212
147 2211
147 1673
147 425
148 1136
148 976
149 1839
150 1136
150 423
150 1494
150 2388
151 1675
151 779
151 1497
151 1496
151 1840
151 2020
152 1675
152 1653
152 1497
152 1325
153 1138
153 1137
153 780
154 1679
154 1326
154 1678
154 156
155 1498
155 1139
155 1844
155 605
156 1845
156 1139
157 1841
157 1495
158 2042
158 962
158 780
158 159
159 1500
159 782
159 1137
159 962
160 964
160 965
160 607
160 606
161 2217
161 2045
161 2044
161 606
161 1142
161 1503
161 2393
162 1505
162 785
162 1145
162 163
162 966
163 1145
163 1142
163 966
163 1149
163 2219
163 1683
163 1505
164 612
164 1851
164 786
164 2558
165 2399
165 1850
165 2046
165 967
165 169
166 218
166 608
166 430
166 2249
166 2247
166 1179
166 1508
166 2432
166 2047
167 1354
167 612
167 1506
167 1507
167 615
167 217
167 2559
168 2048
168 1685
168 1849
168 1510
168 2398
168 1147
168 1148
169 1683
169 1149
169 1848
169 967
169 1145
170 617
170 1519
170 1516
170 173
170 1853
170 1152
170 1688
171 1691
171 614
171 1689
171 1688
171 968
171 174
171 2406
172 1151
172 1150
172 1512
172 174
172 1691
172 2224
173 1689
173 1151
173 2407
173 1516
174 1689
174 1691
174 2224
174 1513
174 1150
174 1151
174 968
175 2564
175 2223
175 1150
175 2222
175 431
175 1513
175 1329
175 614
176 2377
176 1519
176 1517
176 765
176 1855
176 617
176 177
176 1152
177 1855
177 765
177 764
177 1515
177 2409
177 1517
177 1519
177 969
178 432
178 1692
179 181
179 180
179 1693
179 791
180 181
180 1693
180 2226
181 1856
181 791
181 432
181 2049
182 1360
182 459
182 1539
182 990
182 184
182 789
182 1520
182 792
183 790
183 1363
183 1857
183 1188
184 990
184 1714
184 792
184 459
184 2442
184 1539
184 1520
185 2230
185 1694
185 1330
185 1155
186 1332
186 619
186 187
186 970
186 190
187 1332
188 434
188 2569
188 793
188 2053
188 2050
189 1860
189 621
189 1859
189 465
189 2414
189 1334
189 973
189 192
190 2052
190 2567
190 970
190 1332
190 1695
190 434
191 642
191 2053
192 621
192 2414
192 2413
192 1859
192 794
192 1333
192 1860
192 1334
192 973
193 1338
193 2208
193 602
193 1863
193 194
193 620
193 2039
193 1160
194 1338
194 1160
194 620
194 1863
195 1522
195 1340
195 2417
195 438
196 958
196 197
196 2234
196 201
197 199
197 201
197 1341
198 440
198 974
198 625
198 2573
198 2057
199 201
199 1341
200 1166
200 439
200 1525
200 1162
201 1867
202 2081
202 261
202 2424
202 975
203 1342
204 1866
204 1527
204 2575
204 799
204 797
204 444
204 1343
205 2578
205 1345
205 446
206 2239
206 1347
206 448
206 629
206 1345
206 978
207 629
207 2425
207 266
207 803
207 209
207 804
208 803
208 800
208 1174
208 798
208 1171
208 825
208 265
208 2428
209 978
209 2425
209 629
209 804
209 448
209 266
210 1705
210 1682
210 2242
210 1327
210 1350
210 609
210 1701
210 981
210 429
211 1703
211 609
211 979
211 1701
211 2066
211 213
211 982
211 1349
212 2067
212 218
212 454
212 1702
212 632
212 633
212 1707
213 1703
213 979
213 630
213 982
213 2431
213 2066
213 2068
214 1873
214 630
214 1352
214 631
214 2243
214 2244
214 1529
215 1351
215 452
215 451
215 1178
215 1177
215 651
215 1564
215 1704
215 805
215 1385
215 2582
215 2069
216 1530
216 1353
216 1352
216 980
216 1531
216 2245
217 453
217 2435
217 2557
217 983
217 1877
217 1506
218 633
218 1179
218 2249
218 1707
218 1874
219 220
219 1706
219 455
219 1181
219 1877
219 1180
219 453
220 456
220 1181
220 1706
220 636
220 2250
220 2072
220 1180
220 231
221 1182
221 224
221 1532
221 1534
221 1533
221 2434
221 2433
222 1533
222 806
222 2583
223 652
223 1019
223 1531
223 1876
224 2071
224 2433
224 1532
224 632
224 633
224 1874
224 1182
225 1184
225 227
225 1852
226 229
226 230
226 1184
226 227
227 229
227 1184
227 458
228 1706
228 1355
228 1185
228 988
228 455
228 636
229 984
229 1184
229 1878
229 230
229 2253
229 458
230 1878
230 984
230 238
230 2252
230 2253
231 456
231 1183
231 636
231 1535
231 2248
231 985
231 2438
232 811
232 1879
232 1357
232 1358
232 1356
232 1536
232 236
233 808
233 989
233 812
233 2254
233 457
234 235
234 985
234 1359
234 1390
234 1880
234 1207
234 634
234 1183
234 1537
234 986
234 1740
235 1359
235 1880
235 1357
235 1207
235 1740
235 987
235 986
235 1390
236 1356
236 989
236 811
236 808
236 809
236 1536
236 1357
237 808
237 989
237 2254
237 2437
237 1709
237 809
238 2252
238 2258
238 1186
239 463
239 240
239 1711
239 1362
239 1361
239 2255
240 2256
240 1187
240 1362
240 1711
240 992
241 1910
241 1882
241 1911
241 242
241 1540
241 637
241 1189
242 1910
242 1911
242 2103
242 1189
242 637
243 637
243 991
243 1540
243 813
243 1713
243 1710
243 2585
244 814
244 642
244 1368
244 1718
245 248
246 2073
246 1720
246 461
246 463
246 464
246 1545
246 1546
246 1715
246 1716
247 1546
247 993
247 1717
247 995
247 2587
248 994
248 1369
249 251
249 1365
250 254
250 1371
251 1371
252 2261
252 1373
252 1027
252 1722
252 254
252 1549
252 1217
253 1574
253 817
253 307
253 308
253 2075
254 1373
254 2445
254 816
254 2261
254 1549
255 2269
255 1888
255 644
255 1890
255 999
255 1190
256 1552
256 259
256 998
256 1551
257 1918
257 1000
257 1724
257 1889
257 820
258 468
258 673
258 1191
258 821
258 822
259 1552
259 998
260 265
260 262
260 1171
260 2453
260 800
260 825
261 975
261 2082
261 1193
261 2081
261 1342
262 2451
262 1725
262 2453
262 1376
263 646
263 1891
264 470
264 2455
264 647
264 1554
264 1893
265 800
265 803
265 825
265 1174
265 1171
266 2425
266 823
266 2085
266 629
267 826
267 1376
267 2273
267 270
267 1006
267 1005
267 268
268 1006
268 1197
268 272
268 270
268 2272
268 1376
268 826
269 271
269 473
269 1557
269 648
269 1006
269 2084
270 2272
270 1558
270 1197
270 1006
270 271
270 272
271 274
271 1006
271 1558
271 1377
271 1197
271 272
272 1197
272 2272
272 826
272 1377
272 1558
273 1726
273 275
273 824
273 1894
273 474
273 1559
274 1377
274 824
274 2271
274 678
274 2274
274 1558
275 1042
275 278
275 1380
275 1726
276 475
276 474
276 1896
276 277
276 1375
276 649
276 1008
277 649
277 829
277 2087
277 1008
277 1375
277 475
277 1896
278 1380
278 1042
278 2088
278 827
278 1198
278 2121
278 477
279 2598
279 1199
279 1728
279 2120
279 828
279 1009
280 2087
280 1727
280 475
280 649
280 1008
281 2276
281 477
281 1379
281 1199
281 1898
281 1007
282 1734
282 484
282 839
282 1012
282 1388
282 479
282 1383
282 1384
282 2281
283 1386
283 485
283 833
283 1384
283 650
283 1899
283 479
283 284
283 1563
284 650
284 1386
284 482
284 485
284 286
284 1013
285 480
285 1415
285 327
285 328
285 1230
285 833
285 835
285 1735
285 843
286 1011
286 1731
286 1013
286 1763
286 1563
286 2282
286 1386
286 650
287 807
287 1017
287 2094
287 635
288 655
288 847
288 1203
288 2097
288 1741
288 291
288 848
289 1565
289 1018
289 2285
289 290
289 2095
289 2100
289 840
290 479
290 833
290 1018
290 843
290 1389
290 2465
290 1734
290 1735
291 847
291 1210
291 1022
291 1741
291 848
291 658
291 1905
291 2467
292 2611
292 1738
292 1392
292 848
292 1210
292 2467
293 1391
293 489
293 2286
293 1209
293 2288
293 1572
294 1392
294 844
294 1906
294 2125
294 331
295 2105
295 1541
295 1544
295 638
295 1742
295 1023
295 492
296 1908
296 297
296 660
296 661
296 851
296 298
297 661
297 1908
297 851
298 1913
298 1024
298 662
298 659
298 2471
299 659
299 1584
299 1913
299 2106
299 1024
299 1211
299 1932
300 1397
300 1396
300 301
300 993
300 1717
300 2074
300 1747
301 1747
301 1396
302 852
302 304
302 493
302 494
302 1916
303 495
303 1573
303 852
303 1215
303 1025
304 852
304 2614
304 494
304 2110
305 2109
305 337
305 495
305 2128
306 2104
306 1026
306 1914
306 1915
306 2613
306 1399
307 2075
307 1397
307 1574
307 309
307 308
308 1028
308 1574
308 854
308 309
309 857
309 1028
310 670
310 858
310 1216
311 496
311 668
311 1218
311 2114
312 858
312 2293
313 1751
313 860
314 1221
314 2615
314 1578
315 2295
315 2480
315 1220
315 1035
315 1033
315 864
315 863
315 1579
315 317
315 316
316 317
316 2295
316 863
316 1033
316 864
316 1035
316 1220
317 1035
317 1033
317 1220
317 864
317 2616
317 675
318 1754
318 1921
318 674
318 2118
318 1034
319 1223
319 861
319 502
319 676
319 1922
320 676
320 2117
320 1753
321 2297
321 1408
322 1036
322 2296
322 679
322 1225
322 867
323 1759
323 1408
324 505
324 1928
324 1409
324 2618
324 1227
325 2122
325 1411
325 1928
325 2299
325 1040
326 868
326 1229
326 507
326 1413
326 1416
327 685
327 1415
327 1045
327 1230
327 328
327 332
327 480
327 835
327 1735
327 833
327 843
328 480
328 1415
328 835
328 869
328 332
328 1045
328 685
328 1230
328 2306
329 682
329 1582
329 2487
329 1044
329 2305
329 2307
330 507
330 1764
330 681
330 1416
330 1417
330 2623
331 2125
331 870
331 333
331 844
332 685
332 486
332 2624
332 869
332 1045
332 1415
332 1583
333 1930
333 870
334 335
334 686
334 1232
334 2625
335 2625
335 1232
335 686
336 2489
336 2626
336 337
337 339
337 2128
337 2489
337 687
338 1234
338 1235
338 687
338 509
338 339
339 687
339 1234
340 670
340 1575
340 2490
341 1236
341 2492
341 2491
342 1050
342 1587
343 1420
344 1935
344 345
344 1406
344 1051
345 1406
345 1051
345 1935
345 872
346 2311
346 2129
346 691
346 1590
347 1593
347 1422
347 512
348 1941
348 1424
348 514
349 1425
349 1057
349 1939
349 1239
349 2498
350 1772
350 2503
350 2340
350 1428
350 1261
350 1083
350 1944
350 874
351 1064
351 2138
351 706
351 353
351 354
351 1242
352 1430
352 1061
352 878
352 355
353 877
353 706
353 2139
353 2138
353 1242
354 1064
354 879
354 518
355 878
355 1432
356 2140
356 2507
356 2141
356 1244
356 1431
357 1246
357 2350
357 1266
357 1618
357 1798
357 707
358 2145
358 882
358 1249
359 522
359 1247
359 1781
359 361
359 2142
360 1069
360 521
360 1434
360 1779
360 1070
361 723
361 1451
361 1271
361 1270
361 1781
362 2509
362 2148
362 1606
362 526
362 1438
362 1953
362 1607
363 1072
363 2511
363 1782
363 1784
363 885
363 1608
363 887
364 1076
364 2331
365 1612
365 1257
365 1081
365 1281
365 897
365 894
365 1097
365 367
366 533
366 2335
366 1443
366 1077
366 894
366 367
366 1613
367 1081
367 1077
367 1613
367 894
367 1097
368 895
368 1959
368 533
368 2155
368 2154
368 713
368 1078
368 896
369 2516
369 1082
369 373
370 1445
370 1082
371 2336
371 1769
371 373
371 695
372 1258
372 1768
372 1789
374 1085
374 1088
374 1263
374 901
374 2159
374 375
375 901
375 1086
375 927
375 1263
376 1799
376 1792
376 2163
376 1090
376 1267
376 1449
376 1266
376 543
376 1974
377 1969
377 1951
377 542
377 1617
377 544
378 1976
378 1973
378 1268
378 2161
378 541
378 2345
378 2347
379 716
379 1448
380 1802
380 1794
380 1793
380 2166
380 1620
380 722
380 382
381 1978
381 910
381 1092
382 1794
382 1793
382 1269
382 722
382 1980
383 2165
383 393
383 2013
383 1803
383 547
384 1994
384 920
384 2173
384 2530
384 1101
385 2001
385 1632
385 1636
385 921
386 1810
386 1631
386 2532
386 1633
386 563
386 921
386 2175
387 1998
387 1999
387 1631
387 729
387 2175
387 922
388 926
388 2534
388 2363
389 931
389 1645
389 2185
389 1815
390 737
390 1646
390 1294
390 2010
391 932
391 1110
392 1114
392 933
392 394
392 1295
392 740
393 741
393 577
393 576
393 2165
393 2011
394 1817
394 740
394 1295
394 2013
395 2189
395 2365
395 934
396 2193
396 1654
396 1469
397 938
397 1653
397 1822
398 400
398 2369
398 936
398 1651
399 1499
399 750
399 751
399 1473
399 747
400 1655
400 1305
400 2195
401 939
401 1823
401 2021
401 1824
401 1680
401 403
401 1307
402 582
402 1117
403 1307
403 583
403 584
403 1118
403 1823
403 1824
404 2022
404 1121
404 2023
404 942
404 581
404 2542
405 1310
405 1120
405 757
405 2374
405 754
406 1657
406 1686
406 1826
406 1122
406 1827
406 1143
407 581
407 1121
407 946
407 2371
407 942
407 1659
407 585
407 1474
408 1481
408 1310
408 753
408 1475
408 1122
409 2545
409 758
409 1311
409 948
409 949
409 1123
409 1126
410 1480
410 1662
410 1661
410 2178
410 732
410 1312
410 2358
410 564
410 761
410 947
411 951
411 569
411 2028
411 589
411 591
411 2378
411 2548
412 2203
412 953
412 1666
412 955
412 1665
413 2382
413 768
413 2036
413 1317
413 599
413 2205
413 597
414 767
414 598
414 769
414 2034
414 770
415 1488
415 1486
415 1318
415 954
416 1665
416 590
416 955
416 595
416 2204
417 1128
417 1464
417 1112
417 418
417 1833
418 1128
418 1835
418 1832
418 1112
418 2551
418 1490
419 1134
419 1135
419 1323
419 2209
419 776
419 1671
419 1491
420 1837
420 776
420 1131
420 1130
420 1134
420 1493
421 1671
421 776
421 2385
421 1492
421 1132
422 2387
422 778
422 2040
422 1131
423 1494
423 2388
423 2391
423 1678
424 1838
424 959
424 1819
425 1494
425 1673
426 1677
426 961
426 2555
426 1679
427 1499
427 1840
427 1140
427 1496
427 779
428 2044
428 783
428 2216
428 1680
428 1144
428 1141
429 609
429 2396
429 965
429 963
429 1350
429 1327
429 1681
429 1328
429 1682
430 608
430 1149
430 2247
430 1508
430 2047
430 2249
430 1179
431 786
431 1329
431 2223
431 2564
431 615
431 1690
432 791
432 1856
432 1515
432 1692
433 971
433 2229
433 2051
433 1336
433 1858
433 2228
434 1695
434 2052
434 1858
434 2228
434 1332
434 793
435 1862
435 621
435 2413
435 972
435 795
436 1522
436 620
436 1337
436 438
436 2054
436 1339
436 1861
437 1331
437 1156
437 795
437 1696
437 1158
437 2055
438 1337
438 1522
439 1526
439 1166
439 644
439 1162
440 1339
440 1861
440 974
440 441
440 2057
441 442
441 625
441 1163
441 1864
441 1861
441 2235
441 2572
442 2235
442 626
442 625
442 2572
442 1864
442 1525
442 2574
442 2058
442 1163
443 1168
443 1169
443 1868
443 976
443 1527
444 1343
444 2575
444 2422
444 1170
444 799
445 977
445 802
445 2428
445 798
445 2423
446 1344
446 1345
446 2579
446 2580
447 1700
447 2240
447 2426
447 2083
447 448
447 1870
447 478
448 1870
448 978
448 629
449 1348
450 801
450 2239
450 1871
450 1347
450 2064
451 1385
451 1561
451 1178
451 1564
451 805
451 1015
451 452
451 483
451 2069
451 1351
451 651
452 805
452 2582
452 1704
452 1178
452 1351
453 1181
453 1182
453 1877
453 983
453 2435
454 632
454 1702
454 1532
454 1707
454 1708
454 2584
454 2251
454 2246
455 1706
455 1181
455 988
455 1355
455 1881
455 1354
456 1535
456 2248
456 1875
456 1180
456 2250
457 2436
457 812
457 989
458 811
458 810
458 1184
458 1878
459 1539
459 640
459 990
459 2442
459 2257
459 1714
460 639
460 813
460 1542
460 2441
460 1543
460 1883
460 1538
461 2443
461 2073
461 2590
461 1368
461 463
461 464
461 1716
461 1715
461 1545
462 1885
462 992
462 995
462 664
462 641
462 1187
462 2108
463 1715
463 815
463 2259
463 2443
464 1546
464 1545
464 1720
464 2073
464 1716
464 1715
465 621
465 1523
465 1859
465 1370
465 1367
465 2262
465 973
466 816
466 996
466 2264
467 2263
467 2444
467 1886
467 1370
467 2260
468 645
468 1191
468 2591
468 821
469 1192
469 999
469 2077
469 1890
469 2268
470 861
470 501
470 472
470 1554
470 1196
470 2455
471 2080
471 1893
471 1555
471 1004
471 1195
472 1196
472 501
472 1925
472 865
473 1557
473 1005
473 1006
473 2084
474 2457
474 648
474 2086
474 1726
474 1896
474 1895
475 829
475 478
475 649
475 2087
475 1375
475 1008
476 2459
476 1560
476 1379
476 1378
477 827
477 1009
477 1198
477 1007
477 2088
477 1380
478 1348
478 1897
478 2083
478 829
478 2240
479 1384
479 839
479 833
479 1734
479 1389
479 1899
479 2463
479 2603
480 682
480 1563
480 835
480 833
480 1230
480 485
480 1731
481 1733
481 836
481 483
481 2462
481 2092
481 1016
481 2093
481 1015
481 1732
482 2601
482 1016
482 650
482 2091
482 1013
482 1202
482 832
483 1561
483 2092
483 1564
483 1732
483 1015
483 1178
483 2462
483 831
484 653
484 1012
484 1384
484 831
484 2281
484 1383
485 1563
485 833
485 1899
485 2463
485 1386
485 1384
486 840
486 843
486 1583
486 2096
486 1901
487 683
487 2608
487 1231
487 1567
487 1568
487 844
488 1572
488 1209
488 1208
488 489
488 1912
488 1393
488 2288
489 1209
489 2288
489 2286
489 1572
489 1208
490 1904
490 1391
490 846
490 1570
490 1021
490 1739
491 1023
491 1212
491 660
491 1213
492 1713
492 1023
492 2105
492 1742
492 1541
492 1544
493 1573
493 1746
493 853
494 1916
494 1398
495 1215
495 1745
495 2475
495 1025
495 2109
495 2289
496 859
496 1218
496 2114
497 671
497 1576
497 1402
498 645
498 1219
498 666
498 1191
498 1403
498 1400
498 499
499 2477
499 500
499 1403
499 2115
499 671
499 1219
500 673
500 1577
500 1219
500 1032
500 2115
501 861
501 1925
501 865
502 1578
502 2294
502 1221
502 2479
503 676
503 1755
503 1757
503 1224
503 504
504 676
504 1757
504 1755
504 1224
505 1409
505 1227
505 2301
505 2121
505 1042
506 1227
506 1410
506 2619
506 1761
506 2123
507 834
507 1413
507 1416
507 1417
508 2126
508 1047
508 1931
509 1234
509 1419
510 1052
510 2627
510 1237
511 1936
511 512
511 694
511 1054
512 1593
512 1422
512 694
513 2518
513 1789
513 2316
514 1424
514 1941
514 1594
514 2315
514 873
515 1771
515 701
515 2319
515 1059
516 705
516 2502
516 1947
516 1429
517 1061
517 1430
517 1948
518 879
519 1068
519 520
520 1245
520 1776
521 1069
521 1070
521 1604
521 883
522 1602
522 1781
522 2142
522 1247
522 1433
523 888
523 1607
524 1605
524 2328
524 1436
524 1954
525 1606
525 2147
525 2146
525 1435
526 2509
526 1251
526 2330
526 1783
526 1953
526 1787
526 1438
527 1785
527 1786
528 2151
528 2150
528 1955
528 2334
528 2332
528 554
528 1074
528 1439
529 1441
529 2152
529 1256
529 711
530 2336
530 2153
530 898
530 1937
531 1611
531 1442
531 532
531 2156
532 1961
532 1960
532 712
532 895
533 895
533 1959
533 1077
533 1078
533 1613
533 1443
533 2155
533 2154
533 2515
533 713
534 1258
534 535
534 1444
535 1444
535 1258
535 1964
536 899
536 1790
536 2338
536 1260
536 1259
536 730
537 1086
537 901
537 1615
537 1263
537 1967
537 539
538 900
538 541
538 2520
538 1262
539 901
539 1967
539 1263
539 1084
540 902
540 1965
540 1261
540 875
540 1083
540 1446
541 2347
541 1268
541 2161
541 1262
541 900
541 903
542 2340
542 1261
542 1944
542 1969
543 2162
543 1792
543 1267
543 1799
543 1090
543 1972
544 903
544 1089
544 2343
544 715
544 1975
544 1617
545 2351
545 908
545 909
545 719
545 1800
546 1094
546 1273
546 2167
547 1803
547 2166
547 1620
547 1979
547 722
548 1982
548 1981
549 1621
549 2522
549 1805
549 721
549 1274
550 1275
550 1095
550 1452
551 724
551 1622
551 552
552 1608
552 1622
553 1439
553 1624
553 912
553 554
553 2170
553 555
554 557
554 1624
554 2170
555 559
555 1625
555 2525
555 1627
555 912
555 913
556 1276
556 557
557 1624
557 1276
558 914
558 2169
558 2171
558 560
559 2525
559 1627
559 2526
559 1095
559 1625
559 912
559 913
560 1650
560 1986
560 914
560 1452
561 1993
561 1991
561 1629
561 1283
562 2174
562 1630
562 727
562 1992
562 1991
563 2532
563 730
563 1633
563 1810
563 921
564 924
564 923
564 2176
564 1661
564 2358
564 2178
564 1999
564 732
565 924
565 920
565 1285
565 2002
565 1101
565 1102
566 1286
566 1460
566 2179
566 1811
566 1105
566 2004
566 1639
567 1638
567 2000
567 2177
567 735
567 1458
567 1640
567 731
567 2361
568 1634
568 2003
568 731
568 1288
569 589
569 2182
570 1107
570 2363
570 590
570 2180
571 1108
571 1812
571 1289
571 1448
571 1814
572 736
572 1462
572 2008
572 2535
572 931
572 930
572 1290
573 574
573 2006
573 929
573 1108
574 2535
574 1813
574 2183
574 1108
574 2006
574 1641
575 907
575 1292
575 911
575 1293
576 2011
576 577
576 1298
576 741
577 1298
577 740
577 741
578 1300
578 2016
578 1296
579 2366
581 1121
581 942
581 1306
581 1474
581 2371
581 752
582 1474
582 752
583 1824
583 1117
583 1307
583 1823
583 1306
584 1307
584 1824
584 1823
584 940
584 1118
585 942
585 946
585 2372
585 1808
585 1659
585 2357
585 1456
585 1283
585 944
586 587
586 2200
586 950
586 1125
586 1312
586 2027
586 1313
586 760
587 760
587 2027
587 2031
587 1313
588 1478
588 2544
588 2026
589 591
589 592
589 2378
589 951
589 2548
590 955
590 2180
590 1815
590 1107
591 2548
591 951
591 1314
591 592
591 1484
592 2031
592 2547
593 1127
593 1316
593 2379
593 952
594 1484
594 1315
594 1314
594 2201
594 2032
595 955
595 1665
595 2204
596 1489
596 2380
596 2207
597 1317
597 2036
597 599
597 768
597 1461
597 1831
597 2184
598 770
598 600
598 2035
599 2036
599 768
599 2184
599 2205
599 1317
599 1831
600 2035
601 603
602 2208
602 2550
602 1489
602 774
602 2039
602 1160
602 1338
603 1128
603 1668
604 1322
604 2386
604 1672
604 1836
604 775
605 1498
605 1844
605 2427
606 1503
606 2045
607 964
607 1504
608 1179
608 2047
608 1328
608 1682
608 1681
608 2432
608 963
608 1508
608 2215
609 1349
609 1350
609 1327
609 2396
609 1701
610 1503
610 2392
610 783
610 1680
610 2044
610 1141
611 1686
611 1827
611 1847
611 785
611 2218
611 2397
612 1507
612 1851
612 2559
612 2558
612 786
612 615
613 2404
613 616
613 2402
613 1687
613 2196
614 787
614 1854
614 2222
614 968
614 1329
614 1687
614 2562
614 1511
614 1513
615 1690
615 2559
615 1881
615 1507
615 1355
615 1354
615 786
616 2196
616 2221
616 2404
616 943
616 1510
616 1830
617 1517
617 1516
617 1519
617 788
617 1855
617 1853
617 1152
618 2411
618 2565
618 2566
618 791
619 2410
619 970
619 2033
619 1154
619 1664
619 763
620 1338
620 1337
620 2054
620 1863
621 1334
621 1523
621 972
621 973
621 1862
621 1859
621 2414
622 1157
622 1159
622 1163
622 2058
622 2060
623 1697
623 2232
623 796
623 2571
623 1161
624 626
624 1524
624 625
624 2418
624 2056
624 627
625 2574
625 626
625 2235
625 2056
625 2057
625 2573
626 1525
626 1166
626 2233
626 2419
626 2574
626 627
626 2056
627 1865
627 2056
627 2418
627 1165
627 1525
627 2233
628 1865
628 1165
628 2059
629 2425
629 1870
629 978
630 1873
630 1703
630 2068
630 2243
630 631
630 2244
630 982
631 1873
631 2244
631 2243
631 1529
632 633
632 2246
632 1707
632 2251
632 2584
632 1702
632 1708
632 1532
633 1179
633 2249
633 1707
633 1532
633 1874
634 985
634 635
634 841
634 1183
634 1880
634 1390
634 1359
634 1537
634 657
635 1875
635 1737
635 2070
635 807
635 2101
635 841
636 1706
636 2072
636 988
636 2438
636 1535
637 1882
637 1540
637 1710
637 1189
638 991
638 1712
638 1713
638 1544
638 1541
639 1363
639 1538
639 1188
639 1883
640 990
640 2442
640 2439
640 2440
640 1361
640 2257
640 2255
641 850
641 1885
641 664
641 1187
641 992
642 1718
642 1719
642 1884
642 1368
642 1521
642 2589
642 814
643 1372
643 2265
643 2447
643 1887
643 1886
644 2269
644 1162
644 1190
644 1890
644 1526
644 1888
645 1722
645 1191
645 666
646 2595
646 2452
646 1194
647 1556
648 2084
648 1895
648 1896
648 1894
648 2457
649 1008
649 2597
649 1375
649 2087
649 1896
649 829
650 1013
650 1386
650 1016
650 2601
650 1202
651 836
651 2283
651 2069
651 1015
651 1564
651 1733
651 2462
651 1385
652 980
652 1876
652 1383
652 1382
652 1900
652 1528
652 653
653 2098
653 1205
653 1900
653 1382
653 2281
653 1383
653 1019
653 1012
654 1382
654 1204
654 1902
654 2098
654 1019
654 2099
654 1205
654 1017
655 2097
655 1741
655 1737
655 1203
656 2094
656 2607
656 2605
656 1736
657 1740
657 2466
657 847
657 841
657 1880
657 1390
657 1537
658 2102
658 845
658 848
658 1210
658 1571
658 2287
658 1020
658 2469
658 1022
658 1905
659 1913
659 2107
659 2471
659 662
659 1211
659 1024
660 1212
661 1912
661 1908
661 851
662 1913
662 2471
662 1024
663 1394
663 1933
663 1765
663 1049
664 850
665 2290
665 856
665 859
665 688
665 2308
666 1217
666 2291
666 1400
666 1027
666 1029
666 1722
667 2113
667 2291
667 1216
667 1400
667 1029
667 1749
667 669
668 2111
668 1218
668 2292
669 1029
669 1400
669 2111
669 2113
669 855
669 1917
669 2291
670 2490
670 1575
671 2477
671 1576
671 1749
672 1030
672 860
672 1405
672 1919
672 1766
672 2476
672 1752
673 1219
673 1191
673 1032
673 2115
673 1403
674 1034
674 2482
674 1920
674 1404
674 1405
674 2116
674 1030
675 1051
675 1407
675 2131
675 2130
675 691
675 1035
675 2616
676 1757
676 2117
676 1223
676 1922
677 862
677 1404
677 1222
678 824
678 1758
678 1559
678 2274
679 2313
679 2312
679 867
679 1225
679 1036
679 2296
680 2620
680 2298
680 1760
680 1761
681 1011
681 1417
681 1763
681 1764
682 1230
682 1763
682 1011
682 2304
682 1582
682 2305
682 2307
682 1044
682 1731
683 1566
683 2608
683 684
683 1567
683 840
683 1231
683 1418
684 1418
684 1930
684 1231
685 2306
685 1583
685 2624
685 869
685 1045
685 1415
686 1232
686 1046
687 2128
687 1234
688 2308
688 1934
688 859
688 2491
688 856
689 1421
689 2310
689 690
689 1766
689 2494
689 871
689 1588
690 2494
690 1421
691 1407
691 2311
691 2131
691 2130
692 1767
692 1589
692 872
693 1238
693 1592
693 2133
694 1054
694 1936
695 2134
695 1769
695 698
695 1423
696 2134
696 1595
696 2317
696 1938
696 1424
697 2316
697 699
697 1768
697 1056
697 1945
698 1595
698 1769
698 2134
699 1240
699 1056
699 1943
700 1770
700 1426
700 1596
700 702
701 1241
701 1059
702 1596
702 1426
702 1942
702 1949
703 1058
703 874
704 2320
704 718
704 1063
704 1062
704 2322
704 1243
705 1242
705 2505
705 1949
705 1946
705 1429
706 1948
706 2139
706 2138
706 1061
707 2326
707 1950
707 1246
707 1600
708 2507
708 1777
708 1780
709 891
709 892
709 1957
709 1071
709 2512
710 2333
710 1075
710 1956
711 1441
711 1610
712 895
712 1961
712 1962
712 1443
713 2154
713 2155
713 2515
713 1077
713 1078
713 1959
714 902
714 2160
714 1966
714 1964
714 1970
715 903
715 1975
715 1265
715 2343
715 1091
715 1089
716 2521
716 1791
716 1447
717 2320
717 1265
717 1243
717 1089
717 904
717 1951
717 880
718 2344
718 904
718 2320
718 1265
719 1619
719 1800
719 1801
719 1978
720 1797
720 1977
720 1972
720 1093
721 1805
721 1621
721 724
721 2168
722 1979
722 2166
722 1794
722 1793
722 1620
723 1451
723 2167
723 1781
723 1271
723 1270
724 2168
724 1805
725 1989
726 1455
726 1305
726 1655
727 1992
727 2530
727 2529
727 1630
727 917
728 1788
728 2533
728 1088
728 1809
728 2517
728 2362
728 1103
729 923
729 922
729 1285
729 1998
729 2176
729 1999
729 924
730 1810
730 1259
730 1260
730 2158
731 2361
731 1634
731 1638
731 735
731 1288
732 1312
732 1284
732 2176
732 923
732 1661
732 1100
732 2358
733 927
733 1460
734 1288
734 2003
734 1103
734 927
735 925
735 1288
735 1640
735 1106
735 1638
735 1634
736 2008
736 1813
736 2535
736 1461
736 1462
736 931
737 1641
737 1646
737 1463
737 1294
738 1110
738 739
738 1111
739 1647
739 2012
739 1111
739 1464
740 933
740 2537
740 1114
740 1295
740 1298
741 1298
742 1819
742 1300
742 2192
742 2368
742 2017
742 745
743 1116
743 935
743 2367
745 1300
745 2017
745 2192
745 2368
746 2191
746 1299
746 2538
747 1468
747 1473
747 751
747 750
748 749
748 2538
748 1303
749 938
749 1303
750 751
750 1499
750 1473
751 1499
751 1473
751 2020
751 779
752 1117
752 1474
753 1481
753 948
753 1826
753 1124
753 1122
754 1658
754 757
754 755
754 1310
754 918
754 2543
754 1996
755 946
755 1658
755 1659
755 2372
755 1829
756 1828
756 757
756 1477
756 945
756 1656
756 1457
757 1828
757 2543
757 1310
758 1125
758 1126
758 1480
758 1311
758 2199
758 761
758 1662
759 2200
759 2027
759 1314
759 1313
760 1100
760 2177
760 2000
760 1458
760 2031
761 947
761 1477
761 1480
761 1661
761 2375
761 2199
762 951
762 1127
762 1483
762 1315
762 2032
762 2029
763 1664
763 1488
763 2546
763 970
763 2383
763 2033
763 952
764 969
764 765
764 2409
764 766
764 2202
764 1485
765 1519
765 1855
765 1517
765 2377
765 969
765 2409
766 2202
766 1315
766 2032
767 2034
767 1487
767 769
767 770
767 953
767 1665
768 2184
768 2010
768 1317
768 1642
768 2382
768 2036
769 2034
769 1666
769 953
769 1665
769 955
769 1487
769 2204
770 1486
770 1318
770 1487
771 956
771 957
772 1319
772 1667
772 2037
772 2038
772 773
772 2206
773 774
773 1669
773 1319
773 2038
774 2207
774 2550
775 974
775 1322
775 2386
776 1130
776 1131
776 1492
776 1837
776 1671
776 1134
777 1323
777 1837
777 1320
777 1134
778 960
778 2041
779 1840
779 1496
779 2020
779 1499
779 1652
779 1473
780 2042
780 1137
781 2554
781 1500
781 1138
781 1137
781 782
782 1140
782 1500
782 2554
782 962
783 2216
783 1680
783 2392
783 1141
783 1144
783 1503
783 2044
784 940
784 1502
785 2218
785 1847
785 1146
785 2397
785 1684
786 1329
786 2558
787 2405
787 2222
787 2223
787 1329
787 1511
787 1854
787 2403
788 1482
788 1152
788 1688
788 1519
788 2561
788 2220
789 1521
789 2050
790 1518
790 2412
790 1857
791 2565
791 2411
791 2049
791 1856
792 2049
792 1520
793 2053
793 2569
794 2413
794 971
794 1333
794 1334
795 1696
795 1158
795 1156
795 2055
795 1331
795 2416
796 1161
796 818
796 2232
796 1372
797 2577
797 1527
797 1868
797 2421
797 1866
798 800
798 1171
798 2428
798 2423
799 2061
799 2575
799 1343
800 2453
800 825
800 1171
801 1347
801 2239
801 2238
801 2064
802 977
802 1869
802 2423
802 1174
803 1005
803 2596
803 825
803 1174
804 1869
804 978
805 2069
805 2430
805 2582
805 1704
805 1178
805 1177
805 1351
806 1533
806 1017
806 2583
807 1017
807 2070
808 1709
808 2437
808 1356
808 1357
808 989
808 809
808 2254
809 1709
809 1357
809 989
809 2437
809 987
810 988
810 1358
810 1536
810 811
810 1879
810 1185
811 1356
811 1358
811 1536
811 1878
812 1542
812 1882
813 1543
813 1542
813 2441
814 2589
814 1521
814 1368
814 1718
814 1719
814 1884
814 815
815 1719
815 2439
815 1539
815 1360
815 2259
815 2443
816 2445
816 2261
816 996
817 854
817 1574
817 1549
817 2266
818 1372
818 2447
818 1887
818 1161
818 1548
819 1000
819 1552
820 1724
820 1551
820 1000
821 822
821 1000
821 2592
821 2591
822 1000
822 2592
822 2593
823 1870
823 2085
824 1559
824 1894
824 1726
824 1377
825 1005
825 2453
825 1376
825 2273
826 1376
826 1725
826 2272
826 1556
827 1198
827 1380
827 2088
828 1728
828 1379
828 1199
828 2598
829 2087
829 1897
829 2275
829 1348
830 2280
830 2278
830 2089
830 1200
830 1413
830 1414
831 1383
831 2092
831 1015
831 1732
831 1561
832 837
832 1013
832 2601
832 1201
832 1202
832 2091
832 1562
832 1014
832 1016
833 1899
833 1563
833 835
833 2463
833 843
833 1735
833 1734
833 1389
834 2602
834 2278
834 1014
834 1417
834 1413
834 1387
834 1010
835 1230
835 1415
835 1563
835 1735
836 1733
836 2091
836 1016
837 2091
837 1562
837 1202
837 1201
837 2279
837 2599
837 1729
837 1014
838 839
838 1018
838 2285
838 2464
838 1204
838 2095
838 1388
838 2099
838 1205
839 1734
839 1388
839 1389
839 1205
839 2603
839 1012
840 2606
840 2608
840 1901
840 1565
840 1566
841 2101
841 1737
841 2466
841 1537
842 1738
842 1903
842 1568
842 1206
842 1203
843 1018
843 1735
843 2096
843 2465
843 1389
844 2604
844 1567
844 1392
844 2125
845 2469
845 1905
845 2470
846 1904
846 1739
846 1021
846 1232
846 1570
847 1022
847 2097
847 1741
847 2466
847 848
848 2467
848 1741
848 1022
848 1210
848 1203
848 1738
849 2472
849 1910
849 1744
849 1743
849 1395
850 2104
850 2105
851 1393
851 1912
851 2473
851 1908
852 2614
852 1573
852 2110
852 1215
853 1214
853 1026
853 1914
853 1573
853 1746
854 1574
854 855
854 1028
855 1917
855 2111
856 859
856 2290
857 1748
857 2112
857 1028
857 1398
858 1749
858 1216
859 1934
859 2290
860 1030
860 2116
860 1577
860 1405
861 1554
861 2479
862 1891
862 1892
862 1222
863 1221
863 1033
863 1579
863 2480
863 1754
863 1921
863 2481
864 2295
864 1220
864 1033
864 1923
864 1406
864 2478
865 1925
865 1224
865 1196
866 1927
866 2297
867 2313
867 2296
867 1753
867 2496
867 1036
868 1228
868 2124
868 1413
868 1414
868 1762
868 2622
868 1043
868 1229
868 2621
869 1415
869 2306
869 1045
870 2125
871 1402
871 2310
872 1935
872 1767
872 2496
872 1589
873 1594
873 1941
873 2315
873 1940
873 1055
874 2503
874 2318
874 875
875 1968
875 902
875 1083
875 1446
876 1241
876 2137
876 1942
876 877
876 1775
876 1774
877 1242
877 1775
877 2139
877 2137
878 1061
878 1430
879 1062
879 1064
879 2321
879 2322
879 2323
880 1951
880 1243
880 1947
881 1252
881 2327
881 1248
882 2145
882 1249
882 1780
883 2508
883 1069
883 1250
883 1603
883 1604
883 1605
884 1779
884 1605
884 1603
884 2508
884 1248
885 2511
885 1072
885 1784
885 887
886 1253
886 2510
886 1072
886 1607
886 888
887 2511
887 1608
887 1782
887 1784
888 1607
889 890
889 1609
889 1255
890 2334
890 1074
891 1251
891 1957
891 2510
892 1955
892 1439
892 1074
892 1957
893 2337
893 1442
893 1611
894 2335
894 1077
894 1080
894 1081
894 1257
894 1613
895 1961
895 1443
895 2154
895 1959
896 1959
896 2156
896 1078
897 1080
897 1257
897 1459
897 1612
898 1937
898 2336
900 2347
900 2520
900 1268
900 1615
901 1263
901 1086
902 1083
902 1446
902 1965
902 1966
902 1968
902 1970
903 1262
903 2161
903 1268
903 1975
903 2343
903 1617
904 1089
904 2344
904 1265
905 2346
905 1448
905 1264
905 1291
906 1449
906 908
906 2349
906 1799
906 2348
907 1292
907 1797
907 1977
907 2187
908 1800
908 909
908 1093
909 1977
909 1800
909 1093
910 2350
910 1798
911 1293
911 2352
911 2351
911 1796
912 2526
912 913
913 1095
913 2526
913 1625
913 2171
914 1986
914 2169
914 2171
915 1277
915 1989
916 1456
916 1628
916 2172
916 1997
917 2529
917 1281
917 2173
917 1990
918 1996
918 2528
918 1457
918 2543
918 1995
919 1997
919 1282
919 1993
919 2531
920 1101
920 1994
921 2532
921 1632
921 1631
921 1633
921 1810
922 1102
922 1631
922 1998
922 1285
923 1284
923 1999
923 1100
923 2358
923 2176
924 1285
924 947
924 2002
924 1637
924 1635
924 2178
924 2358
925 1106
925 1288
925 1287
925 1640
926 2534
926 1104
926 1107
926 2005
927 1103
927 2362
927 1088
928 2009
928 2181
928 2005
928 1645
929 1291
929 1812
929 1644
930 1644
930 2008
930 1290
931 2008
931 1462
931 1461
932 1816
933 1114
933 1295
934 1320
934 2189
934 1323
934 1297
935 2367
935 1116
936 2019
936 1651
936 2370
937 1654
937 1468
937 2193
937 1820
938 1471
938 1303
938 1822
939 2021
940 1118
940 941
941 1118
942 1829
942 1308
942 1121
942 2371
942 1659
942 2022
942 946
943 1830
943 1143
944 1808
944 1283
944 2357
944 946
944 2172
944 2372
944 1659
944 1456
945 2375
945 1457
945 1828
945 1635
945 1656
945 1477
945 2527
946 1658
946 1829
946 2372
946 2371
946 1659
947 1637
947 1480
947 1661
947 1635
947 1477
947 2375
947 2178
948 2545
948 949
948 2376
948 1123
948 1124
948 1663
948 1481
948 1311
949 1124
949 1123
949 2545
949 2544
949 1126
949 1311
949 1478
949 1663
950 1662
950 2197
950 1479
950 2198
950 1312
950 2200
950 1313
950 1125
951 2029
951 2028
951 2548
951 2378
951 1483
952 1664
952 1488
952 2033
952 2379
952 1154
952 2546
952 1316
953 1666
953 955
953 1665
954 1486
954 2549
954 1694
954 1318
955 1666
955 1665
955 2034
955 2204
956 2384
956 957
957 2384
957 1836
958 1132
958 2234
959 2213
959 1674
959 1819
959 1300
959 2368
960 1674
960 1838
960 2553
960 2041
961 1679
961 1841
961 1676
961 1677
961 2555
962 1137
962 1500
963 1328
963 965
963 2217
963 2396
963 2394
963 2215
963 1681
964 965
964 1504
965 2394
965 1328
965 2217
965 2396
966 1505
966 2219
966 1145
966 1683
966 2560
967 2046
967 2557
967 2401
967 1848
967 1506
967 1850
967 2399
968 2406
968 1691
968 2562
968 1689
968 2561
968 1688
969 2409
969 1855
969 1514
969 1485
969 1515
970 1332
970 1664
970 2567
971 2051
971 1333
972 973
972 1862
972 1523
972 2232
973 1523
973 1862
973 1334
973 1859
973 2262
974 2057
974 2386
974 1322
975 2081
975 2061
975 1342
975 1343
976 1868
976 2062
977 2423
977 1869
977 1699
978 2425
978 1347
978 1345
979 1349
979 2066
979 1501
980 1530
980 1528
980 1531
980 2245
980 1900
980 1353
981 1705
981 1350
981 1701
981 1703
981 1529
982 1703
982 2066
982 2431
982 2068
983 2435
983 2071
983 1850
983 1877
983 1182
984 2253
984 2252
984 2436
984 1878
985 1535
985 1183
985 1359
985 1537
985 1880
985 986
985 2438
986 1390
986 1880
986 1535
986 1537
986 1183
986 1359
987 1357
987 1709
987 1207
988 1185
988 2072
988 1355
988 1706
989 2436
989 2254
989 2437
989 1356
990 1539
990 2439
990 2440
990 2442
990 1714
990 1360
990 2257
991 2585
991 1713
991 1712
991 1710
991 1541
991 1540
992 1187
992 1720
992 1546
992 1885
992 2256
993 1717
993 1366
993 995
993 2074
993 2076
994 2076
994 1369
994 1365
995 2108
995 1717
995 1546
996 2264
996 2078
996 2261
996 2445
996 2450
996 1373
997 2267
997 1167
997 2448
998 2594
998 1194
998 1550
999 2269
999 1888
999 1190
999 1890
999 2077
1000 1724
1000 2592
1000 2593
1001 2454
1001 2270
1001 1002
1002 1003
1002 1004
1002 2454
1002 2456
1002 2270
1002 1374
1003 2270
1003 1004
1003 1374
1003 1893
1004 1374
1004 1893
1004 2456
1004 2080
1005 1376
1005 2273
1005 1557
1005 2596
1006 2084
1006 1197
1006 2272
1006 1557
1007 1898
1007 2276
1007 2088
1007 1198
1008 2597
1008 1375
1008 1896
1008 2087
1009 2120
1009 2301
1009 1928
1009 1409
1010 2278
1010 2279
1010 1387
1010 1417
1010 1201
1010 2602
1010 1014
1011 2282
1011 1731
1011 1763
1012 1388
1012 1382
1012 1383
1012 1384
1012 2281
1013 1202
1013 1387
1013 2601
1013 2282
1014 2278
1014 2279
1014 1387
1014 1201
1014 2602
1015 1733
1015 1732
1015 2092
1015 1564
1015 2462
1015 1178
1015 2283
1015 1561
1015 1385
1016 2093
1016 2091
1016 1202
1017 1902
1018 2095
1018 1565
1018 2100
1018 2285
1018 1389
1018 2465
1019 2099
1019 2098
1019 1876
1019 1204
1019 1205
1019 1382
1019 1902
1020 2287
1020 1907
1020 1905
1020 2102
1020 1022
1020 1571
1020 2610
1021 1904
1021 1570
1021 1391
1021 2470
1021 1739
1022 2467
1022 2469
1022 1210
1022 1741
1022 2287
1022 2102
1022 1905
1022 1571
1022 1907
1023 1212
1023 1742
1023 2105
1024 2471
1024 1745
1024 2106
1024 1913
1024 1211
1024 2107
1025 1573
1025 2289
1025 1915
1025 2475
1025 1215
1026 1399
1026 1746
1026 1914
1026 2613
1026 1214
1027 1217
1027 1373
1027 1917
1027 1722
1027 2291
1028 2112
1028 1748
1029 2291
1029 1749
1029 1400
1030 1405
1030 2116
1030 1034
1031 1918
1031 2593
1031 1032
1031 1889
1032 1918
1033 1220
1033 1579
1033 1221
1033 2480
1033 2295
1034 2118
1034 1921
1034 2116
1034 1920
1034 1404
1034 1405
1034 2482
1035 2481
1035 2616
1035 1754
1035 1407
1035 2130
1036 1225
1036 1924
1036 2296
1036 2313
1036 2312
1037 1042
1037 1756
1037 2483
1037 1226
1037 2121
1037 1227
1038 1758
1038 1039
1038 2484
1038 1927
1039 1755
1039 2484
1039 2119
1039 1927
1039 1926
1040 1928
1040 1411
1040 2120
1040 2122
1040 2299
1040 2618
1041 2299
1041 2486
1041 1580
1041 1581
1041 1412
1042 2121
1042 2301
1042 2483
1042 1227
1043 1414
1043 1229
1043 1228
1043 2124
1043 2621
1043 2303
1043 1762
1044 2304
1044 2307
1044 1582
1044 2305
1044 2487
1044 1763
1045 1929
1045 1415
1045 1583
1045 2624
1046 1047
1046 1931
1047 2609
1047 2126
1047 1931
1048 1765
1048 1933
1048 2488
1048 1049
1048 2127
1049 1233
1049 2488
1049 1765
1049 1584
1049 1585
1049 2612
1049 2127
1050 1587
1050 2493
1051 1935
1051 2130
1051 1406
1052 1237
1052 1408
1052 2312
1053 1591
1054 1936
1055 2135
1055 1940
1055 1594
1056 1945
1057 2314
1057 1425
1057 1938
1057 1939
1057 1239
1058 1240
1058 2501
1058 2318
1059 1771
1059 1598
1060 1427
1060 1428
1060 1772
1060 2504
1060 1770
1060 1944
1060 1773
1061 1948
1061 2138
1061 1430
1062 2320
1062 1243
1062 2321
1062 2322
1062 2323
1062 1063
1063 1243
1063 2321
1063 2505
1063 2320
1063 1064
1064 2505
1064 1429
1064 2323
1064 2321
1065 1244
1065 2141
1065 1777
1066 1600
1066 1432
1066 1068
1067 1601
1068 1600
1069 1779
1069 2508
1069 1070
1069 1604
1069 1603
1070 1779
1070 1434
1071 1253
1071 2512
1072 1784
1072 2511
1072 1253
1073 1075
1073 1076
1073 2331
1073 1956
1073 1958
1073 1254
1074 1955
1074 2334
1074 1439
1075 1254
1075 1958
1075 1956
1076 2331
1076 2332
1076 1254
1077 1443
1077 2154
1077 2155
1077 1613
1077 2515
1077 2335
1078 2515
1078 2155
1078 2154
1078 1959
1079 1099
1079 2157
1080 1445
1080 1257
1080 2335
1080 1963
1081 1807
1081 1613
1081 2354
1081 1097
1082 2516
1082 2519
1082 1445
1083 1965
1083 1261
1083 2503
1083 1446
1083 2341
1084 1263
1084 2160
1084 2159
1084 1087
1084 1971
1085 1788
1085 2159
1085 2517
1085 1087
1085 1088
1086 1615
1086 1263
1087 1971
1087 2159
1087 2160
1087 1964
1088 1103
1088 1788
1088 2362
1088 2517
1088 1809
1089 2343
1089 1951
1089 1265
1090 1974
1090 1266
1090 2163
1090 2162
1090 1799
1091 1447
1092 1795
1092 1978
1092 1619
1093 1977
1093 1792
1093 1267
1094 1451
1094 2167
1094 1273
1095 2171
1095 1625
1096 1626
1096 1280
1096 1651
1097 1612
1097 1281
1098 2355
1098 2354
1098 1807
1099 2157
1100 1458
1100 1284
1100 1312
1100 2000
1101 2173
1101 2359
1101 2360
1101 1102
1101 1285
1102 1285
1102 2359
1102 2360
1102 1998
1103 2362
1103 1809
1104 1460
1104 2004
1104 1105
1105 1811
1105 1460
1105 2004
1105 1639
1105 1286
1106 1640
1106 1638
1106 1288
1107 2005
1107 2181
1107 2363
1107 2180
1107 1815
1108 2006
1108 1812
1108 1289
1109 1643
1109 2339
1109 1976
1109 1264
1109 2345
1110 1111
1111 2536
1112 1464
1112 1833
1113 1465
1113 1302
1113 1818
1113 2188
1113 1115
1114 2190
1114 1295
1115 2188
1115 2014
1115 1465
1115 1466
1115 2190
1115 2015
1115 1818
1117 1823
1117 1306
1117 1307
1118 1307
1118 1824
1119 2024
1119 1660
1119 2374
1119 1308
1119 1120
1119 2541
1120 1829
1120 1308
1120 1310
1120 2024
1120 2374
1121 2023
1121 2371
1121 2022
1122 1660
1122 1657
1122 1826
1122 1825
1123 1124
1123 2376
1123 1311
1123 1126
1123 1481
1123 1663
1123 2545
1123 2199
1124 2376
1124 2545
1124 1311
1124 1481
1124 1663
1125 1479
1125 2197
1125 1126
1125 2198
1125 1662
1125 1312
1125 1313
1126 1479
1126 1311
1126 2198
1126 1662
1127 2203
1127 2029
1127 1483
1128 2551
1128 1490
1128 1668
1128 1833
1129 1133
1129 1135
1129 1321
1129 2209
1129 2210
1129 1324
1129 1835
1130 1493
1130 1131
1130 1837
1130 2040
1131 1493
1131 2040
1132 1492
1133 1324
1133 2209
1133 2210
1133 1135
1133 1670
1133 1835
1133 1321
1134 1320
1134 1323
1134 1837
1134 1491
1134 1671
1135 2209
1135 2210
1135 1491
1135 1324
1135 1670
1137 2042
1137 2554
1137 1500
1137 1138
1138 1844
1138 2554
1138 1500
1139 1845
1140 1496
1140 1840
1141 1503
1141 2392
1141 2044
1141 1680
1142 1846
1142 2393
1143 1830
1143 1827
1143 1826
1143 1686
1144 2216
1144 1146
1144 2400
1145 1683
1145 1149
1145 1505
1145 2219
1145 2560
1146 2397
1146 1476
1146 1684
1146 2400
1146 1847
1147 1510
1147 2398
1147 1685
1147 1686
1147 2048
1147 1849
1147 1148
1147 1509
1148 2398
1148 1849
1148 1685
1148 2405
1148 2048
1148 1510
1148 1509
1149 2560
1149 1505
1149 1683
1149 2047
1149 2219
1150 1691
1150 2225
1150 1513
1151 1691
1151 2224
1151 2407
1151 1689
1151 1688
1151 1153
1151 1516
1152 2561
1152 1853
1152 1482
1152 2377
1152 1688
1152 1517
1152 1519
1153 2407
1153 2412
1153 2224
1153 1857
1153 1518
1153 1512
1154 1664
1154 1514
1154 2410
1154 2033
1154 1316
1155 1330
1155 1336
1155 2568
1155 1694
1155 2230
1156 2055
1156 1331
1157 2058
1157 2060
1157 1159
1158 2055
1158 2416
1158 1696
1159 2060
1159 2571
1160 1338
1160 2231
1160 1696
1161 2232
1161 2571
1161 1372
1161 1548
1162 2060
1162 1190
1162 1526
1162 1166
1162 1888
1163 2058
1163 2574
1163 2572
1163 1864
1163 2235
1164 2573
1164 1524
1164 1698
1164 2234
1165 1865
1165 2418
1166 2419
1166 1525
1166 2233
1167 2448
1167 2059
1167 2267
1168 2389
1168 1867
1169 1867
1169 1868
1169 1527
1169 2576
1170 2422
1170 2424
1170 2061
1171 2428
1172 1344
1172 1498
1173 2063
1173 2237
1174 2428
1174 1869
1175 2420
1176 2581
1176 1177
1176 1704
1176 2065
1177 2430
1177 2069
1177 1704
1178 2582
1178 1561
1178 2069
1178 1351
1178 1385
1178 1564
1179 1508
1179 2432
1179 2249
1179 2247
1180 2248
1180 1181
1180 2250
1181 1706
1181 2250
1181 1877
1182 2434
1182 2071
1182 2433
1182 1532
1183 1390
1183 1880
1183 1359
1183 1537
1183 1535
1183 2438
1184 2408
1184 1852
1186 1542
1186 1363
1186 2258
1186 1538
1186 2252
1186 2586
1187 1885
1187 2256
1187 1711
1187 1362
1188 1538
1188 1883
1188 2257
1189 1710
1189 1540
1189 1910
1189 1911
1189 1882
1190 1888
1190 2269
1190 2448
1190 1890
1191 2591
1191 1403
1192 2264
1192 2268
1192 2077
1192 2078
1192 2449
1193 1550
1193 2082
1193 2594
1193 2081
1194 2595
1194 2594
1195 2479
1195 2455
1195 2294
1195 1555
1196 1556
1196 1554
1197 2272
1197 1377
1197 1558
1198 1380
1198 2088
1199 1728
1199 2276
1199 2598
1199 2120
1199 1379
1200 1228
1200 2089
1200 1414
1200 2600
1200 1730
1200 2460
1201 1562
1201 2279
1201 2280
1201 2091
1201 2602
1201 1202
1201 2599
1202 2091
1202 2601
1203 1738
1203 2097
1203 1903
1203 2467
1203 1210
1203 1741
1204 1902
1204 2099
1204 1205
1204 1736
1205 1388
1205 2098
1205 2099
1205 1382
1206 2095
1206 2607
1206 1568
1206 1903
1207 1740
1207 1390
1207 1907
1208 2288
1208 1572
1208 1569
1208 1209
1208 2468
1209 1912
1209 1393
1209 2286
1209 2288
1209 1572
1210 2611
1210 1741
1210 1738
1210 2469
1210 2467
1210 1392
1211 2106
1211 1932
1211 1745
1211 2474
1212 1213
1213 2107
1214 2613
1214 2108
1214 1914
1215 1573
1215 2109
1215 2475
1215 2289
1216 2113
1216 1749
1217 1917
1217 2291
1217 1549
1218 2114
1219 1403
1219 2115
1220 1923
1220 1579
1220 2478
1220 2295
1221 1579
1221 2480
1221 2615
1222 1891
1223 1922
1223 2478
1223 2117
1224 1925
1224 2484
1224 1755
1224 1757
1225 2296
1225 2119
1225 1924
1226 1756
1226 2483
1227 2123
1227 1410
1228 1762
1228 2089
1228 2622
1228 1414
1228 2124
1229 2124
1229 1413
1229 1414
1229 2621
1229 1762
1229 2622
1230 1415
1230 1563
1230 2304
1230 2306
1230 1731
1231 1930
1231 2608
1231 1567
1232 2625
1232 1933
1233 2488
1233 1584
1233 1585
1233 2127
1233 1765
1234 1235
1236 2492
1236 2491
1236 2493
1236 1934
1237 2627
1239 1939
1239 1425
1239 2498
1240 1598
1240 1943
1240 2501
1241 1774
1242 1946
1242 1429
1243 2320
1244 2140
1244 2325
1244 2141
1244 1599
1245 2507
1245 1433
1245 1776
1246 1950
1246 2326
1246 1618
1247 2142
1247 2143
1247 1602
1247 1781
1248 2327
1249 1778
1249 2145
1250 1604
1250 1952
1250 1782
1251 2510
1251 2330
1251 1607
1251 1783
1251 1438
1251 2509
1252 1435
1252 2147
1252 2329
1253 1784
1253 2513
1254 2150
1254 2331
1254 1956
1254 1958
1255 1786
1255 2149
1255 1609
1256 1441
1256 1958
1256 2152
1257 1612
1258 2518
1258 1789
1258 1444
1259 2338
1259 1790
1260 1614
1260 2001
1260 2158
1260 1632
1261 1965
1261 1944
1261 1428
1261 2340
1262 2520
1262 1617
1262 2342
1263 2159
1263 1967
1264 1973
1264 1643
1264 2346
1264 2345
1265 2344
1266 2163
1266 1974
1266 1799
1266 2348
1266 1618
1267 1792
1267 1449
1267 1972
1267 1799
1268 2347
1268 2345
1268 1975
1268 1973
1268 1976
1268 2161
1269 1980
1269 1801
1269 1619
1269 1795
1269 1793
1270 1271
1270 1451
1270 1781
1271 1601
1271 1451
1271 1781
1272 2164
1272 1804
1272 1803
1273 2522
1273 1621
1273 1450
1274 2523
1274 1621
1274 2522
1274 1804
1274 1981
1275 1806
1276 1277
1278 1987
1278 2169
1278 1280
1279 1280
1279 1988
1279 1304
1279 2169
1279 1626
1280 1626
1280 2169
1281 1459
1281 1990
1281 1612
1282 1997
1283 1456
1283 2357
1283 1629
1283 1808
1284 2176
1284 1458
1284 1312
1284 2000
1285 2360
1285 2359
1285 2002
1285 1998
1286 1639
1286 1615
1286 2339
1286 1460
1286 1811
1287 2534
1288 2003
1288 1634
1289 1814
1289 2187
1289 1797
1290 2008
1290 1644
1291 1644
1292 2187
1294 1642
1294 1646
1294 2007
1294 2186
1294 2010
1295 1817
1296 2016
1296 1466
1296 1297
1296 2014
1297 2189
1298 2537
1299 2191
1299 2538
1300 2192
1300 2017
1300 2213
1300 2368
1301 2353
1301 2539
1301 1649
1302 1467
1302 1648
1303 1471
1304 1988
1304 2370
1305 1655
1305 2195
1306 1307
1306 1823
1307 1824
1307 2021
1307 1823
1308 2542
1308 2022
1308 1829
1308 2024
1308 2541
1309 2025
1309 2373
1309 1847
1309 1825
1309 1476
1310 2374
1311 1663
1311 2199
1311 2545
1312 2198
1312 2197
1312 1662
1312 1661
1313 1479
1313 2200
1313 2027
1313 2198
1314 2027
1314 1484
1314 2031
1315 1484
1315 2202
1315 2032
1316 1485
1316 2379
1316 1514
1317 2184
1317 2036
1317 2382
1317 1831
1317 2205
1318 1486
1318 2549
1319 2037
1319 2038
1319 1669
1319 2382
1320 1323
1320 1491
1321 2365
1322 2386
1323 1837
1323 1491
1324 1670
1324 2210
1324 2209
1324 1835
1324 1672
1325 1675
1325 1653
1325 1842
1325 1497
1325 2214
1326 1839
1326 2556
1326 1678
1326 1346
1327 1682
1327 2396
1327 1350
1327 1701
1328 2217
1328 1682
1328 2047
1328 1681
1328 1846
1328 2394
1328 2215
1329 1854
1329 1511
1329 2403
1329 2564
1329 2223
1329 2222
1329 2405
1330 2229
1330 1694
1330 1336
1330 2568
1330 2230
1331 2055
1331 1696
1332 1695
1332 2052
1332 2567
1333 2413
1333 2051
1333 1334
1334 2413
1334 1860
1334 1859
1334 1862
1334 2414
1335 1367
1335 1860
1335 2415
1335 2227
1336 2229
1336 2228
1336 2568
1336 2051
1337 1863
1337 1339
1337 2054
1338 1863
1338 2039
1338 2208
1338 2054
1339 1861
1340 2417
1340 1864
1340 1522
1342 2082
1343 2422
1343 2061
1343 2575
1344 2064
1344 2580
1344 2579
1345 2239
1345 2238
1345 1347
1345 2580
1346 2237
1347 2238
1347 2239
1348 1897
1348 2240
1349 2066
1349 1501
1350 2242
1350 1701
1350 1682
1351 2582
1351 1561
1351 2243
1352 1873
1352 2067
1352 1708
1352 2245
1352 1702
1352 2243
1352 1353
1352 1530
1352 1529
1353 1530
1353 1528
1353 1873
1353 2243
1353 1531
1353 2245
1354 1706
1354 2559
1354 1881
1354 1355
1354 1507
1355 1706
1355 1881
1356 1357
1356 1536
1356 2437
1356 2436
1357 1536
1357 1358
1358 1879
1358 1536
1359 1740
1359 1535
1359 1880
1359 1390
1359 1537
1359 2438
1360 2442
1360 2439
1360 1719
1360 1539
1361 2255
1361 1543
1361 1712
1361 2440
1361 1362
1361 1364
1362 1711
1362 1712
1362 2256
1362 2255
1363 2258
1363 1538
1363 2586
1364 1712
1364 1543
1364 2255
1365 2588
1365 1369
1365 1366
1366 2074
1366 2076
1366 2588
1367 2262
1367 2415
1367 1547
1367 1859
1368 2590
1368 2443
1368 1716
1368 2589
1368 1884
1368 1718
1369 1547
1370 2262
1370 2263
1370 2260
1370 1523
1370 2265
1371 1886
1372 1548
1372 2447
1372 2265
1373 2261
1373 2445
1373 1722
1374 2456
1374 2270
1374 2454
1375 1896
1375 2597
1375 2087
1376 2451
1376 2273
1376 1725
1376 2453
1377 2271
1377 2272
1377 2274
1377 1558
1378 1379
1378 2459
1378 1560
1379 2459
1379 2276
1379 1898
1380 2121
1380 2088
1381 2461
1381 2284
1381 2241
1381 2065
1381 2581
1382 2281
1382 2099
1382 2098
1382 1383
1382 1388
1383 1900
1383 1732
1383 2281
1384 2463
1384 1734
1384 1899
1384 1386
1385 2462
1385 2283
1385 2092
1385 2069
1385 1733
1385 1564
1386 1563
1386 1899
1387 2282
1387 2601
1387 1417
1387 2602
1388 2099
1388 2098
1388 2603
1388 1734
1389 2285
1389 2603
1389 1734
1389 1735
1389 2465
1389 2463
1390 1880
1390 1740
1390 1537
1391 2286
1391 2470
1391 1739
1392 2611
1392 2604
1392 1738
1392 1906
1393 1744
1393 1912
1393 1743
1393 2103
1393 2473
1394 1765
1394 1933
1394 1909
1395 2472
1395 2473
1395 1743
1395 1744
1396 1397
1396 1747
1397 2074
1397 2075
1398 1916
1399 2104
1399 1914
1399 1915
1399 2613
1400 2291
1401 1577
1401 1750
1401 2116
1402 1576
1402 2293
1402 2310
1403 2115
1404 2482
1404 1920
1404 2116
1405 2116
1405 1919
1406 1923
1406 1753
1407 2130
1407 2616
1407 2481
1407 1754
1408 2485
1409 2618
1409 1928
1409 2301
1409 2120
1410 2617
1410 2123
1411 1928
1411 2122
1411 2299
1411 2618
1411 2120
1412 2486
1412 1581
1412 1580
1412 2299
1413 1414
1413 2622
1413 2124
1413 2278
1414 2621
1414 2124
1414 2622
1414 1762
1414 2089
1415 2306
1415 1583
1415 2304
1416 1417
1416 1764
1417 2602
1418 1901
1418 1583
1418 1929
1418 2624
1419 2308
1420 2309
1421 2494
1422 1593
1423 1769
1423 2317
1424 1938
1424 1594
1424 2317
1424 1941
1425 1939
1425 2498
1426 1770
1426 1773
1426 1596
1426 2502
1426 1942
1426 1949
1427 1773
1427 1951
1427 2502
1427 2504
1427 1947
1428 1944
1428 2504
1428 2503
1428 2340
1428 1772
1428 1770
1429 2505
1429 1946
1431 2141
1431 2507
1433 2142
1433 1602
1433 1776
1434 2143
1435 1437
1435 2329
1435 2147
1436 2328
1436 2329
1436 1954
1436 1605
1437 2329
1437 2147
1438 2510
1438 1783
1438 1953
1438 2509
1438 1607
1438 2330
1439 2170
1439 1955
1439 1624
1440 2333
1441 2514
1441 2152
1441 1610
1442 1611
1442 1961
1442 2337
1443 1613
1443 2154
1443 2155
1443 2515
1443 1959
1444 2518
1444 1789
1445 2516
1446 1965
1446 1966
1446 2341
1446 1970
1448 1812
1448 1814
1449 1974
1449 1799
1449 2348
1449 1792
1449 2349
1451 1781
1451 2144
1452 2353
1452 2539
1452 1650
1453 1623
1453 1984
1453 1983
1454 1467
1456 2172
1456 2357
1456 1808
1456 2372
1457 1828
1457 2528
1457 2527
1457 1477
1457 1635
1457 1656
1458 2000
1458 2177
1459 1612
1459 1614
1460 2004
1460 1811
1460 1639
1461 2184
1461 2381
1461 1831
1461 1462
1462 1813
1462 2535
1462 2008
1463 1641
1463 2006
1463 1816
1464 2364
1464 1647
1464 2012
1465 2190
1465 1818
1465 2015
1465 2188
1466 2188
1466 2016
1467 1648
1468 2369
1468 1472
1469 1654
1469 1821
1469 2193
1469 1471
1470 1821
1470 1650
1470 2018
1471 1821
1472 2369
1472 2540
1473 2020
1473 1499
1474 2371
1475 2376
1475 1656
1475 2199
1475 1481
1475 1828
1476 2373
1476 1684
1476 1847
1476 2025
1477 2375
1477 1656
1477 1637
1477 1635
1477 1828
1477 2527
1478 1663
1478 2545
1478 2544
1479 2544
1479 2197
1479 2198
1479 2200
1480 1662
1480 1661
1480 2375
1481 1663
1481 2376
1482 2220
1482 2026
1483 2203
1483 2028
1483 2029
1484 2032
1484 2548
1485 1515
1485 2409
1485 1514
1486 1487
1487 2030
1488 1664
1488 2033
1488 2030
1488 2546
1488 2383
1489 2039
1489 2231
1489 2207
1490 2551
1490 1834
1490 1835
1490 1832
1491 1837
1491 2209
1491 1671
1492 2385
1493 2040
1494 2211
1494 2388
1494 1673
1495 1843
1495 2390
1495 1841
1496 1499
1496 1840
1496 1497
1497 2214
1497 1675
1497 1842
1498 2427
1499 2020
1499 1840
1500 2554
1501 2429
1503 2392
1503 2044
1503 2045
1503 2217
1504 2395
1505 2219
1505 2560
1505 1683
1506 2046
1506 2401
1506 1507
1506 2557
1506 2399
1506 1851
1506 1848
1507 2557
1507 2558
1507 2559
1507 1851
1508 2047
1508 2432
1508 2249
1508 2247
1509 1685
1509 1849
1509 2398
1510 2405
1510 2404
1510 2221
1510 1849
1510 2048
1511 2403
1511 2562
1511 1687
1511 1854
1511 2222
1511 2223
1511 2404
1511 2405
1512 2224
1512 2407
1512 2408
1512 2225
1513 2406
1513 2564
1513 2562
1513 2222
1513 1691
1514 1515
1514 2410
1515 1692
1515 1855
1515 2409
1516 1853
1516 2407
1516 1689
1517 1853
1517 2377
1517 1519
1517 1855
1518 2412
1518 2566
1518 1857
1518 2407
1519 2377
1519 1853
1519 1855
1520 2226
1520 2049
1521 2053
1521 2589
1521 1884
1521 1719
1522 1861
1523 2262
1523 1862
1524 2056
1524 2418
1524 2234
1524 1698
1525 2056
1525 2233
1525 2419
1526 1888
1526 1553
1526 2060
1526 2079
1527 2575
1527 2576
1527 1868
1528 1531
1528 1561
1528 1900
1529 2243
1529 1873
1529 2067
1529 1705
1530 2245
1530 2243
1530 1531
1530 1873
1531 1900
1531 2245
1531 1876
1532 2584
1532 2246
1532 1533
1532 2251
1532 1874
1532 2433
1533 2251
1533 2246
1533 1534
1533 2433
1533 2434
1534 1875
1534 2070
1534 2434
1534 2250
1534 2433
1535 2248
1535 1879
1535 2438
1536 1879
1537 1880
1538 2586
1538 1883
1539 2439
1539 1714
1539 2442
1539 1719
1540 1910
1540 1882
1540 1713
1540 2585
1540 1710
1541 1544
1541 1742
1541 1713
1542 2441
1543 1712
1543 1883
1543 2441
1544 2105
1544 1742
1545 1716
1545 2587
1545 1715
1545 1546
1545 1720
1545 2590
1545 2073
1546 2073
1546 1720
1546 1885
1546 2587
1547 2260
1547 2444
1548 1887
1548 2447
1548 1721
1549 2261
1549 2266
1550 2267
1550 2594
1551 1724
1551 2595
1553 2079
1553 2446
1553 1723
1554 2455
1555 2294
1555 1578
1555 1892
1557 2084
1557 2085
1558 2272
1558 2271
1559 1756
1559 1726
1559 1894
1560 2459
1560 2458
1560 1727
1561 1564
1561 1900
1561 1732
1561 2092
1562 2599
1562 2279
1562 1729
1562 2091
1563 1731
1563 1899
1564 1733
1564 2092
1564 2462
1564 2283
1564 2069
1565 2095
1565 2285
1565 2465
1565 2100
1565 2464
1565 1566
1566 1901
1566 2606
1566 2608
1567 1568
1567 2606
1567 2608
1567 2604
1568 2608
1568 1738
1568 2606
1568 2604
1569 1572
1569 2468
1569 1709
1570 1904
1570 1739
1571 1905
1571 2287
1571 1907
1571 2102
1571 2610
1572 2610
1572 2468
1572 2288
1572 2286
1573 1746
1574 2075
1575 2490
1575 2114
1575 1586
1576 2293
1576 1751
1577 1751
1578 2615
1578 1892
1578 2294
1579 2480
1579 2295
1579 1922
1580 2486
1580 1760
1580 2300
1580 2619
1582 2304
1582 2487
1582 2305
1582 2307
1583 1929
1583 2624
1583 2096
1583 1901
1584 1932
1584 2612
1584 1585
1584 1913
1584 2106
1585 2488
1585 2127
1585 1932
1585 2106
1585 2612
1586 2114
1586 1934
1587 2493
1588 1752
1588 2476
1588 1766
1589 1767
1589 1935
1590 2311
1590 2129
1592 2133
1592 2498
1594 1938
1594 1940
1594 2314
1594 2315
1595 2134
1595 2499
1596 1770
1597 1940
1597 2500
1597 2135
1598 1771
1598 2500
1599 2325
1599 2140
1599 2506
1600 2326
1601 2142
1602 2142
1603 1779
1603 1604
1603 1605
1603 2508
1604 2508
1605 1954
1605 2328
1605 2508
1606 2148
1606 1953
1606 2146
1607 2510
1608 1952
1609 2149
1609 1787
1609 2330
1610 2514
1611 2337
1612 1614
1613 2335
1613 2515
1613 2155
1614 1632
1614 2001
1615 1811
1616 2342
1616 2341
1616 1967
1616 1965
1617 1975
1617 2343
1617 1969
1618 1798
1618 2348
1618 2350
1618 2349
1618 1950
1618 1974
1619 1795
1619 1978
1619 1801
1620 2166
1620 1794
1620 1793
1620 1802
1620 1979
1621 2168
1621 2522
1621 2523
1622 2524
1623 1984
1623 2524
1623 1806
1624 2170
1625 2525
1625 1627
1625 2526
1626 1985
1627 2525
1629 2174
1629 1991
1629 1808
1629 1995
1629 1996
1630 1992
1630 1991
1630 2355
1630 2174
1631 1998
1631 2175
1631 1633
1632 2158
1632 1636
1632 1810
1632 2001
1633 2175
1633 2532
1633 1810
1634 2003
1635 2527
1635 2002
1635 2375
1635 1637
1636 1998
1637 2375
1637 2178
1637 2002
1638 1640
1638 2177
1638 2361
1639 1811
1639 2339
1640 2547
1641 1816
1641 2183
1641 2006
1642 2184
1642 2183
1642 1813
1642 2007
1642 2010
1642 2186
1643 2339
1643 1976
1645 2009
1645 1815
1645 2185
1645 2180
1645 2181
1648 1982
1649 2539
1650 1986
1650 2353
1652 1675
1652 2020
1653 1675
1653 1822
1654 2019
1654 2193
1655 2195
1656 2527
1656 2375
1656 1828
1657 1825
1657 1826
1657 2218
1657 2025
1657 1660
1657 1827
1658 1808
1658 1829
1658 1659
1658 2543
1658 2372
1659 2372
1659 2371
1659 1808
1659 1829
1660 2025
1660 2024
1660 1826
1660 1825
1661 2358
1661 1662
1661 2178
1661 2197
1662 2198
1662 2197
1663 2545
1663 2196
1664 2383
1664 2033
1664 2546
1664 2410
1665 2034
1665 2204
1665 1666
1666 2203
1667 2037
1667 1668
1667 2206
1668 1833
1668 2206
1669 2207
1669 2038
1670 2210
1670 1836
1670 1672
1670 2385
1671 2385
1671 1837
1672 2385
1672 2384
1672 1836
1673 2211
1673 2212
1674 2213
1674 2041
1675 2020
1676 1842
1676 1677
1676 2214
1677 2555
1677 1679
1678 1679
1678 2556
1678 1839
1679 2555
1680 2392
1680 2044
1681 2396
1681 2432
1681 2394
1681 2215
1681 1682
1681 2242
1682 2242
1682 2432
1682 2396
1682 2215
1683 2560
1683 2219
1684 2397
1684 1847
1684 2400
1685 2398
1685 1849
1686 1827
1686 2218
1686 2048
1687 2402
1687 2026
1688 1689
1688 2561
1688 1853
1688 2406
1689 2561
1689 2406
1689 1853
1689 1691
1689 2224
1690 1881
1690 2563
1691 2225
1691 2224
1691 2406
1692 1856
1692 2565
1693 2410
1694 2568
1694 2230
1694 2549
1695 2567
1695 2569
1695 2228
1695 2052
1696 2055
1696 2416
1696 2231
1697 2417
1697 2232
1698 2234
1699 2578
1699 2237
1700 1870
1700 2426
1700 2240
1701 1703
1701 2066
1702 2584
1702 1707
1702 2067
1702 1708
1702 2251
1703 2068
1703 2066
1703 2244
1703 2431
1704 2430
1704 2582
1704 2069
1705 2067
1705 2242
1706 2072
1707 2584
1707 2251
1707 2067
1707 1708
1708 2246
1708 2584
1708 2251
1709 2254
1709 2437
1710 1713
1710 1882
1710 2585
1710 1910
1711 1715
1711 2256
1711 2255
1713 2585
1714 2442
1714 2257
1714 2440
1715 2443
1715 2259
1715 1720
1715 2256
1716 2073
1716 1720
1716 2443
1716 2590
1717 1747
1717 2074
1717 2108
1718 2589
1718 1884
1719 1884
1719 2589
1719 2443
1719 2259
1720 1885
1720 2587
1720 2073
1721 1887
1722 2450
1722 2445
1723 2446
1723 2079
1724 1889
1725 2451
1726 1894
1726 1895
1726 2086
1727 2458
1728 2120
1728 2598
1729 2599
1729 2280
1729 2279
1729 2090
1730 2277
1730 2460
1731 1763
1732 2462
1732 2092
1732 2093
1733 2092
1733 2462
1733 2283
1734 2463
1734 2465
1734 2603
1734 1899
1735 2096
1735 2465
1735 2463
1736 2094
1736 2607
1736 2464
1737 2605
1737 2101
1737 2094
1737 2097
1737 2466
1738 2467
1738 2604
1739 2470
1739 1904
1740 1907
1740 1880
1741 2097
1741 2467
1741 2466
1742 2105
1742 2472
1743 1744
1743 1911
1743 1910
1743 2103
1744 1911
1744 1910
1744 2103
1744 2473
1744 2472
1745 2289
1745 2107
1745 2474
1748 2112
1750 1918
1751 2477
1752 2118
1752 2476
1752 1919
1752 1766
1753 2478
1753 1923
1753 2117
1754 1921
1754 2480
1754 2481
1755 2119
1755 2484
1755 1757
1756 2483
1757 1925
1758 2274
1759 2620
1760 2620
1760 1761
1760 2298
1761 2620
1762 2124
1762 2621
1762 2622
1762 2303
1763 2307
1763 2282
1764 2623
1765 2127
1765 2488
1765 1933
1766 2476
1767 2496
1767 1935
1767 2313
1768 2316
1768 1968
1768 1945
1769 2134
1770 1773
1770 1772
1770 2504
1770 2502
1771 2319
1772 2504
1772 2318
1773 1947
1773 2502
1773 2504
1774 2137
1774 1775
1775 2137
1777 2507
1777 2141
1778 1779
1779 2508
1780 2145
1781 2142
1782 1952
1782 1954
1783 2510
1783 1953
1783 2330
1783 2509
1784 2511
1784 2513
1785 1786
1786 2149
1787 2330
1788 2517
1788 1809
1788 2533
1789 2518
1790 2338
1791 2521
1791 2346
1792 1799
1792 1972
1793 1794
1793 1979
1793 1801
1793 1802
1793 1980
1793 2166
1794 2166
1794 1802
1794 1979
1795 1978
1796 2351
1796 1802
1796 2352
1797 2187
1798 2348
1798 2350
1798 2349
1799 1974
1799 2349
1799 2348
1799 2163
1801 1802
1803 2165
1803 2013
1803 2166
1803 1979
1803 2164
1804 2167
1804 2164
1804 2523
1805 2168
1806 2524
1807 2354
1807 2355
1808 2357
1808 2372
1809 2517
1809 2533
1809 2362
1810 2532
1810 2158
1811 2339
1812 1814
1813 2186
1813 2183
1813 2535
1813 2007
1813 2008
1815 2181
1815 2180
1815 2185
1816 2006
1817 2015
1817 2190
1817 1818
1818 2015
1818 2014
1818 2190
1819 2192
1820 2193
1820 1822
1821 2018
1823 2021
1823 1824
1824 2021
1825 2025
1825 1826
1825 1827
1825 2218
1826 1827
1827 2218
1829 2372
1829 2374
1829 2022
1830 2196
1831 2184
1831 2036
1831 2381
1832 1834
1832 2551
1833 2551
1834 2384
1834 1836
1835 2551
1835 2210
1836 2384
1838 2553
1838 2212
1839 2556
1842 2214
1843 2390
1846 2393
1846 2047
1847 2400
1847 2218
1847 2397
1848 2401
1848 1851
1848 2399
1849 2048
1849 2405
1849 2398
1850 2247
1850 2401
1850 2399
1850 2046
1850 2071
1850 2557
1851 2401
1851 2557
1851 2558
1851 2559
1852 2563
1852 2408
1852 2225
1853 2561
1854 2404
1854 2223
1854 2222
1854 2562
1854 2403
1854 2405
1855 2377
1855 2409
1856 2565
1857 2566
1857 2412
1858 2051
1858 2228
1859 2414
1859 2227
1859 1862
1859 2262
1859 1860
1860 2227
1860 2413
1860 2414
1862 2413
1863 2208
1863 2054
1864 2058
1864 2574
1864 2235
1864 2572
1865 2418
1865 2059
1866 2421
1866 2236
1866 2577
1868 2421
1868 2062
1868 2576
1869 2428
1870 2240
1870 2083
1870 2426
1872 2581
1872 2065
1873 2245
1873 2243
1873 2244
1874 2247
1874 2071
1874 2249
1875 2070
1875 2248
1876 2583
1876 2098
1876 1900
1876 1902
1877 2435
1878 2252
1878 2436
1878 2253
1879 2438
1881 2559
1883 2257
1884 2589
1885 2256
1886 2265
1886 2263
1887 2447
1888 1890
1888 2079
1888 2269
1889 1918
1889 1891
1890 2079
1890 2077
1890 2269
1891 1892
1893 2080
1893 2455
1894 1895
1895 2457
1895 2086
1895 1896
1896 2086
1896 2457
1896 2597
1897 2275
1897 2240
1898 2276
1898 2088
1898 2459
1899 2463
1901 2624
1901 2096
1902 2099
1902 2098
1903 2607
1905 2102
1905 2469
1905 2287
1906 2611
1906 2609
1906 2125
1907 2102
1907 2287
1909 1933
1910 2472
1910 2103
1910 1911
1910 2585
1911 2103
1912 2473
1913 2612
1913 2106
1913 2471
1914 2613
1914 2104
1915 2474
1915 2289
1915 2107
1917 2291
1918 2593
1919 2118
1920 2482
1920 1921
1921 2480
1921 2481
1922 2478
1922 2117
1923 2117
1923 2478
1923 2295
1924 2119
1924 1926
1926 2484
1926 2297
1926 1927
1927 2297
1927 2484
1928 2120
1928 2122
1928 2618
1928 2299
1929 2624
1931 2126
1932 2626
1932 2106
1934 2491
1934 2114
1935 2495
1937 2336
1938 1939
1938 2314
1939 2498
1940 2135
1941 2315
1942 2137
1942 1949
1943 2500
1943 2501
1944 2504
1944 2340
1944 1969
1945 1968
1945 2316
1946 1949
1946 2505
1947 2502
1947 1951
1948 2138
1948 2139
1949 2502
1950 2324
1950 2326
1953 2509
1953 2148
1954 2328
1955 2334
1955 2151
1956 1958
1956 2150
1957 2512
1957 2510
1959 2154
1959 2155
1959 2515
1960 1961
1960 1962
1960 2337
1961 1962
1961 2337
1963 2335
1964 1970
1964 1971
1964 2160
1965 2342
1965 2341
1966 1970
1966 2160
1969 2340
1970 2160
1971 2160
1971 2159
1973 2161
1973 1976
1973 2347
1973 2346
1973 2345
1974 2163
1974 2350
1974 2348
1975 2161
1975 2343
1976 2345
1976 2339
1976 2347
1979 2166
1981 2164
1983 1984
1986 2169
1988 2370
1990 2359
1990 2173
1990 2360
1991 1995
1991 1992
1991 1993
1991 2174
1991 2356
1992 2174
1992 2356
1992 2530
1993 2531
1993 1997
1994 2530
1994 2527
1994 2356
1995 1996
1995 2356
1995 2528
1995 2174
1995 2543
1996 2528
1996 2543
1997 2531
1999 2358
1999 2176
1999 2178
2000 2361
2000 2177
2001 2158
2002 2358
2002 2178
2004 2179
2005 2181
2005 2180
2005 2363
2007 2186
2007 2183
2007 2184
2007 2010
2008 2535
2009 2181
2009 2185
2012 2364
2014 2190
2015 2190
2017 2192
2017 2368
2018 2366
2019 2193
2019 2370
2022 2542
2022 2541
2022 2024
2022 2023
2023 2542
2023 2373
2023 2541
2024 2025
2024 2374
2024 2541
2025 2373
2025 2541
2026 2220
2026 2402
2027 2200
2028 2203
2028 2378
2028 2029
2028 2548
2029 2032
2029 2548
2031 2547
2032 2548
2033 2546
2033 2410
2033 2379
2034 2204
2035 2205
2036 2205
2036 2184
2036 2382
2037 2206
2038 2382
2039 2550
2039 2208
2040 2387
2041 2553
2043 2395
2044 2216
2044 2392
2044 2045
2045 2217
2046 2435
2046 2399
2046 2401
2046 2557
2047 2432
2047 2215
2048 2221
2048 2405
2048 2398
2049 2226
2049 2411
2050 2226
2050 2569
2051 2229
2052 2567
2053 2569
2055 2416
2056 2418
2056 2233
2056 2574
2057 2573
2058 2419
2058 2060
2058 2235
2058 2572
2061 2422
2061 2081
2062 2420
2062 2421
2063 2427
2063 2579
2064 2239
2064 2238
2065 2581
2065 2241
2066 2068
2066 2431
2068 2430
2068 2244
2068 2431
2069 2283
2071 2435
2071 2247
2072 2438
2073 2587
2073 2590
2073 2076
2074 2075
2076 2587
2077 2268
2077 2449
2077 2078
2078 2449
2078 2450
2078 2268
2078 2264
2079 2446
2080 2456
2080 2452
2081 2424
2083 2240
2083 2426
2084 2457
2086 2597
2087 2275
2087 2597
2088 2276
2089 2124
2089 2622
2090 2461
2091 2601
2092 2462
2092 2283
2092 2093
2093 2462
2094 2101
2094 2605
2095 2100
2095 2285
2095 2464
2096 2465
2096 2624
2097 2466
2098 2281
2098 2099
2100 2285
2100 2465
2100 2464
2101 2605
2102 2469
2102 2610
2102 2287
2104 2105
2104 2613
2106 2612
2107 2474
2109 2475
2109 2128
2110 2614
2111 2292
2111 2113
2113 2292
2115 2477
2116 2482
2117 2478
2120 2598
2120 2122
2121 2483
2121 2301
2122 2618
2122 2299
2123 2617
2124 2622
2124 2621
2127 2488
2129 2131
2129 2311
2130 2616
2130 2131
2131 2311
2132 2627
2133 2498
2134 2317
2134 2499
2138 2139
2140 2325
2140 2141
2141 2507
2143 2144
2146 2148
2147 2329
2148 2509
2150 2151
2150 2334
2150 2332
2151 2332
2151 2334
2152 2514
2153 2519
2153 2336
2154 2515
2154 2155
2155 2515
2159 2160
2161 2345
2161 2347
2162 2163
2163 2348
2165 2166
2171 2526
2172 2357
2173 2359
2173 2530
2173 2529
2173 2360
2174 2356
2174 2530
2175 2532
2176 2358
2177 2361
2178 2375
2178 2358
2180 2181
2180 2363
2182 2363
2182 2378
2183 2186
2183 2535
2184 2186
2189 2365
2191 2538
2192 2368
2194 2195
2196 2402
2196 2404
2197 2198
2198 2200
2199 2376
2201 2202
2204 2381
2205 2382
2208 2550
2209 2210
2211 2388
2211 2212
2212 2553
2213 2368
2213 2552
2215 2396
2215 2242
2215 2432
2216 2392
2216 2400
2217 2393
2217 2394
2218 2397
2219 2560
2221 2404
2222 2406
2222 2403
2222 2564
2222 2562
2222 2223
2223 2564
2223 2403
2223 2405
2224 2407
2225 2563
2225 2408
2227 2414
2227 2415
2229 2230
2229 2568
2230 2568
2233 2418
2233 2419
2235 2574
2235 2572
2236 2423
2236 2577
2236 2421
2237 2578
2238 2580
2238 2239
2240 2426
2241 2461
2241 2284
2241 2581
2242 2432
2243 2245
2243 2244
2244 2430
2246 2434
2246 2433
2246 2251
2246 2584
2247 2249
2248 2250
2248 2438
2249 2432
2251 2584
2252 2253
2252 2258
2252 2586
2253 2436
2254 2437
2254 2436
2255 2439
2255 2440
2257 2439
2257 2440
2257 2442
2258 2586
2259 2443
2260 2444
2260 2262
2260 2263
2261 2445
2262 2444
2263 2265
2263 2444
2264 2450
2264 2445
2265 2447
2268 2449
2269 2448
2270 2454
2271 2274
2273 2596
2275 2458
2276 2598
2277 2460
2278 2602
2278 2280
2278 2279
2279 2599
2279 2280
2280 2599
2282 2601
2282 2602
2283 2462
2284 2461
2285 2464
2285 2465
2286 2288
2286 2610
2287 2610
2287 2469
2288 2610
2288 2468
2289 2474
2289 2475
2294 2615
2294 2479
2295 2478
2295 2480
2296 2313
2296 2496
2296 2312
2299 2618
2299 2486
2300 2619
2300 2618
2302 2303
2302 2600
2304 2306
2304 2305
2304 2307
2305 2306
2305 2307
2305 2487
2307 2623
2307 2487
2308 2491
2309 2490
2310 2494
2313 2496
2314 2497
2318 2503
2320 2344
2321 2323
2322 2324
2322 2323
2325 2506
2328 2329
2331 2332
2340 2503
2340 2504
2341 2342
2342 2520
2345 2346
2345 2347
2348 2350
2348 2349
2349 2350
2351 2352
2353 2539
2354 2355
2356 2530
2356 2528
2357 2372
2359 2360
2362 2517
2364 2365
2369 2540
2373 2542
2373 2541
2378 2548
2380 2549
2383 2546
2390 2538
2391 2555
2393 2394
2394 2396
2398 2558
2399 2557
2399 2401
2401 2557
2402 2404
2403 2564
2403 2405
2406 2561
2406 2562
2408 2563
2411 2566
2411 2565
2413 2414
2416 2570
2417 2571
2419 2574
2421 2577
2422 2575
2423 2428
2425 2596
2427 2579
2433 2434
2435 2557
2439 2440
2439 2442
2440 2442
2443 2590
2445 2450
2449 2591
2449 2450
2450 2591
2451 2453
2452 2595
2455 2479
2460 2600
2463 2603
2464 2607
2465 2603
2467 2611
2467 2469
2468 2610
2471 2612
2480 2481
2481 2616
2487 2623
2489 2626
2491 2492
2492 2493
2516 2519
2517 2533
2522 2523
2528 2543
2529 2530
2541 2542
2558 2559
2565 2566
2572 2574
2575 2576
2578 2580
2579 2580
2592 2593
2601 2602
2604 2611
2605 2607
2606 2608
2618 2619
2621 2622
