# mean degree, std, fraction of triangles
5.88 16.3764 0.0590137
5.88 9.46497 0.0999324
5.88 15.972 0.0424947
5.88 6.59284 0.113914
5.88 1.84 0.0766833
5.88 1.92499 0.0685185
5.88 2.66563 0.0804469
5.88 16.3764 0.0590137
5.88 1.98635 0.0882353
5.88 8.51737 0.101936
5.88 5.59514 0.101
5.88 7.01324 0.0970724
5.88 2.38025 0.0785797
5.88 16.2606 0.0597748
5.88 16.2606 0.0597748
5.88 16.0301 0.0609116
5.88 15.982 0.0616641
5.88 16.2026 0.0599547
5.88 3.3295 0.0935143
5.88 7.09828 0.110015
5.88 15.5507 0.063877
5.88 6.56244 0.0994983
5.88 16.1482 0.0605265
5.88 1.38043 0.0745098
5.88 2.33358 0.0790861
5.88 5.38754 0.108108
5.88 15.8084 0.0624551
5.88 16.0887 0.0609307
5.88 2.62404 0.0927487
5.88 2.06049 0.0746812
5.88 16.3764 0.0590137
5.88 3.23197 0.0904446
5.88 16.3764 0.0590137
5.88 16.3183 0.0593939
5.88 16.3183 0.0593939
5.88 2.71765 0.0881375
5.88 11.3616 0.0859425
5.88 1.87232 0.0857143
5.88 3.5448 0.101794
5.88 16.0277 0.0613488
5.88 2.57014 0.090085
5.88 15.4352 0.0649584
5.88 2.64303 0.0756726
5.88 1.64487 0.0917197
5.88 6.0453 0.106683
5.88 16.032 0.0613188
5.88 2.21937 0.082094
5.88 2.61258 0.097973
5.88 2.60108 0.0862944
5.88 15.8703 0.0611634
5.88 3.36535 0.107946
5.88 1.99138 0.0808328
5.88 2.52697 0.0855188
5.88 16.0893 0.0609264
5.88 2.37605 0.0891089
5.88 13.8559 0.0755846
5.88 2.53093 0.0923077
5.88 2.40948 0.0678261
5.88 12.246 0.0859734
5.88 16.2039 0.0601524
5.88 16.3764 0.0590137
5.88 14.1586 0.0740967
5.88 11.5761 0.0870313
5.88 16.3183 0.0593939
5.88 3.53633 0.0873786
5.88 1.26712 0.0990099
5.88 16.0912 0.0609137
5.88 2.1132 0.0778046
5.88 3.19775 0.0971223
5.88 12.4918 0.0779474
5.88 7.68802 0.104556
5.88 2.75056 0.0810811
5.88 1.98131 0.0901288
5.88 1.73943 0.0718789
5.88 5.95026 0.109516
5.88 15.8627 0.0618579
5.88 2.80457 0.100109
5.88 13.3681 0.0783992
5.88 12.197 0.0852023
5.88 2.09418 0.0906892
5.88 13.4077 0.0759858
5.88 16.2599 0.0597789
5.88 16.3764 0.0590137
5.88 13.6472 0.0784405
5.88 16.3183 0.0593939
5.88 6.29965 0.107049
5.88 12.7634 0.0795407
5.88 3.12179 0.0796046
5.88 16.3183 0.0593939
5.88 2.17844 0.0879187
5.88 2.71396 0.0798669
5.88 2.93012 0.107833
5.88 16.2606 0.0597748
5.88 4.1019 0.090949
5.88 2.49512 0.0962199
5.88 15.8128 0.062639
5.88 16.0887 0.060722
5.88 3.06686 0.0866142
5.88 6.25664 0.107901
5.88 10.2081 0.0939052
5.88 16.1445 0.0605516
5.88 14.6405 0.069865
5.88 1.67499 0.0990476
5.88 15.7469 0.06311
5.88 3.21023 0.0969231
5.88 2.80813 0.0836523
5.88 15.7736 0.0631351
5.88 16.3183 0.0593939
5.88 15.1574 0.0668627
5.88 13.832 0.0749932
5.88 5.48503 0.101055
5.88 15.6431 0.063643
5.88 16.3764 0.0590137
5.88 14.9969 0.067429
5.88 16.2039 0.0601524
5.88 16.3764 0.0590137
5.88 12.7924 0.0845378
5.88 16.2606 0.0597748
5.88 16.3183 0.0593939
5.88 3.46779 0.10609
5.88 13.3838 0.0791069
5.88 16.0893 0.0603005
5.88 16.2026 0.0601607
5.88 16.3764 0.0590137
5.88 15.8185 0.0625986
5.88 3.204 0.100103
5.88 2.49912 0.0772753
5.88 1.10707 0.11631
5.88 1.65699 0.0954198
5.88 16.2599 0.0597789
5.88 16.3183 0.0593939
5.88 13.889 0.0777076
5.88 1.95591 0.0848708
5.88 11.8341 0.0917388
5.88 16.3183 0.0593939
5.88 1.9964 0.0991432
5.88 16.2026 0.0601607
5.88 9.97525 0.0833073
5.88 10.993 0.0966965
5.88 12.8719 0.0811812
5.88 13.7588 0.0751376
5.88 1.551 0.096463
5.88 2.17844 0.0897129
5.88 3.7129 0.0875706
5.88 15.8583 0.0618888
5.88 5.71538 0.104628
5.88 2.96068 0.0864923
5.88 15.9783 0.0616901
5.88 16.0937 0.0608968
5.88 1.84543 0.0803738
5.88 1.98635 0.0753676
5.88 16.2039 0.0601524
5.88 16.2039 0.0601524
5.88 4.93007 0.0984906
5.88 3.27194 0.086802
5.88 16.3183 0.0593939
5.88 1.97119 0.0810313
5.88 15.9758 0.0614962
5.88 13.9759 0.0744576
5.88 4.65248 0.090584
5.88 2.11792 0.084991
5.88 16.2606 0.0597748
5.88 6.91127 0.106722
5.88 16.0893 0.0607178
5.88 2.03607 0.0803898
5.88 16.3764 0.0590137
5.88 15.1012 0.0675391
5.88 14.1452 0.0747443
5.88 16.3764 0.0590137
5.88 5.67324 0.111367
5.88 15.2494 0.0656867
5.88 16.0887 0.0609307
5.88 16.3183 0.0593939
5.88 8.63166 0.0982558
5.88 11.7739 0.0871384
5.88 16.2599 0.0597789
5.88 1.83456 0.0673737
5.88 9.27715 0.0946323
5.88 16.2606 0.0597748
5.88 16.2606 0.0597748
5.88 15.7349 0.0631968
5.88 6.26303 0.106007
5.88 16.1476 0.0605307
5.88 10.4185 0.0966191
5.88 3.11217 0.106305
5.88 15.5321 0.064681
5.88 10.4022 0.100804
5.88 15.7431 0.0629204
5.88 16.202 0.0599588
5.88 13.542 0.0763863
5.88 4.05532 0.0903855
5.88 4.1165 0.0985977
5.88 9.74708 0.102829
5.88 4.90363 0.10694
5.88 16.3764 0.0590137
5.88 2.96742 0.088
5.88 16.0308 0.0611173
5.88 14.706 0.0712769
5.88 15.1461 0.0674157
5.88 15.6367 0.06347
18.9 20.0102 0.298977
18.9 15.9502 0.320286
18.9 25.8818 0.247337
18.9 4.04599 0.280309
18.9 22.1213 0.283522
18.9 21.4385 0.287021
18.9 26.059 0.244864
18.9 25.7105 0.240519
18.9 26.2017 0.243843
18.9 22.6749 0.275274
18.9 12.5016 0.308492
18.9 22.9519 0.267507
18.9 25.7008 0.248869
18.9 26.2528 0.242973
18.9 16.2139 0.31477
18.9 25.9671 0.246139
18.9 11.2663 0.307325
18.9 25.6868 0.24448
18.9 4.04846 0.28503
18.9 5.37866 0.264677
18.9 6.16685 0.272785
18.9 14.7557 0.317351
18.9 4.6551 0.272348
18.9 8.60058 0.276366
18.9 25.6068 0.246695
18.9 11.3336 0.302854
18.9 13.7917 0.316393
18.9 21.3441 0.290447
18.9 26.2456 0.23839
18.9 25.399 0.247768
18.9 23.822 0.264098
18.9 19.9095 0.293998
18.9 3.79078 0.287002
18.9 13.1829 0.315524
18.9 5.0448 0.266219
18.9 4.66798 0.271924
18.9 7.24776 0.272183
18.9 22.2978 0.275691
18.9 20.2339 0.298668
18.9 9.75141 0.297785
18.9 5.26593 0.268659
18.9 23.7628 0.265189
18.9 24.0389 0.263725
18.9 25.8761 0.242648
18.9 25.4918 0.251503
18.9 16.6238 0.318615
18.9 12.8152 0.305409
18.9 26.2566 0.243218
18.9 5.17204 0.269216
18.9 4.42832 0.276933
18.9 24.9806 0.239105
18.9 23.7017 0.269776
18.9 16.9744 0.31703
18.9 14.4246 0.319448
18.9 8.21036 0.28808
18.9 24.1435 0.257137
18.9 7.49867 0.272976
18.9 23.7556 0.27054
18.9 6.8374 0.27549
18.9 5.19904 0.270816
18.9 26.123 0.244651
18.9 12.1503 0.310038
18.9 11.4223 0.302701
18.9 5.87622 0.274059
18.9 6.0025 0.26158
18.9 4.55302 0.27607
18.9 15.6003 0.317288
18.9 23.5917 0.271411
18.9 26.1073 0.244671
18.9 12.8355 0.307478
18.9 25.4238 0.252326
18.9 24.0302 0.261946
18.9 7.95927 0.275606
18.9 21.2337 0.287919
18.9 8.6862 0.286688
18.9 23.7156 0.265648
18.9 7.38986 0.275323
18.9 7.5505 0.276687
18.9 19.4368 0.301969
18.9 15.2967 0.315045
18.9 3.94842 0.284826
18.9 25.8277 0.239611
18.9 15.7661 0.319282
18.9 24.9806 0.253133
18.9 22.5471 0.278003
18.9 9.47998 0.29511
18.9 24.8811 0.258017
18.9 5.20481 0.272742
18.9 23.6303 0.269856
18.9 5.59196 0.265436
18.9 18.0867 0.310802
18.9 8.83233 0.28406
18.9 9.68969 0.291948
18.9 12.8581 0.312604
18.9 18.4827 0.30736
18.9 25.1664 0.255336
18.9 3.6973 0.291835
18.9 12.1717 0.309337
18.9 5.80431 0.265645
18.9 26.2147 0.24333
18.9 26.2559 0.243227
18.9 6.3111 0.270852
18.9 23.7952 0.266462
18.9 25.8652 0.243021
18.9 24.4816 0.262483
18.9 24.3234 0.265307
18.9 6.6325 0.264609
18.9 21.8177 0.284925
18.9 24.2716 0.258653
18.9 12.7605 0.317277
18.9 8.19451 0.279386
18.9 10.0005 0.299781
18.9 26.41 0.241321
18.9 26.0309 0.24563
18.9 6.0803 0.263963
18.9 5.11566 0.266681
18.9 25.5059 0.250228
18.9 24.7683 0.255752
18.9 7.08872 0.267912
18.9 16.9089 0.315562
18.9 19.4384 0.302279
18.9 21.8204 0.286135
18.9 11.8148 0.311362
18.9 4.01871 0.284207
18.9 10.5598 0.295452
18.9 11.109 0.300702
18.9 10.9394 0.297524
18.9 7.00071 0.272023
18.9 5.9607 0.273486
18.9 26.4059 0.241198
18.9 25.9066 0.2431
18.9 17.8983 0.313637
18.9 5.10392 0.268251
18.9 23.7287 0.266531
18.9 23.8103 0.265653
18.9 26.5686 0.239609
18.9 6.26977 0.270748
18.9 26.1015 0.244625
18.9 20.9492 0.292828
18.9 12.2225 0.311011
18.9 23.5446 0.270069
18.9 11.5235 0.302866
18.9 17.8171 0.309442
18.9 4.5793 0.275384
18.9 4.63357 0.273167
18.9 26.5045 0.240334
18.9 18.3518 0.307066
18.9 17.653 0.310459
18.9 26.5701 0.239591
18.9 10.4302 0.299799
18.9 6.19758 0.272032
18.9 24.1795 0.265559
18.9 25.5537 0.250156
18.9 20.1829 0.296355
18.9 18.474 0.308122
18.9 25.033 0.256674
18.9 9.55039 0.286366
18.9 18.8677 0.311278
18.9 8.91908 0.289762
18.9 24.3156 0.261543
18.9 3.99124 0.287771
18.9 24.6672 0.260208
18.9 6.73573 0.271476
18.9 26.2162 0.243428
18.9 16.9272 0.314673
18.9 5.41018 0.264595
18.9 4.31161 0.278565
18.9 20.7516 0.289021
18.9 22.4288 0.282043
18.9 25.46 0.247476
18.9 12.7503 0.313848
18.9 20.498 0.291267
18.9 3.96106 0.285085
18.9 25.8048 0.248556
18.9 23.9635 0.266284
18.9 16.6598 0.317702
18.9 24.5762 0.261955
18.9 19.2777 0.298166
18.9 25.4627 0.251272
18.9 21.2671 0.292259
18.9 3.97115 0.288918
18.9 6.22977 0.272062
18.9 23.6696 0.266092
18.9 25.6365 0.249754
18.9 26.4777 0.240663
18.9 7.29589 0.267406
18.9 6.68506 0.271645
18.9 4.47996 0.270551
18.9 7.76209 0.280309
18.9 23.387 0.267108
18.9 19.6512 0.298228
18.9 26.1811 0.243573
18.9 24.1853 0.259759
18.9 25.2046 0.25434
18.9 19.0733 0.300983
18.9 25.1024 0.252964
18.9 24.4023 0.263638
18.9 18.1783 0.309797
18.9 21.0083 0.28851
18.9 4.83011 0.264462
35.8 9.27901 0.447227
35.8 16.0978 0.48479
35.8 5.69912 0.482227
35.8 15.5113 0.48341
35.8 29.6978 0.45633
35.8 25.6484 0.485502
35.8 6.49153 0.458346
35.8 11.9147 0.458668
35.8 4.94975 0.507077
35.8 29.7752 0.456443
35.8 13.1605 0.464131
35.8 8.9174 0.441616
35.8 15.5634 0.485706
35.8 30.8136 0.443689
35.8 23.2534 0.498153
35.8 5.49181 0.484796
35.8 13.069 0.463731
35.8 30.8603 0.445292
35.8 11.5966 0.453286
35.8 12.47 0.462543
35.8 14.4007 0.476253
35.8 12.4668 0.463511
35.8 11.9264 0.457236
35.8 26.6316 0.48084
35.8 24.427 0.495984
35.8 11.6379 0.454752
35.8 12.2793 0.460455
35.8 25.0946 0.490568
35.8 11.5421 0.456267
35.8 24.8644 0.489958
35.8 30.6858 0.445613
35.8 30.1831 0.448708
35.8 29.2414 0.462088
35.8 10.2127 0.44622
35.8 24.737 0.492884
35.8 23.5839 0.496371
35.8 7.72658 0.446298
35.8 4.70532 0.518809
35.8 9.41276 0.448503
35.8 14.1004 0.47189
35.8 9.43822 0.444566
35.8 28.5279 0.468044
35.8 5.50454 0.486201
35.8 29.354 0.461125
35.8 13.932 0.47377
35.8 28.1158 0.470668
35.8 6.85274 0.450928
35.8 8.56037 0.443023
35.8 5.71489 0.477935
35.8 26.7073 0.483278
35.8 7.81537 0.444036
35.8 5.03587 0.499418
35.8 27.8101 0.474119
35.8 27.4142 0.477385
35.8 17.182 0.48952
35.8 5.07346 0.498466
35.8 12.0216 0.454285
35.8 28.96 0.462783
35.8 9.72934 0.447594
35.8 21.4853 0.502255
35.8 28.3679 0.467809
35.8 4.7833 0.515622
35.8 4.9051 0.511836
35.8 17.5972 0.491109
35.8 30.8937 0.443239
35.8 31.2733 0.440747
35.8 8.28855 0.442649
35.8 5.44977 0.485818
35.8 29.3104 0.460716
35.8 29.454 0.459018
35.8 6.47457 0.461872
35.8 4.89898 0.508222
35.8 4.8949 0.505166
35.8 9.69742 0.443861
35.8 8.72353 0.444438
35.8 21.9349 0.500608
35.8 12.2172 0.460268
35.8 6.44515 0.459678
35.8 31.0371 0.441403
35.8 16.9198 0.490144
35.8 4.88467 0.512909
35.8 10.6574 0.453282
35.8 15.8139 0.482352
35.8 31.0522 0.443169
35.8 12.2016 0.457898
35.8 8.38809 0.445008
35.8 20.1787 0.501228
35.8 30.3157 0.450787
35.8 18.4846 0.49738
35.8 9.09285 0.446346
35.8 9.21737 0.446168
35.8 30.0855 0.453282
35.8 30.5054 0.448976
35.8 23.8826 0.495403
35.8 28.5846 0.465156
35.8 8.57088 0.443326
35.8 5.83781 0.472295
35.8 16.221 0.488124
35.8 24.0387 0.494687
35.8 7.33757 0.44831
35.8 28.878 0.463982
35.8 27.5445 0.471639
35.8 30.206 0.450673
35.8 20.4255 0.502141
35.8 30.8234 0.445535
35.8 13.9363 0.471855
35.8 29.9072 0.453025
35.8 29.0813 0.461455
35.8 20.3588 0.500723
35.8 7.24155 0.451567
35.8 19.6051 0.499742
35.8 17.2383 0.491666
35.8 7.76015 0.449061
35.8 29.3118 0.458532
35.8 25.9796 0.488552
35.8 31.1994 0.441367
35.8 30.282 0.451878
35.8 25.708 0.487932
35.8 22.9582 0.499786
35.8 15.3108 0.482267
35.8 12.6539 0.459828
35.8 8.50294 0.441668
35.8 18.9905 0.496029
35.8 22.8801 0.500831
35.8 9.08955 0.443973
35.8 29.8379 0.454661
35.8 5.70263 0.480428
35.8 13.7062 0.471061
35.8 29.419 0.45796
35.8 29.996 0.453831
35.8 5.21153 0.497816
35.8 7.70325 0.446007
35.8 29.6688 0.456897
35.8 28.7479 0.464648
35.8 13.8795 0.47033
35.8 6.70671 0.455896
35.8 25.7546 0.485999
35.8 17.8986 0.491968
35.8 29.6311 0.455458
35.8 27.6608 0.476131
35.8 29.0991 0.462458
35.8 8.89044 0.444448
35.8 23.0512 0.499797
35.8 24.391 0.493524
35.8 21.4322 0.500428
35.8 11.6034 0.455928
35.8 18.9087 0.498185
35.8 5.19423 0.49388
35.8 31.2199 0.441194
35.8 6.44205 0.460857
35.8 7.64068 0.447118
35.8 5.63028 0.477825
35.8 30.4897 0.450001
35.8 28.6664 0.465061
35.8 28.4482 0.468727
35.8 29.096 0.463186
35.8 24.3598 0.494911
35.8 29.7015 0.456368
35.8 29.5442 0.457299
35.8 19.6647 0.498769
35.8 30.347 0.450198
35.8 7.25121 0.452488
35.8 30.6509 0.447889
35.8 26.3408 0.486049
35.8 31.0226 0.443321
35.8 29.3114 0.459335
35.8 15.0937 0.478726
35.8 30.7454 0.446292
35.8 28.6636 0.464255
35.8 5.28015 0.489009
35.8 26.8179 0.480754
35.8 9.24229 0.445022
35.8 4.82494 0.515081
35.8 29.5632 0.458982
35.8 9.79388 0.444088
35.8 16.9517 0.490738
35.8 8.86566 0.445048
35.8 9.18912 0.442959
35.8 19.1128 0.500292
35.8 6.26897 0.463607
35.8 27.0799 0.478597
35.8 29.6611 0.453948
35.8 23.253 0.496513
35.8 29.8121 0.455186
35.8 13.1354 0.464727
35.8 13.6103 0.470959
35.8 30.2777 0.451322
35.8 23.9525 0.495878
35.8 6.063 0.472244
35.8 9.02884 0.44425
35.8 29.7062 0.452812
35.8 12.2082 0.459868
35.8 7.28972 0.447443
35.8 19.2593 0.499814
35.8 5.86174 0.470551
35.8 6.48691 0.461116
35.8 26.1094 0.485313
35.8 10.5357 0.450075
35.8 9.21086 0.444044
35.8 8.35584 0.447061
50.7 25.7031 0.62846
50.7 8.99833 0.58356
50.7 24.3707 0.63154
50.7 18.3883 0.621977
50.7 27.8677 0.616436
50.7 6.48768 0.624924
50.7 21.4362 0.631397
50.7 28.2664 0.615154
50.7 8.17007 0.587232
50.7 8.15169 0.587092
50.7 8.5481 0.58513
50.7 24.6226 0.630621
50.7 8.20549 0.588446
50.7 19.258 0.623546
50.7 15.1324 0.602558
50.7 13.6018 0.593301
50.7 28.6561 0.612956
50.7 30.2538 0.601104
50.7 24.8956 0.630218
50.7 17.9703 0.619562
50.7 10.7773 0.579778
50.7 8.61916 0.586983
50.7 29.1926 0.608754
50.7 27.3114 0.620798
50.7 30.2356 0.600126
50.7 28.965 0.609046
50.7 7.14633 0.60239
50.7 31.0727 0.593613
50.7 9.66592 0.580801
50.7 31.1215 0.593113
50.7 9.8656 0.580073
50.7 15.4587 0.604902
50.7 19.9075 0.626419
50.7 9.35682 0.582272
50.7 12.2984 0.585615
50.7 12.4623 0.586318
50.7 24.7885 0.630713
50.7 7.41822 0.597409
50.7 21.2807 0.628548
50.7 30.9889 0.594276
50.7 29.8736 0.603337
50.7 14.906 0.60298
50.7 27.3425 0.619906
50.7 14.17 0.595461
50.7 8.46345 0.586983
50.7 25.3758 0.63017
50.7 12.3406 0.585746
50.7 24.0202 0.631066
50.7 7.0406 0.60559
50.7 7.23809 0.601031
50.7 25.5024 0.628946
50.7 30.5802 0.597423
50.7 29.7481 0.603976
50.7 14.6468 0.600259
50.7 22.8199 0.631664
50.7 8.17496 0.587864
50.7 30.0401 0.601964
50.7 14.8738 0.601812
50.7 25.6537 0.62817
50.7 28.8082 0.611123
50.7 30.1982 0.600486
50.7 28.5354 0.612406
50.7 29.079 0.609274
50.7 13.8784 0.59551
50.7 30.6442 0.59678
50.7 14.5983 0.599868
50.7 7.36274 0.59958
50.7 29.1223 0.607963
50.7 30.9006 0.594001
50.7 30.5052 0.597086
50.7 9.02164 0.584758
50.7 8.1111 0.585896
50.7 29.3736 0.607273
50.7 8.01561 0.590749
50.7 7.47195 0.596594
50.7 25.364 0.629834
50.7 17.0953 0.614693
50.7 30.4442 0.599018
50.7 28.8134 0.610567
50.7 30.9566 0.594721
50.7 30.9889 0.593414
50.7 28.1817 0.615987
50.7 20.9492 0.630204
50.7 27.4202 0.619484
50.7 7.6518 0.593824
50.7 18.248 0.620868
50.7 7.42226 0.595135
50.7 30.0465 0.603229
50.7 27.7076 0.618306
50.7 6.84032 0.610852
50.7 14.2727 0.596079
50.7 16.7371 0.613132
50.7 28.3586 0.613736
50.7 6.95198 0.609644
50.7 29.8072 0.602947
50.7 25.8996 0.624846
50.7 30.0631 0.599916
50.7 14.5041 0.598097
50.7 30.0032 0.60153
50.7 13.4852 0.594905
50.7 9.03715 0.583588
50.7 16.0758 0.60831
50.7 28.3275 0.615073
50.7 10.3783 0.581047
50.7 28.5368 0.614065
50.7 28.0316 0.615871
50.7 23.151 0.633859
50.7 30.4941 0.598247
50.7 25.8157 0.628352
50.7 8.96493 0.581133
50.7 22.6471 0.633044
50.7 22.8965 0.632751
50.7 12.0054 0.58513
50.7 26.3 0.62616
50.7 7.58353 0.594715
50.7 29.8649 0.6035
50.7 25.9405 0.627231
50.7 28.4782 0.614735
50.7 6.44593 0.62693
50.7 27.9179 0.616168
50.7 11.0349 0.581747
50.7 12.7071 0.588417
50.7 30.2445 0.599909
50.7 17.3612 0.616057
50.7 8.42793 0.589366
50.7 30.18 0.601326
50.7 20.6027 0.627968
50.7 25.298 0.629436
50.7 8.15414 0.589403
50.7 14.6946 0.601531
50.7 29.1041 0.608903
50.7 16.6844 0.613174
50.7 6.88404 0.611854
50.7 7.24224 0.6009
50.7 9.62756 0.581356
50.7 30.7661 0.595718
50.7 18.5259 0.620161
50.7 7.50933 0.596371
50.7 6.53682 0.620858
50.7 25.6291 0.62704
50.7 12.6637 0.588905
50.7 27.89 0.615877
50.7 27.5541 0.620124
50.7 24.0048 0.631275
50.7 16.0776 0.608729
50.7 10.8439 0.583056
50.7 19.4564 0.625599
50.7 22.4493 0.631995
50.7 21.4935 0.629266
50.7 21.4152 0.631487
50.7 30.5913 0.59826
50.7 7.48265 0.598304
50.7 10.3957 0.580396
50.7 9.18423 0.580245
50.7 30.9184 0.59421
50.7 15.1225 0.602908
50.7 14.7652 0.600986
50.7 7.09859 0.604137
50.7 28.9225 0.608921
50.7 8.14064 0.587991
50.7 25.9733 0.625545
50.7 10.7075 0.581588
50.7 29.3603 0.608388
50.7 30.8258 0.595933
50.7 29.0343 0.608122
50.7 23.4071 0.632393
50.7 23.9192 0.631511
50.7 30.2617 0.600269
50.7 28.6009 0.612008
50.7 31.0965 0.593516
50.7 10.4685 0.581544
50.7 21.2257 0.630558
50.7 17.8474 0.619676
50.7 28.9695 0.610499
50.7 21.307 0.63158
50.7 17.0778 0.615229
50.7 29.134 0.609052
50.7 26.2135 0.626635
50.7 28.3491 0.613547
50.7 29.3034 0.608084
50.7 23.142 0.632591
50.7 7.71686 0.59143
50.7 8.31685 0.588283
50.7 24.9866 0.63009
50.7 11.8722 0.58398
50.7 7.79551 0.592476
50.7 6.72533 0.614194
50.7 30.0192 0.602238
50.7 29.8665 0.603253
50.7 26.8371 0.623533
50.7 15.4981 0.60583
50.7 26.5053 0.624426
50.7 26.2376 0.62551
50.7 7.53326 0.594425
50.7 27.9927 0.616205
50.7 30.9666 0.593787
50.7 29.7528 0.606023
50.7 12.1355 0.587298
50.7 7.71427 0.591602
50.7 10.3049 0.580103
