1.00159 0.303881
0.992829 0.400753
0.998449 0.411856
0.94848 0.527238
0.967536 0.591479
0.968296 0.635141
0.96074 0.653284
0.962728 0.676156
0.956491 0.69609
0.964442 0.718271
0.984249 0.740264
0.968471 0.763023
0.973445 0.776592
0.97535 0.794504
0.956229 0.808771
0.98689 0.819435
0.978313 0.826688
0.967595 0.8415
0.973312 0.848598
0.960947 0.856861
0.978936 0.863535
0.974614 0.87381
0.979601 0.877022
0.993643 0.881065
0.989346 0.887837
0.969846 0.891707
0.993217 0.899068
0.993095 0.902733
1.00404 0.901779
0.992239 0.902914
0.99094 0.90849
0.98911 0.90661
0.992416 0.915412
1.00444 0.91125
1.00979 0.912451
0.991943 0.916327
1.01703 0.916073
1.00949 0.915954
1.00358 0.917967
1.00607 0.923559
1.01527 0.922853
1.01235 0.926654
1.01181 0.929281
1.00393 0.932326
1.002 0.933865
1.00058 0.935613
1.00794 0.939876
1.01098 0.94372
1.01763 0.947178
1.0061 0.950078
1.01859 0.95511
1.00447 0.955294
1.00854 0.956845
0.998419 0.958615
1.008 0.962557
1.00972 0.963701
1.01685 0.9694
0.998686 0.970113
1.00138 0.971541
1.00441 0.976071
1.00546 0.979335
1.00756 0.983147
1.00857 0.981792
0.999634 0.985496
1.0089 0.989941
1.00266 0.99253
1.00346 0.99315
1.00364 0.993664
1.0061 0.997914
0.994839 0.994988
1.0056 0.999622
1.00869 1.00112
0.985044 1.00042
0.99916 1.00644
1.01027 1.00469
0.991264 1.00536
0.999011 1.00485
1.00601 1.00664
0.999811 1.00648
1.00554 1.00628
1.0026 1.01008
1.01357 1.00706
0.98914 1.00894
1.01143 1.01113
0.993863 1.00925
1.00943 1.01019
0.989081 1.00779
1.01357 1.00821
0.998686 1.01053
0.995608 1.00895
0.996466 1.0062
1.01172 1.00866
1.01262 1.00878
1.00643 1.00983
1.01065 1.01089
0.999308 1.01088
1.00777 1.01038
1.01408 1.00577
0.997827 1.01085
1.00497 1.00799
1.21605 0.183402
1.19175 0.227321
1.18701 0.261251
1.1117 0.329774
1.05995 0.416976
1.05024 0.46736
1.05272 0.490024
1.02415 0.567192
1.01847 0.579147
1.02604 0.591292
1.01268 0.612643
1.02229 0.62385
1.01178 0.656669
0.994898 0.709022
0.998538 0.729626
0.981573 0.739016
0.976758 0.753918
0.994336 0.76953
0.987695 0.787646
0.98528 0.799994
0.984985 0.814822
0.996673 0.821406
0.982014 0.823682
0.993007 0.839787
0.993361 0.844364
0.997383 0.850494
1.00958 0.854915
1.00026 0.861979
0.990969 0.867949
1.0119 0.872178
0.993923 0.872101
1.00393 0.881661
1.00643 0.888817
1.01274 0.889104
0.999693 0.895968
0.999722 0.893905
1.02104 0.897609
1.01638 0.902132
1.00539 0.906411
1.01772 0.910814
1.01131 0.913191
1.00212 0.923404
1.01172 0.928061
1.02014 0.931747
1.00786 0.933865
1.00821 0.936799
1.0145 0.944575
1.0089 0.945342
1.00681 0.949112
1.00946 0.952124
1.00135 0.958828
1.00408 0.965373
1.01345 0.968575
1.00138 0.97586
0.999841 0.981646
1.00307 0.981549
1.00435 0.985457
0.989671 0.98758
0.996643 0.991673
0.997886 0.995024
1.0002 0.993055
1.00851 1.00164
0.999515 1.00023
1.01539 1.00065
1.01372 1.00328
1.01966 1.0031
0.992888 1.00527
0.995992 1.00321
1.0097 1.00413
0.993066 1.00897
1.01691 1.00435
0.994826 1.00571
1.00913 1.0074
1.00075 1.01127
1.00976 1.00961
0.998449 1.00825
1.00411 1.01204
1.00818 1.01029
1.00857 1.00858
0.991884 1.00824
1.00491 1.00836
0.996643 1.00819
0.999752 1.00739
0.999298 1.01041
1.0039 1.01128
1.00687 1.01307
1.00435 1.01108
1.00815 1.01153
1.00632 1.00799
1.0019 1.01277
1.01315 1.01382
1.00922 1.0125
0.993479 1.01076
0.984514 1.01005
1.00619 1.01172
1.01211 1.00783
1.00681 1.00907
1.02229 1.0092
1.00482 1.0085
0.988668 1.00808
0.982308 0.378971
0.972216 0.385896
0.951524 0.420892
0.94735 0.446842
0.946192 0.440382
0.934643 0.498738
0.936487 0.497735
0.922894 0.513541
0.89804 0.525489
0.905082 0.541309
0.898141 0.553298
0.892462 0.653789
0.891048 0.671423
0.892285 0.693418
0.875195 0.689487
0.891105 0.691259
0.899402 0.693486
0.86064 0.776483
0.888901 0.791968
0.908013 0.809876
0.912772 0.822047
0.908497 0.841314
0.900849 0.844905
0.915656 0.85151
0.928776 0.852053
0.93865 0.861836
0.944746 0.864108
0.949321 0.8725
0.948973 0.871609
0.966427 0.877442
0.966952 0.884244
0.966018 0.888036
0.985839 0.890857
0.987047 0.901106
0.991619 0.906386
0.995815 0.910387
1.00242 0.911644
0.995933 0.916276
1.00875 0.920211
1.00275 0.929743
0.996584 0.933469
1.01623 0.939056
1.0039 0.943792
0.987784 0.949231
1.00765 0.953812
1.01354 0.953335
1.00503 0.958819
0.994234 0.959991
0.991766 0.966901
1.00515 0.967732
1.01062 0.970217
0.995963 0.974055
1.01169 0.977884
0.994839 0.976755
1.00358 0.983069
1.01098 0.985437
1.00453 0.98763
1.00381 0.993663
1.00566 0.991478
0.998047 0.993918
0.996554 0.998098
0.989405 0.994487
1.01271 0.997826
1.00622 0.999441
1.00094 0.999157
1.00245 1.00065
0.996613 1.0035
1.00595 1.00426
1.01602 1.00421
1.00414 1.00143
0.99218 1.0036
1.01488 1.00421
1.00005 1.00416
0.998597 1.00556
1.00625 1.0078
0.998419 1.00479
0.988373 1.01003
1.00824 1.00865
0.996613 1.00623
1.00896 1.00597
0.986723 1.00803
1.0142 1.00788
1.01274 1.00752
0.997768 1.00994
1.01527 1.01015
1.00043 1.00927
1.00577 1.01125
1.00569 1.00927
1.00221 1.01448
0.999722 1.01011
0.998715 1.00783
1.01062 1.01007
1.00408 1.01003
1.00625 1.00985
1.0012 1.00958
0.991766 1.01069
1.00548 1.00645
0.999337 1.00918
1.00384 1.01141
1.00355 1.00773
0.986576 0.402146
0.965288 0.405706
0.950016 0.449965
0.952163 0.521739
0.941248 0.566384
0.91657 0.590583
0.906049 0.627245
0.902439 0.620647
0.907073 0.630336
0.911688 0.643969
0.905082 0.670264
0.913058 0.691008
0.900442 0.700404
0.917284 0.709327
0.913942 0.71089
0.926909 0.707193
0.921805 0.726995
0.929666 0.74078
0.926188 0.759558
0.929858 0.77249
0.920552 0.773958
0.933565 0.774569
0.93088 0.788135
0.923034 0.816535
0.943984 0.825406
0.954224 0.831534
0.964996 0.827946
0.958876 0.850903
0.962255 0.856179
0.976054 0.863038
0.96289 0.863272
0.968647 0.874265
0.989671 0.877341
0.980254 0.884339
0.99407 0.886033
0.986252 0.891001
0.991773 0.892632
0.995578 0.90118
0.994011 0.908382
1.00863 0.91309
1.00717 0.917304
1.0037 0.921813
1.00589 0.925831
0.992856 0.930985
0.995164 0.929054
0.998278 0.939279
0.991248 0.941414
1.00949 0.943459
1.00325 0.946336
1.00715 0.951868
1.0072 0.954493
1.00071 0.959349
1.00017 0.966561
0.998014 0.968641
1.01091 0.967572
0.984828 0.972247
1.00956 0.977083
1.01372 0.978986
1.00806 0.981744
1.00043 0.980829
0.994248 0.983304
1.00447 0.989703
0.995874 0.988942
0.999841 0.989367
1.0147 0.990687
1.00515 0.991114
1.0018 0.993295
1.0058 0.99292
0.99833 0.998377
1.01286 0.999141
1.001 0.99956
0.999634 0.998094
1.01575 1.0019
1.0034 1.00071
0.994129 1.00063
1.0058 1.00303
1.02946 1.00532
0.989789 1.00405
1.00851 1.00513
1.00313 1.00804
1.00376 1.00682
0.998034 1.00623
1.00227 1.00838
1.01089 1.00653
1.00747 1.00721
1.00732 1.006
1.00863 1.00501
1.01295 1.00888
1.00138 1.0047
1.00634 1.0097
1.01095 1.00864
0.997442 1.00969
0.994602 1.00872
1.01089 1.01098
0.99993 1.00951
1.00319 1.00921
1.01253 1.01102
0.991766 1.01063
0.999041 1.01078
1.01664 1.00982
1.05348 0.620993
1.07087 0.593454
1.04999 0.680062
1.03499 0.77083
1.03586 0.776264
1.02388 0.812895
1.01435 0.816131
1.01438 0.827835
1.00992 0.848889
1.00843 0.867394
1.00613 0.88968
1.01826 0.887662
1.02056 0.906071
1.00873 0.903614
1.0031 0.903219
1.01091 0.919767
1.01679 0.922466
1.00239 0.929098
0.995075 0.943873
1.01575 0.932335
1.02011 0.930906
1.02274 0.944566
1.01208 0.95582
1.0075 0.961791
1.00417 0.965477
1.01131 0.96195
1.01539 0.962529
1.00043 0.962941
1.01873 0.970388
1.0097 0.96922
1.00524 0.974314
1.00251 0.97095
1.01062 0.975254
1.00206 0.972772
1.0156 0.976514
1.0176 0.978532
0.998478 0.975168
1.00284 0.985555
1.01467 0.978744
1.01155 0.978928
0.996643 0.988981
1.00245 0.984223
1.01277 0.98432
0.985133 0.985859
1.01572 0.97918
0.997324 0.990671
1.00384 0.992238
0.987489 0.991238
1.00165 0.990343
1.0037 0.991694
0.997797 0.98758
1.00402 0.990104
1.0136 0.993513
0.995874 0.995708
1.00919 0.996099
1.01287 0.996512
1.00524 0.995504
1.00195 0.992846
1.01859 0.999345
1.00662 0.999149
1.01056 0.998736
1.01029 0.999112
1.01764 1.00008
0.999722 0.998237
1.00518 1.00147
1.00946 1.00324
1.00002 1.00511
1.00441 0.999931
1.00648 1.00032
1.0015 1.0046
0.9943 1.00159
1.00254 1.00427
1.00771 1.00016
1.0023 1.00524
1.01038 1.0024
1.00857 1.00199
1.01207 1.00407
1.00777 1.00567
1.0082 1.00371
0.991855 1.00643
1.00239 1.00429
1.00609 1.0089
1.0051 1.00551
1.00192 1.00619
0.993597 1.00431
1.00503 1.00466
1.00474 1.00925
1.00309 1.00545
1.01146 1.00558
1.00079 1.00938
1.01027 1.00853
1.00325 1.00791
1.01137 1.00958
1.01238 1.00821
1.0064 1.00982
0.998656 1.00974
1.00195 1.01125
1.00212 1.01186
1.00705 1.0119
1.01053 1.01246
1.01257 0.403553
1.00493 0.487711
1.00257 0.479273
1.00896 0.502839
1.00748 0.579917
0.995187 0.604861
0.999232 0.621937
1.00526 0.654333
1.01115 0.658994
1.01724 0.634432
0.996962 0.710304
1.00292 0.689022
1.01921 0.716976
1.02436 0.716493
1.02718 0.710416
1.00878 0.710141
1.00034 0.667165
1.00869 0.709962
1.01009 0.72554
1.02457 0.758075
1.00168 0.759138
1.01652 0.742608
1.01772 0.772418
1.0089 0.778951
1.01467 0.7668
1.00539 0.772442
1.02358 0.760988
1.01605 0.775619
1.01018 0.780246
1.00902 0.793492
1.00287 0.785839
1.01134 0.799193
1.01158 0.801555
1.01393 0.787809
1.02011 0.79064
1.017 0.792044
1.02295 0.781071
1.01953 0.800848
1.01664 0.791569
1.00094 0.803324
1.01554 0.802972
1.00731 0.794307
1.00937 0.811436
1.02985 0.805513
1.01287 0.800926
1.02212 0.799754
1.02038 0.793651
1.00768 0.787326
1.01479 0.804414
1.02104 0.802224
1.01527 0.799206
1.0075 0.806452
1.02017 0.811276
1.01435 0.780499
1.02724 0.807603
1.02361 0.798832
1.03547 0.805061
1.01667 0.811675
1.00693 0.822341
1.00857 0.815003
1.02946 0.827946
1.02259 0.785147
1.02002 0.791367
1.01312 0.810545
1.02032 0.803298
1.01844 0.804276
1.01673 0.802328
1.03446 0.800401
1.02382 0.802445
1.01232 0.796063
1.01412 0.816239
1.02668 0.794441
1.0231 0.801392
1.02053 0.800097
1.015 0.805841
1.00661 0.798928
1.01244 0.817641
1.01862 0.811223
1.03192 0.802126
1.01674 0.793504
1.01134 0.800628
1.0279 0.776154
1.02868 0.783408
1.01709 0.794645
1.01292 0.792108
1.00387 0.815983
1.01862 0.793225
1.02856 0.785908
1.01068 0.80429
1.01924 0.796262
1.01095 0.81026
1.00396 0.801899
1.02493 0.789852
1.01751 0.801606
1.03764 0.793187
1.00628 0.802029
1.024 0.802972
1.01381 0.811356
1.02169 0.799503
1.02187 0.780123
1.00376 0.624637
0.996761 0.599945
1.0045 0.644792
0.988462 0.683296
0.999782 0.729341
1.0119 0.743623
1.01152 0.752932
0.996821 0.754424
1.0105 0.765111
1.00135 0.779018
0.993479 0.801788
1.00011 0.78478
1.01152 0.802894
1.00049 0.787677
1.00129 0.834394
1.01417 0.838117
1.00367 0.840936
1.01381 0.833305
1.00364 0.837634
1.0002 0.838031
1.00809 0.848714
1.00658 0.862527
1.00029 0.859121
1.00032 0.85364
1.01796 0.863957
0.998715 0.864523
1.00902 0.861949
0.998686 0.868978
1.01608 0.872646
1.00097 0.871694
1.00497 0.867698
1.00459 0.861904
1.02068 0.878002
1.00257 0.874991
1.01035 0.883621
1.01137 0.883944
1.00471 0.881473
1.01056 0.877092
1.01318 0.875231
1.02223 0.888817
1.0078 0.881787
1.00402 0.87893
1.00842 0.886303
1.01611 0.88547
0.999041 0.885977
1.02014 0.886207
0.999248 0.89239
1.01047 0.886684
1.00405 0.891587
1.00319 0.883873
0.997886 0.885652
1.01775 0.886303
1.00361 0.885502
0.995963 0.891675
1.02406 0.875486
1.00438 0.875587
1.01015 0.889672
1.00088 0.894859
0.998923 0.885185
1.00649 0.887192
1.0018 0.895628
1.01727 0.893784
0.998686 0.877465
1.00847 0.888426
1.0067 0.892712
1.005 0.887391
1.02166 0.884774
0.999456 0.88152
1.01701 0.863807
1.01092 0.881363
1.01187 0.889488
1.01465 0.8843
1.00427 0.880297
1.01453 0.893413
1.01151 0.87184
1.00833 0.881677
1.01146 0.891522
1.02548 0.883771
1.01479 0.874867
1.00818 0.896025
1.00616 0.884616
1.00426 0.902067
1.0056 0.885431
1.00658 0.873509
1.01553 0.887701
1.00997 0.875626
0.998574 0.885011
1.01652 0.880712
1.01575 0.879422
1.0086 0.883447
1.01432 0.885225
1.01736 0.876207
1.02369 0.887033
1.01969 0.888721
1.00417 0.890608
1.01223 0.878906
0.992921 0.883897
1.01378 0.867972
1.01575 0.871855
1.02223 0.883637
1.02041 0.717605
1.02619 0.745774
1.00109 0.764013
1.01177 0.800207
1.00786 0.805461
1.02622 0.825365
1.00218 0.800019
1.00141 0.838457
0.99833 0.850267
1.00352 0.850983
1.02107 0.8525
1.01599 0.882329
1.00005 0.877224
1.00687 0.88976
1.00747 0.879773
1.00474 0.883794
1.01503 0.888817
1.00198 0.882927
1.01363 0.883345
1.00005 0.89194
1.01339 0.900475
1.00497 0.905333
1.00331 0.910529
0.997797 0.901656
1.01292 0.906477
0.994691 0.898416
1.0015 0.911359
1.02332 0.907557
1.00554 0.907582
1.00358 0.914812
1.01578 0.915988
1.00744 0.916896
1.00177 0.915785
0.999367 0.914609
1.01293 0.913166
1.00729 0.917372
1.0042 0.917933
1.01399 0.919997
1.01521 0.918316
1.0199 0.919288
0.997883 0.924361
1.00919 0.923189
1.00144 0.920656
1.01447 0.926559
1.00343 0.927644
1.00723 0.922131
1.01733 0.919246
1.02047 0.917185
1.0086 0.925139
1.02232 0.906884
1.01366 0.91761
1.00662 0.931379
1.01375 0.928993
1.01342 0.919237
0.995342 0.924776
0.999337 0.931607
1.00655 0.922217
1.00961 0.916429
1.00684 0.930661
1.00465 0.923077
1.01909 0.925848
1.01548 0.927427
1.01012 0.923956
1.0045 0.927296
1.01387 0.924534
1.00875 0.919784
1.00319 0.914296
1.00818 0.924793
1.01411 0.919485
0.999989 0.91755
1.00622 0.923688
1.00619 0.919844
1.01721 0.915963
1.00373 0.928061
1.00215 0.921891
1.00934 0.918214
0.998449 0.917567
1.0173 0.913933
1.01497 0.920485
1.02116 0.925277
1.01131 0.92075
1.00714 0.923378
1.00854 0.91721
1.01456 0.915709
1.00946 0.920476
1.00741 0.923619
1.00777 0.918768
1.00628 0.929866
1.01521 0.911476
1.00783 0.923318
1.01387 0.921633
1.02367 0.923602
1.01172 0.912308
1.00539 0.910856
1.00896 0.926671
1.00786 0.928549
1.01548 0.915361
1.00135 0.912846
1.01071 0.919604
1.0159 0.925502
