#rgg_2d_uni
0 0.18 4.37
1 0.1903030303030303 4.74
2 0.2006060606060606 5.18
3 0.2109090909090909 5.54
4 0.2212121212121212 6.14
5 0.2315151515151515 6.75
6 0.24181818181818182 7.25
7 0.25212121212121213 7.73
8 0.26242424242424245 8.39
9 0.2727272727272727 8.98
10 0.283030303030303 9.46
11 0.29333333333333333 10.0
12 0.30363636363636365 10.39
13 0.31393939393939396 10.97
14 0.3242424242424242 11.62
15 0.33454545454545453 12.17
16 0.34484848484848485 12.77
17 0.35515151515151516 13.28
18 0.3654545454545455 13.85
19 0.37575757575757573 14.49
20 0.38606060606060605 15.04
21 0.39636363636363636 15.66
22 0.4066666666666667 16.29
23 0.416969696969697 16.89
24 0.42727272727272725 17.63
25 0.43757575757575756 18.22
26 0.4478787878787879 18.83
27 0.4581818181818182 19.48
28 0.4684848484848485 20.25
29 0.4787878787878788 20.89
30 0.4890909090909091 21.61
31 0.4993939393939394 22.32
32 0.5096969696969698 22.92
33 0.52 23.51
34 0.5303030303030303 24.12
35 0.5406060606060605 24.79
36 0.5509090909090909 25.57
37 0.5612121212121213 26.18
38 0.5715151515151515 26.76
39 0.5818181818181818 27.35
40 0.592121212121212 28.03
41 0.6024242424242424 28.68
42 0.6127272727272728 29.46
43 0.623030303030303 30.22
44 0.6333333333333333 31.04
45 0.6436363636363637 31.75
46 0.6539393939393939 32.4
47 0.6642424242424243 33.18
48 0.6745454545454546 33.98
49 0.6848484848484848 34.68
50 0.6951515151515151 35.27
51 0.7054545454545456 35.87
52 0.7157575757575758 36.57
53 0.7260606060606061 37.19
54 0.7363636363636363 37.72
55 0.7466666666666666 38.13
56 0.7569696969696971 38.75
57 0.7672727272727273 39.28
58 0.7775757575757576 39.94
59 0.7878787878787878 40.34
60 0.7981818181818181 40.88
61 0.8084848484848486 41.43
62 0.8187878787878788 41.95
63 0.8290909090909091 42.49
64 0.8393939393939394 42.99
65 0.8496969696969696 43.48
66 0.8600000000000001 43.91
67 0.8703030303030304 44.31
68 0.8806060606060606 44.75
69 0.8909090909090909 45.15
70 0.9012121212121211 45.63
71 0.9115151515151516 46.09
72 0.9218181818181819 46.34
73 0.9321212121212121 46.62
74 0.9424242424242424 46.9
75 0.9527272727272726 47.1
76 0.9630303030303031 47.36
77 0.9733333333333334 47.59
78 0.9836363636363636 47.78
79 0.9939393939393939 47.93
80 1.0042424242424242 48.06
81 1.0145454545454546 48.21
82 1.024848484848485 48.44
83 1.0351515151515152 48.6
84 1.0454545454545454 48.76
85 1.055757575757576 48.85
86 1.0660606060606062 48.91
87 1.0763636363636364 49.01
88 1.0866666666666667 49.1
89 1.096969696969697 49.17
90 1.1072727272727274 49.2
91 1.1175757575757577 49.23
92 1.127878787878788 49.31
93 1.1381818181818182 49.31
94 1.1484848484848484 49.39
95 1.158787878787879 49.41
96 1.1690909090909092 49.42
97 1.1793939393939394 49.43
98 1.1896969696969697 49.46
99 1.2 49.47
#rgg_3d_uni
100 0.26 2.43
101 0.27222222222222225 2.73
102 0.28444444444444444 3.14
103 0.2966666666666667 3.52
104 0.3088888888888889 3.9
105 0.3211111111111111 4.36
106 0.33333333333333337 4.77
107 0.34555555555555556 5.26
108 0.35777777777777775 5.7
109 0.37 6.26
110 0.38222222222222224 6.77
111 0.39444444444444443 7.36
112 0.4066666666666667 8.03
113 0.41888888888888887 8.8
114 0.4311111111111111 9.49
115 0.44333333333333336 10.0
116 0.45555555555555555 10.76
117 0.46777777777777774 11.46
118 0.48 12.16
119 0.4922222222222222 13.0
120 0.5044444444444445 13.78
121 0.5166666666666666 14.53
122 0.5288888888888889 15.21
123 0.5411111111111111 15.95
124 0.5533333333333333 16.81
125 0.5655555555555556 17.66
126 0.5777777777777777 18.55
127 0.59 19.46
128 0.6022222222222222 20.32
129 0.6144444444444443 21.18
130 0.6266666666666667 22.07
131 0.6388888888888888 22.93
132 0.6511111111111111 24.11
133 0.6633333333333333 24.79
134 0.6755555555555555 25.63
135 0.6877777777777778 26.56
136 0.7 27.36
137 0.7122222222222222 28.31
138 0.7244444444444444 29.06
139 0.7366666666666666 29.96
140 0.7488888888888888 30.65
141 0.7611111111111111 31.58
142 0.7733333333333333 32.47
143 0.7855555555555556 33.29
144 0.7977777777777777 34.09
145 0.8099999999999999 34.99
146 0.8222222222222222 35.72
147 0.8344444444444444 36.27
148 0.8466666666666667 37.05
149 0.8588888888888888 37.68
150 0.8711111111111111 38.37
151 0.8833333333333333 39.13
152 0.8955555555555555 39.86
153 0.9077777777777777 40.5
154 0.9199999999999999 41.12
155 0.9322222222222222 41.83
156 0.9444444444444444 42.45
157 0.9566666666666667 43.06
158 0.9688888888888888 43.64
159 0.981111111111111 44.21
160 0.9933333333333333 44.72
161 1.0055555555555555 45.06
162 1.0177777777777777 45.46
163 1.0299999999999998 45.84
164 1.0422222222222222 46.19
165 1.0544444444444445 46.54
166 1.0666666666666667 46.88
167 1.0788888888888888 47.22
168 1.0911111111111111 47.51
169 1.1033333333333333 47.76
170 1.1155555555555554 47.95
171 1.1277777777777778 48.12
172 1.14 48.24
173 1.152222222222222 48.39
174 1.1644444444444444 48.48
175 1.1766666666666667 48.6
176 1.1888888888888887 48.72
177 1.201111111111111 48.76
178 1.2133333333333334 48.88
179 1.2255555555555555 48.95
180 1.2377777777777776 49.07
181 1.25 49.12
182 1.2622222222222221 49.19
183 1.2744444444444443 49.26
184 1.2866666666666666 49.31
185 1.2988888888888888 49.33
186 1.3111111111111111 49.38
187 1.3233333333333333 49.38
188 1.3355555555555554 49.41
189 1.3477777777777777 49.42
190 1.3599999999999999 49.42
191 1.3722222222222222 49.45
192 1.3844444444444444 49.45
193 1.3966666666666665 49.45
194 1.4088888888888889 49.45
195 1.421111111111111 49.46
196 1.4333333333333333 49.47
197 1.4455555555555555 49.48
198 1.4577777777777776 49.49
199 1.47 49.5
#rgg_2d_norm
200 1.02 10.17
201 1.0602020202020201 10.94
202 1.1004040404040405 11.68
203 1.1406060606060606 12.35
204 1.1808080808080808 13.47
205 1.221010101010101 14.27
206 1.2612121212121212 15.17
207 1.3014141414141416 15.97
208 1.3416161616161617 16.85
209 1.3818181818181818 17.59
210 1.4220202020202022 18.47
211 1.4622222222222223 19.17
212 1.5024242424242424 19.76
213 1.5426262626262628 20.65
214 1.582828282828283 21.63
215 1.623030303030303 22.6
216 1.6632323232323234 23.37
217 1.7034343434343435 24.17
218 1.7436363636363637 24.97
219 1.783838383838384 25.77
220 1.8240404040404041 26.47
221 1.8642424242424243 27.41
222 1.9044444444444446 28.17
223 1.9446464646464647 28.99
224 1.9848484848484849 29.75
225 2.025050505050505 30.41
226 2.065252525252525 30.96
227 2.1054545454545455 31.65
228 2.145656565656566 32.31
229 2.185858585858586 32.98
230 2.226060606060606 33.6
231 2.2662626262626264 34.25
232 2.3064646464646463 34.86
233 2.3466666666666667 35.59
234 2.386868686868687 36.21
235 2.4270707070707074 36.78
236 2.4672727272727273 37.29
237 2.5074747474747476 37.77
238 2.5476767676767675 38.24
239 2.587878787878788 38.93
240 2.6280808080808082 39.43
241 2.6682828282828286 39.81
242 2.7084848484848485 40.38
243 2.748686868686869 40.78
244 2.7888888888888888 41.23
245 2.829090909090909 41.63
246 2.8692929292929295 41.98
247 2.90949494949495 42.4
248 2.9496969696969697 42.75
249 2.98989898989899 43.16
250 3.0301010101010104 43.44
251 3.0703030303030303 43.79
252 3.1105050505050507 44.11
253 3.150707070707071 44.47
254 3.190909090909091 44.75
255 3.2311111111111113 45.04
256 3.2713131313131316 45.39
257 3.3115151515151515 45.61
258 3.351717171717172 45.84
259 3.3919191919191922 46.05
260 3.432121212121212 46.24
261 3.4723232323232325 46.4
262 3.512525252525253 46.58
263 3.5527272727272727 46.82
264 3.592929292929293 47.02
265 3.6331313131313134 47.11
266 3.6733333333333333 47.25
267 3.7135353535353537 47.4
268 3.753737373737374 47.48
269 3.793939393939394 47.58
270 3.8341414141414143 47.72
271 3.8743434343434346 47.88
272 3.9145454545454546 48.0
273 3.954747474747475 48.13
274 3.9949494949494953 48.16
275 4.035151515151515 48.27
276 4.0753535353535355 48.38
277 4.115555555555556 48.45
278 4.155757575757576 48.52
279 4.1959595959595966 48.62
280 4.236161616161617 48.71
281 4.276363636363636 48.76
282 4.316565656565657 48.8
283 4.356767676767677 48.84
284 4.3969696969696965 48.91
285 4.437171717171717 48.95
286 4.477373737373737 49.04
287 4.517575757575758 49.06
288 4.557777777777778 49.09
289 4.597979797979798 49.1
290 4.638181818181819 49.15
291 4.678383838383839 49.18
292 4.718585858585859 49.2
293 4.758787878787879 49.24
294 4.798989898989899 49.24
295 4.8391919191919195 49.25
296 4.879393939393939 49.26
297 4.919595959595959 49.34
298 4.95979797979798 49.35
299 5.0 49.37
#rgg_3d_norm
300 1.52 11.08
301 1.5551515151515152 11.66
302 1.5903030303030303 12.24
303 1.6254545454545455 12.75
304 1.6606060606060606 13.26
305 1.6957575757575758 13.72
306 1.730909090909091 14.33
307 1.766060606060606 14.96
308 1.8012121212121213 15.69
309 1.8363636363636364 16.47
310 1.8715151515151516 17.16
311 1.9066666666666667 17.77
312 1.9418181818181819 18.47
313 1.976969696969697 18.97
314 2.012121212121212 19.64
315 2.0472727272727274 20.22
316 2.0824242424242425 20.92
317 2.1175757575757577 21.46
318 2.152727272727273 22.33
319 2.187878787878788 23.02
320 2.223030303030303 23.58
321 2.2581818181818183 24.37
322 2.2933333333333334 25.09
323 2.3284848484848486 25.72
324 2.3636363636363633 26.37
325 2.3987878787878785 27.09
326 2.4339393939393936 27.84
327 2.469090909090909 28.45
328 2.504242424242424 29.08
329 2.539393939393939 29.75
330 2.5745454545454542 30.28
331 2.6096969696969694 31.01
332 2.6448484848484846 31.6
333 2.6799999999999997 32.4
334 2.715151515151515 32.96
335 2.75030303030303 33.47
336 2.785454545454545 34.06
337 2.8206060606060603 34.8
338 2.8557575757575755 35.3
339 2.8909090909090907 35.82
340 2.926060606060606 36.25
341 2.961212121212121 36.74
342 2.996363636363636 37.21
343 3.0315151515151513 37.83
344 3.0666666666666664 38.15
345 3.1018181818181816 38.63
346 3.1369696969696967 39.07
347 3.172121212121212 39.47
348 3.207272727272727 39.83
349 3.242424242424242 40.28
350 3.2775757575757574 40.75
351 3.3127272727272725 41.18
352 3.3478787878787877 41.75
353 3.383030303030303 42.04
354 3.418181818181818 42.31
355 3.453333333333333 42.58
356 3.4884848484848483 42.91
357 3.5236363636363635 43.2
358 3.5587878787878786 43.58
359 3.5939393939393938 43.89
360 3.629090909090909 44.17
361 3.664242424242424 44.5
362 3.6993939393939392 44.75
363 3.7345454545454544 44.98
364 3.7696969696969695 45.15
365 3.8048484848484847 45.41
366 3.84 45.66
367 3.875151515151515 45.77
368 3.91030303030303 46.0
369 3.9454545454545453 46.19
370 3.9806060606060605 46.41
371 4.015757575757576 46.54
372 4.050909090909091 46.73
373 4.086060606060606 46.85
374 4.121212121212121 47.03
375 4.156363636363636 47.2
376 4.191515151515151 47.31
377 4.226666666666667 47.41
378 4.261818181818182 47.57
379 4.296969696969697 47.72
380 4.332121212121212 47.86
381 4.367272727272727 47.96
382 4.402424242424242 48.02
383 4.4375757575757575 48.11
384 4.472727272727273 48.2
385 4.507878787878788 48.28
386 4.543030303030303 48.39
387 4.578181818181818 48.46
388 4.613333333333333 48.51
389 4.648484848484848 48.63
390 4.683636363636364 48.72
391 4.718787878787879 48.75
392 4.753939393939394 48.86
393 4.789090909090909 48.87
394 4.824242424242424 48.92
395 4.859393939393939 49.01
396 4.8945454545454545 49.06
397 4.92969696969697 49.12
398 4.964848484848485 49.16
399 5.0 49.18
#Gnm
400 0.06 3.08
401 0.0694949494949495 3.44
402 0.07898989898989899 3.77
403 0.08848484848484847 4.29
404 0.09797979797979797 4.92
405 0.10747474747474747 5.12
406 0.11696969696969696 5.57
407 0.12646464646464645 6.53
408 0.13595959595959595 6.25
409 0.14545454545454545 6.79
410 0.15494949494949495 7.7
411 0.16444444444444442 8.35
412 0.17393939393939392 8.48
413 0.18343434343434342 8.91
414 0.1929292929292929 9.4
415 0.2024242424242424 10.25
416 0.2119191919191919 10.48
417 0.2214141414141414 10.86
418 0.2309090909090909 12.06
419 0.24040404040404037 11.7
420 0.24989898989898987 12.4
421 0.2593939393939394 12.57
422 0.26888888888888884 13.49
423 0.27838383838383834 13.63
424 0.28787878787878785 14.69
425 0.29737373737373735 14.84
426 0.30686868686868685 15.55
427 0.31636363636363635 15.37
428 0.3258585858585858 16.44
429 0.3353535353535353 16.5
430 0.3448484848484848 17.42
431 0.3543434343434343 17.18
432 0.3638383838383838 17.51
433 0.3733333333333333 17.87
434 0.3828282828282828 19.24
435 0.3923232323232323 19.19
436 0.4018181818181818 19.31
437 0.41131313131313124 20.69
438 0.42080808080808074 20.71
439 0.43030303030303024 21.12
440 0.43979797979797974 21.64
441 0.44929292929292924 21.75
442 0.45878787878787874 23.09
443 0.46828282828282825 23.18
444 0.4777777777777777 23.43
445 0.4872727272727272 24.42
446 0.4967676767676767 24.69
447 0.5062626262626262 24.97
448 0.5157575757575756 26.18
449 0.5252525252525252 26.32
450 0.5347474747474747 26.24
451 0.5442424242424242 26.39
452 0.5537373737373736 26.65
453 0.5632323232323231 27.84
454 0.5727272727272728 28.18
455 0.5822222222222222 28.87
456 0.5917171717171716 29.24
457 0.6012121212121211 29.44
458 0.6107070707070705 30.65
459 0.6202020202020202 30.93
460 0.6296969696969696 31.4
461 0.6391919191919191 32.15
462 0.6486868686868685 31.86
463 0.6581818181818182 32.71
464 0.6676767676767676 33.55
465 0.6771717171717171 33.29
466 0.6866666666666665 34.21
467 0.696161616161616 34.23
468 0.7056565656565656 34.87
469 0.7151515151515151 35.84
470 0.7246464646464645 36.07
471 0.734141414141414 35.97
472 0.7436363636363637 36.48
473 0.7531313131313131 37.27
474 0.7626262626262625 37.83
475 0.772121212121212 38.31
476 0.7816161616161614 38.67
477 0.7911111111111111 38.94
478 0.8006060606060605 39.63
479 0.81010101010101 39.7
480 0.8195959595959594 40.44
481 0.8290909090909089 40.91
482 0.8385858585858585 41.54
483 0.848080808080808 42.02
484 0.8575757575757574 42.0
485 0.8670707070707069 42.8
486 0.8765656565656565 43.4
487 0.886060606060606 43.96
488 0.8955555555555554 44.19
489 0.9050505050505049 45.03
490 0.9145454545454543 45.51
491 0.924040404040404 46.0
492 0.9335353535353534 46.17
493 0.9430303030303029 46.83
494 0.9525252525252523 47.27
495 0.962020202020202 47.44
496 0.9715151515151514 48.17
497 0.9810101010101009 48.49
498 0.9905050505050503 48.93
499 1.0 49.5
#SW
500 0.01 4.0
501 0.02 4.0
502 0.03 4.0
503 0.04 4.0
504 0.05 4.0
505 0.060000000000000005 4.0
506 0.06999999999999999 4.0
507 0.08 4.0
508 0.09 4.0
509 0.09999999999999999 4.0
510 0.11 4.0
511 0.12 4.0
512 0.13 4.0
513 0.14 4.0
514 0.15000000000000002 4.0
515 0.16 4.0
516 0.17 4.0
517 0.18000000000000002 4.0
518 0.19 4.0
519 0.2 4.0
520 0.21000000000000002 4.0
521 0.22 4.0
522 0.23 4.0
523 0.24000000000000002 4.0
524 0.25 4.0
525 0.26 4.0
526 0.27 4.0
527 0.28 4.0
528 0.29000000000000004 4.0
529 0.3 4.0
530 0.31 4.0
531 0.32 4.0
532 0.33 4.0
533 0.34 4.0
534 0.35000000000000003 4.0
535 0.36000000000000004 4.0
536 0.37 4.0
537 0.38 4.0
538 0.39 4.0
539 0.4 4.0
540 0.41000000000000003 4.0
541 0.42000000000000004 4.0
542 0.43 4.0
543 0.44 4.0
544 0.45 4.0
545 0.46 4.0
546 0.47000000000000003 4.0
547 0.48000000000000004 4.0
548 0.49 4.0
549 0.5 4.0
550 0.51 4.0
551 0.52 4.0
552 0.53 4.0
553 0.54 4.0
554 0.55 4.0
555 0.56 4.0
556 0.5700000000000001 4.0
557 0.5800000000000001 4.0
558 0.59 4.0
559 0.6 4.0
560 0.61 4.0
561 0.62 4.0
562 0.63 4.0
563 0.64 4.0
564 0.65 4.0
565 0.66 4.0
566 0.67 4.0
567 0.68 4.0
568 0.6900000000000001 4.0
569 0.7000000000000001 4.0
570 0.7100000000000001 4.0
571 0.72 4.0
572 0.73 4.0
573 0.74 4.0
574 0.75 4.0
575 0.76 4.0
576 0.77 4.0
577 0.78 4.0
578 0.79 4.0
579 0.8 4.0
580 0.81 4.0
581 0.8200000000000001 4.0
582 0.8300000000000001 4.0
583 0.8400000000000001 4.0
584 0.85 4.0
585 0.86 4.0
586 0.87 4.0
587 0.88 4.0
588 0.89 4.0
589 0.9 4.0
590 0.91 4.0
591 0.92 4.0
592 0.93 4.0
593 0.9400000000000001 4.0
594 0.9500000000000001 4.0
595 0.9600000000000001 4.0
596 0.97 4.0
597 0.98 4.0
598 0.99 4.0
599 1.0 4.0
#
600 0.01 6.0
601 0.02 6.0
602 0.03 6.0
603 0.04 6.0
604 0.05 6.0
605 0.060000000000000005 6.0
606 0.06999999999999999 6.0
607 0.08 6.0
608 0.09 6.0
609 0.09999999999999999 6.0
610 0.11 6.0
611 0.12 6.0
612 0.13 6.0
613 0.14 6.0
614 0.15000000000000002 6.0
615 0.16 6.0
616 0.17 6.0
617 0.18000000000000002 6.0
618 0.19 6.0
619 0.2 6.0
620 0.21000000000000002 6.0
621 0.22 6.0
622 0.23 6.0
623 0.24000000000000002 6.0
624 0.25 6.0
625 0.26 6.0
626 0.27 6.0
627 0.28 6.0
628 0.29000000000000004 6.0
629 0.3 6.0
630 0.31 6.0
631 0.32 6.0
632 0.33 6.0
633 0.34 6.0
634 0.35000000000000003 6.0
635 0.36000000000000004 6.0
636 0.37 6.0
637 0.38 6.0
638 0.39 6.0
639 0.4 6.0
640 0.41000000000000003 6.0
641 0.42000000000000004 6.0
642 0.43 6.0
643 0.44 6.0
644 0.45 6.0
645 0.46 6.0
646 0.47000000000000003 6.0
647 0.48000000000000004 6.0
648 0.49 6.0
649 0.5 6.0
650 0.51 6.0
651 0.52 6.0
652 0.53 6.0
653 0.54 6.0
654 0.55 6.0
655 0.56 6.0
656 0.5700000000000001 6.0
657 0.5800000000000001 6.0
658 0.59 6.0
659 0.6 6.0
660 0.61 6.0
661 0.62 6.0
662 0.63 6.0
663 0.64 6.0
664 0.65 6.0
665 0.66 6.0
666 0.67 6.0
667 0.68 6.0
668 0.6900000000000001 6.0
669 0.7000000000000001 6.0
670 0.7100000000000001 6.0
671 0.72 6.0
672 0.73 6.0
673 0.74 6.0
674 0.75 6.0
675 0.76 6.0
676 0.77 6.0
677 0.78 6.0
678 0.79 6.0
679 0.8 6.0
680 0.81 6.0
681 0.8200000000000001 6.0
682 0.8300000000000001 6.0
683 0.8400000000000001 6.0
684 0.85 6.0
685 0.86 6.0
686 0.87 6.0
687 0.88 6.0
688 0.89 6.0
689 0.9 6.0
690 0.91 6.0
691 0.92 6.0
692 0.93 6.0
693 0.9400000000000001 6.0
694 0.9500000000000001 6.0
695 0.9600000000000001 6.0
696 0.97 6.0
697 0.98 6.0
698 0.99 6.0
699 1.0 6.0
#
700 0.01 8.0
701 0.02 8.0
702 0.03 8.0
703 0.04 8.0
704 0.05 8.0
705 0.060000000000000005 8.0
706 0.06999999999999999 8.0
707 0.08 8.0
708 0.09 8.0
709 0.09999999999999999 8.0
710 0.11 8.0
711 0.12 8.0
712 0.13 8.0
713 0.14 8.0
714 0.15000000000000002 8.0
715 0.16 8.0
716 0.17 8.0
717 0.18000000000000002 8.0
718 0.19 8.0
719 0.2 8.0
720 0.21000000000000002 8.0
721 0.22 8.0
722 0.23 8.0
723 0.24000000000000002 8.0
724 0.25 8.0
725 0.26 8.0
726 0.27 8.0
727 0.28 8.0
728 0.29000000000000004 8.0
729 0.3 8.0
730 0.31 8.0
731 0.32 8.0
732 0.33 8.0
733 0.34 8.0
734 0.35000000000000003 8.0
735 0.36000000000000004 8.0
736 0.37 8.0
737 0.38 8.0
738 0.39 8.0
739 0.4 8.0
740 0.41000000000000003 8.0
741 0.42000000000000004 8.0
742 0.43 8.0
743 0.44 8.0
744 0.45 8.0
745 0.46 8.0
746 0.47000000000000003 8.0
747 0.48000000000000004 8.0
748 0.49 8.0
749 0.5 8.0
750 0.51 8.0
751 0.52 8.0
752 0.53 8.0
753 0.54 8.0
754 0.55 8.0
755 0.56 8.0
756 0.5700000000000001 8.0
757 0.5800000000000001 8.0
758 0.59 8.0
759 0.6 8.0
760 0.61 8.0
761 0.62 8.0
762 0.63 8.0
763 0.64 8.0
764 0.65 8.0
765 0.66 8.0
766 0.67 8.0
767 0.68 8.0
768 0.6900000000000001 8.0
769 0.7000000000000001 8.0
770 0.7100000000000001 8.0
771 0.72 8.0
772 0.73 8.0
773 0.74 8.0
774 0.75 8.0
775 0.76 8.0
776 0.77 8.0
777 0.78 8.0
778 0.79 8.0
779 0.8 8.0
780 0.81 8.0
781 0.8200000000000001 8.0
782 0.8300000000000001 8.0
783 0.8400000000000001 8.0
784 0.85 8.0
785 0.86 8.0
786 0.87 8.0
787 0.88 8.0
788 0.89 8.0
789 0.9 8.0
790 0.91 8.0
791 0.92 8.0
792 0.93 8.0
793 0.9400000000000001 8.0
794 0.9500000000000001 8.0
795 0.9600000000000001 8.0
796 0.97 8.0
797 0.98 8.0
798 0.99 8.0
799 1.0 8.0



